plotting_scripts/clumpdata/30Dor_12_physprop_add.txt
# %ECSV 0.9
# ---
# datatype:
# - {name: # # # _idx, datatype: int64}
# - {name: area_pc2, unit: pc2, datatype: float64, description: projected area of structure}
# - {name: rad_pc, unit: pc, datatype: float64, description: equivalent radius in pc}
# - {name: e_rad_pc, datatype: float64, description: frac error in radius}
# - {name: vrms_k, unit: km / s, datatype: float64, description: rms linewidth in km/s}
# - {name: e_vrms_k, datatype: float64, description: frac error in linewidth}
# - {name: axratio, unit: '', datatype: float64, description: minor to major axis ratio}
# - {name: e_axratio, datatype: float64, description: frac error in axis ratio}
# - {name: mlumco, unit: solMass, datatype: float64, description: CO-based mass with alphascale=3 from 30Dor_12CO21_3p5as.pbcor.fits.gz}
# - {name: e_mlumco, datatype: float64, description: frac error in luminous mass}
# - {name: siglum, unit: solMass / pc2, datatype: float64, description: average surface density from mlumco}
# - {name: e_siglum, datatype: float64, description: same as e_mlumco}
# - {name: mvir, unit: solMass, datatype: float64, description: virial mass}
# - {name: e_mvir, datatype: float64, description: frac error in virial mass}
# - {name: sigvir, unit: solMass / pc2, datatype: float64, description: virial surface density}
# - {name: e_sigvir, datatype: float64, description: same as e_mvir}
# - {name: alpha, unit: '', datatype: float64, description: virial parameter}
# - {name: e_alpha, datatype: float64, description: frac error in virial parameter}
# - {name: 8um_avg, unit: MJy / sr, datatype: float64}
# - {name: e_8um_avg, datatype: float64}
# - {name: flux12, unit: Jy km / s, datatype: float64, description: 12CO flux within the structure}
# - {name: flux13, unit: Jy km / s, datatype: float64, description: 13CO flux within the structure}
# - {name: mlte, unit: solMass, datatype: float64, description: LTE mass using H2/13CO=3000000.0}
# - {name: e_mlte, unit: '', datatype: float64, description: fractional unc in mlte}
# - {name: siglte, unit: solMass / pc2, datatype: float64, description: LTE mass divided by area in pc2}
# - {name: e_siglte, unit: '', datatype: float64, description: 'fractional unc in siglte [same as e_lte]'}
# schema: astropy-2.0
# # # _idx area_pc2 rad_pc e_rad_pc vrms_k e_vrms_k axratio e_axratio mlumco e_mlumco siglum e_siglum mvir e_mvir sigvir e_sigvir alpha e_alpha 8um_avg e_8um_avg flux12 flux13 mlte e_mlte siglte e_siglte
0 0.9254869524769052 0.4290486067484939 0.27316514548913134 0.4772187067015696 0.47635245619855604 0.9519101471439823 0.5214031316388105 8.255030484736448 0.29667676394764614 8.919661657728714 0.29667676394764614 113.59267592276362 0.9176275312523098 122.73827914996806 0.9176275312523098 13.76041870866455 1.0992628110077003 139.69776480538505 0.045336060063287956 0.41797057975649266 0.0956066552878104 nan nan nan nan
[from data line 73]
74 1.2057772866556251 0.5269626870073921 0.3383070084508192 0.39774076724219143 0.46995718200616404 0.7525399179702847 0.742649725948805 25.3707667261095 0.07476052504392175 21.04100567068941 0.07476052504392175 96.91455250379722 1.005067431284874 80.37516842982001 1.005067431284874 3.8199299828042155 1.0100079280406131 252.3157574837668 0.07618417348958932 1.284578387623988 0.24029516205976867 27.197175875500122 0.17435493343364689 22.555720842059404 0.17435493343364689
75 2.543766995093665 0.6936356882339625 0.11518748594192708 1.3129284158651564 0.17218611510885867 0.5205868790005886 0.278291131114098 201.40525407936312 0.05 79.1759836761099 0.05 1390.0244560507604 0.3595518510297011 546.4433097574558 0.3595518510297011 6.901629564753189 0.3716842346048295 151.24723777850303 0.04544001334247199 10.197596961064201 1.4493684081776965 176.01751574439677 0.08624428327795901 69.19561268146558 0.08624428327795901
76 1.5072216083195313 0.6759992758953962 0.21217973988169395 0.9754029493579831 0.34650560133172936 0.3527634576811737 0.45100813682252056 72.35138415013554 0.08619061689335922 48.00314947103454 0.08619061689335922 747.6929318767153 0.7971090893977724 496.0736548292666 0.7971090893977724 10.334189741625206 0.7981561636388589 149.84041201942844 0.062113542321870246 3.6633118428222438 0.3751592288233048 39.50681977322317 0.35778966999812556 26.21168616157984 0.35778966999812556
77 2.5279015044797752 0.7194742055114391 0.1344546038570334 1.3482737698012908 0.18095059710837902 0.44451773223506597 0.2870093165941782 790.3143367927246 0.05 312.6365229785192 0.05 1520.4786101261225 0.40811053732892627 601.4785811202033 0.40811053732892627 1.923890962546081 0.45339142683706846 162.35309367798362 0.0680026862176098 40.0153761765862 3.477402047692011 214.636097745252 0.033726144876610006 84.90682780357086 0.033726144876610006
78 1.126449833586176 0.47776718615369407 0.20988409782829648 0.6880856799562506 0.32107016863033355 0.8294886577224231 0.4420706029966778 98.53644965673308 0.05 87.47522234792432 0.05 262.972462528791 0.6259808364324985 233.45244030228093 0.6259808364324985 2.6687836170766874 0.717561257904183 171.96497315135082 0.11883061410609379 4.989120099760136 0.42984687852531467 27.892490793520558 0.1474118456646105 24.761414101080536 0.1474118456646105
79 3.474542444441867 0.9243897851815784 0.12403293383934813 0.9250574458437097 0.17936077529481545 0.32316504136650587 0.2519809488276324 402.8728387745942 0.05 115.94989706315407 0.05 919.6052872846949 0.40350485200659414 264.6694642501095 0.40350485200659414 2.2826192256639333 0.5221535932243729 228.03776287851088 0.05529668464437977 20.398350098097495 2.938596371006161 242.10644408768997 0.10019905040813716 69.68009398618261 0.10019905040813716
80 1.1476038210713624 0.5067894913110483 0.21395779496248557 0.995432040746138 0.34678735428805707 0.4628484327398897 0.4985146479847149 99.3860022479806 0.08199963894935353 86.60305971724401 0.08199963894935353 583.7941618983951 0.7689589978493494 508.70705654620906 0.7689589978493494 5.874007895415243 0.8129710019539109 223.02240116804975 0.0869202927518183 5.03213523385014 0.7744252507412865 65.87245497896814 0.21058167111449158 57.399996209033134 0.21058167111449158
81 1.575972067646387 0.5567359276386505 0.17365350024080833 0.7213427264391863 0.2530249523411904 0.9071386326975266 0.38884720840069237 213.3006609421829 0.05 135.34545777878773 0.05 336.77626640545685 0.5500778743202358 213.69431179602728 0.5500778743202358 1.5788805572278237 0.6800423349349356 234.8773267093121 0.0739510173808468 10.799888164672153 1.5603908639461401 117.61580422446366 0.10850716482572442 74.63064012302915 0.10850716482572442
82 1.6077030488741668 0.5428865939664742 0.17423336316882504 0.9610531500371209 0.23638806621378036 0.8044791532093749 0.33050888381558513 89.47924225489876 0.14474420628812695 55.656573095111554 0.14474420628812695 582.9252208688587 0.4912631254087462 362.5826431548203 0.4912631254087462 6.514641901059963 0.6450762816692246 55.52843550631874 0.09178527373932069 4.5305336387321224 0.28351391493402917 37.45038520152682 0.8353087906641158 23.29434233999392 0.8353087906641158
83 1.311547224081557 0.5237204495234058 0.18188526543545575 0.9253322205243242 0.2597038517214448 0.5856630649961952 0.47057212668168635 124.13300533422826 0.050200881020768695 94.64623389459378 0.050200881020768695 521.3193163580344 0.5411897267972674 397.48421313849445 0.5411897267972674 4.1996833554007775 0.6002437007279294 172.92406672816122 0.09514322293142526 6.2851303424015885 0.54149615902397 46.36461419522903 0.2548247532934104 35.351082556479795 0.2548247532934104
84 0.7668320463380072 0.41023903631157754 0.2858596474435084 0.5081824708413295 0.4606248847905698 0.8746447149950033 0.6227357309755873 28.494370103638868 0.069736016650068 37.15855413152492 0.069736016650068 123.16441824146149 0.8314025920692562 160.61459459034216 0.8314025920692562 4.322412385095427 0.9365882363345734 154.18248782839095 0.17665580424260846 1.4427333949533314 0.07776414453838998 5.968100897160424 0.5671226556104237 7.782800582814691 0.5671226556104237
85 0.8144285181796767 0.3954718304964107 0.2951288335563439 0.6634354059488837 0.3783165960056758 0.9197437664010604 0.6095240287700935 29.70483386132334 0.2737592312312662 36.47322410531056 0.2737592312312662 202.35864361779997 0.7965476064064677 248.4670405084664 0.7965476064064677 6.812313597258576 0.9880291393867631 74.05152318384741 0.029182551446745603 1.5040219651045006 0.28056521628679737 34.04021074993837 0.5682424091621882 41.796437612500846 0.5682424091621882
86 1.311547224081557 0.5133779752276062 0.225204180272406 0.487315402499984 0.3237569731592342 0.9488834027553787 0.4154186898360733 49.52117401596037 0.15390187324874643 37.75782763036899 0.15390187324874643 141.73151351231556 0.6251457875545621 108.06436162568717 0.6251457875545621 2.862038639605684 0.7892195621835147 181.43337514323574 0.10330313962687213 2.5073674575257745 -0.09463348133200547 -7.747941012673379 -2.354926633444002 -5.907481538149771 -2.354926633444002
87 1.443759645863972 0.5167825679833721 0.21375346809795193 0.7009968227310007 0.29176668353391133 0.922161463860684 0.36080888157425567 32.08675285413839 0.16612863088755375 22.224442237362226 0.16612863088755375 295.22210347775666 0.5682700360045854 204.48147607082504 0.5682700360045854 9.200747262267157 0.6958454912985447 159.07212343320742 0.09135291991810816 1.6246237527598726 -0.012146597136646512 -1.1442348164566876 -8.352874215805384 -0.792538300772326 -8.352874215805384
88 2.67597941687608 0.7028908551573271 0.16885227722319757 1.1955670664841207 0.17111732958538284 0.7161062418966574 0.2618716090536261 51.065448888666026 0.1235088699728461 19.082900476222452 0.1235088699728461 1168.0049818956427 0.39175122015174724 436.47756575764834 0.39175122015174724 22.872705661359248 0.4609932450863898 135.73117936929694 0.15065652225939583 2.5855574976734683 0.1226658950588488 18.352568986764364 1.0346246782905697 6.858262388351636 1.0346246782905697
89 0.9572179337046847 0.45119597316284465 0.2915861004321347 0.4103730543847371 0.41009108920529247 0.9079468665009854 0.679400284491847 5.440144890663092 0.39150495027319265 5.683287681007295 0.39150495027319265 88.33479468653424 0.8334262973121619 92.28284550066398 0.8334262973121619 16.237581252319774 0.9422677127115894 160.60694784090663 0.018774746863342365 0.2754466604986807 0.10459464606864896 nan nan nan nan
