plotting_scripts/clumpdata/30Dor_12_physprop_add.txt
# %ECSV 0.9
# ---
# datatype:
# - {name: # # # _idx, datatype: int64}
# - {name: area_pc2, unit: pc2, datatype: float64, description: projected area of structure}
# - {name: rad_pc, unit: pc, datatype: float64, description: equivalent radius in pc}
# - {name: e_rad_pc, datatype: float64, description: frac error in radius}
# - {name: vrms_k, unit: km / s, datatype: float64, description: rms linewidth in km/s}
# - {name: e_vrms_k, datatype: float64, description: frac error in linewidth}
# - {name: axratio, unit: '', datatype: float64, description: minor to major axis ratio}
# - {name: e_axratio, datatype: float64, description: frac error in axis ratio}
# - {name: mlumco, unit: solMass, datatype: float64, description: CO-based mass with alphascale=3 from 30Dor_12CO21_3p5as.pbcor.fits.gz}
# - {name: e_mlumco, datatype: float64, description: frac error in luminous mass}
# - {name: siglum, unit: solMass / pc2, datatype: float64, description: average surface density from mlumco}
# - {name: e_siglum, datatype: float64, description: same as e_mlumco}
# - {name: mvir, unit: solMass, datatype: float64, description: virial mass}
# - {name: e_mvir, datatype: float64, description: frac error in virial mass}
# - {name: sigvir, unit: solMass / pc2, datatype: float64, description: virial surface density}
# - {name: e_sigvir, datatype: float64, description: same as e_mvir}
# - {name: alpha, unit: '', datatype: float64, description: virial parameter}
# - {name: e_alpha, datatype: float64, description: frac error in virial parameter}
# - {name: 8um_avg, unit: MJy / sr, datatype: float64}
# - {name: e_8um_avg, datatype: float64}
# - {name: flux12, unit: Jy km / s, datatype: float64, description: 12CO flux within the structure}
# - {name: flux13, unit: Jy km / s, datatype: float64, description: 13CO flux within the structure}
# - {name: mlte, unit: solMass, datatype: float64, description: LTE mass using H2/13CO=3000000.0}
# - {name: e_mlte, unit: '', datatype: float64, description: fractional unc in mlte}
# - {name: siglte, unit: solMass / pc2, datatype: float64, description: LTE mass divided by area in pc2}
# - {name: e_siglte, unit: '', datatype: float64, description: 'fractional unc in siglte [same as e_lte]'}
# schema: astropy-2.0
# # # _idx area_pc2 rad_pc e_rad_pc vrms_k e_vrms_k axratio e_axratio mlumco e_mlumco siglum e_siglum mvir e_mvir sigvir e_sigvir alpha e_alpha 8um_avg e_8um_avg flux12 flux13 mlte e_mlte siglte e_siglte
0 0.9254869524769052 0.4290486067484939 0.27316514548913134 0.4772187067015696 0.47635245619855604 0.9519101471439823 0.5214031316388105 8.255030484736448 0.29667676394764614 8.919661657728714 0.29667676394764614 113.59267592276362 0.9176275312523098 122.73827914996806 0.9176275312523098 13.76041870866455 1.0992628110077003 139.69776480538505 0.045336060063287956 0.41797057975649266 0.0956066552878104 nan nan nan nan
1 224.3486142741444 5.608559630810204 0.05 4.875070055680219 0.05 0.6792531142617604 0.022793927939397125 110405.20795507617 0.05 492.11450809393335 0.05 154960.8461639458 0.041894342984911924 690.7145233114312 0.041894342984911924 1.403564641869062 0.06212121987564375 163.16308045382408 0.0203961196499247 5590.061384964776 546.6646077972154 41863.26009360885 0.007396022667655585 186.59914717571527 0.007396022667655585
2 218.84328903112464 5.5893292449605365 0.05 4.854711770313317 0.05 0.677909793496767 0.026665720413076296 109677.39842487592 0.05 501.1686623357101 0.05 153142.4213087715 0.04122945340036422 699.7812086757253 0.04122945340036422 1.3962988136855485 0.06531132695540931 164.78460989746281 0.020240164876114367 5553.211832191421 545.418189261158 41681.52970602768 0.007177831071370752 190.46291019734943 0.007177831071370752
3 217.0028921199134 5.582564124817265 0.05 4.842521290092739 0.05 0.6776277364844157 0.023916537363726603 109397.58321136527 0.05 504.1296092538406 0.05 152189.85855993174 0.038840294055516054 701.326406635324 0.038840294055516054 1.3911628949415475 0.057085303207868324 165.363080110591 0.020183898330164235 5539.044943097997 544.9916426247195 41624.15028925775 0.007096496300140915 191.8138043351823 0.007096496300140915
4 206.88070910825172 5.5558606625316 0.05 4.819562287390005 0.05 0.6762293416468598 0.023233540610557286 108488.9848043523 0.05 524.4035815228413 0.05 150029.0833182473 0.04357408181896524 725.1960995538911 0.04357408181896524 1.3828969234877433 0.06813586221292023 169.04143212736997 0.019593295318093923 5493.039279955643 543.2190133324493 41382.79532242448 0.006804433434730639 200.03216104973157 0.006804433434730639
5 228.4260453619141 5.613605892072284 0.05 4.874625195474708 0.05 0.6806387986118864 0.02323534446738732 110517.50730517208 0.05 483.8218300810231 0.05 155071.9659245015 0.0424094164603102 678.8716482781474 0.0424094164603102 1.4031438973401849 0.06436485242829974 161.3972324208779 0.02069718559461028 5595.747929656693 547.001461662168 41913.40205571065 0.00743346291870173 183.4878417183286 0.00743346291870173
6 197.43545369611599 5.517669109363834 0.05 4.77951555358809 0.05 0.6732510456939299 0.026239880545741053 106895.31705084418 0.05 541.4190564546365 0.05 146531.94915773158 0.03835433600851875 742.1764754736864 0.03835433600851875 1.3707985831412468 0.06257285247791756 171.16963369646442 0.01975244590386345 5412.349194003554 539.0038479774998 40820.82324335081 0.006368954208867006 206.75528370998876 0.006368954208867006
7 174.0761630155989 5.415647633054066 0.05 4.678000236250263 0.05 0.6645521364365875 0.027861252882308653 102277.03459674965 0.05 587.541871471424 0.05 137777.9738433475 0.044898305527027324 791.480990025046 0.044898305527027324 1.347105676133145 0.06491662842563978 175.19278944872516 0.020645006778170914 5178.514293781807 524.5465776738823 39032.46918621161 0.0053941046470948025 224.22638751931777 0.0053941046470948025
8 169.60738315935328 5.391484554119972 0.05 4.655477718521255 0.05 0.6629398853465877 0.029106647978418786 101133.19451878157 0.05 596.2782553148802 0.05 135845.6655071185 0.03895310764255893 800.941934110768 0.03895310764255893 1.343235187551506 0.06141209726167108 175.65493043960515 0.020970975928516326 5120.600199801833 520.3169982907139 38538.244428703576 0.005203775245051807 227.2203232597208 0.005203775245051807
9 162.00252465842877 5.362727884119216 0.05 4.630050842665134 0.05 0.6596490536592647 0.029421409213204585 99785.74918102683 0.05 615.9518155128646 0.05 133649.14849881284 0.03956332599473974 824.9818870452971 0.03956332599473974 1.3393610770647475 0.05684798009965803 176.58157879411615 0.02155137142249032 5052.373761610783 515.5672798139044 37982.682318938765 0.004998110979620371 234.4573481124609 0.004998110979620371
10 158.10490246428319 5.33744228180128 0.05 4.593245815454214 0.05 0.6576448507774451 0.024754964569300042 98533.10595181346 0.05 623.2134767236117 0.05 130912.61056075964 0.042340728282959296 828.0110769514788 0.042340728282959296 1.328615487111317 0.06357372045568846 177.13017838296156 0.02177879161781948 4988.950273863873 511.32155869365505 37520.02369410688 0.0048138701718707586 237.31094424844207 0.0048138701718707586
11 163.77417111031315 5.365939633646789 0.05 4.632026674847197 0.05 0.6600775118824644 0.025288610522725456 99919.77402187373 0.05 610.10703546514 0.05 133843.3510587188 0.04125368480214623 817.243342776964 0.04125368480214623 1.3395081440978716 0.06185143039231717 176.57277413221234 0.021338044522661297 5059.159938263867 515.998219767163 38032.10327357677 0.005019022682774886 232.2228408529666 0.005019022682774886
12 1.1105843429722861 0.4778763098480345 0.18017623821359074 1.0842700552758235 0.2746757140929755 0.714487553191017 0.45258124318842 112.82580442935631 0.08510378361785907 101.59138758196215 0.08510378361785907 653.1295670929829 0.5459032165626296 588.0954213211714 0.5459032165626296 5.788831468087847 0.6075537695509118 179.32200462704614 0.11632594083291804 5.712621962938353 0.23654467441574792 21.87662636048159 0.8249450471754174 19.698302518773676 0.8249450471754174
13 1.1476038210713624 0.4711936629833376 0.27563148202160664 0.3933212102297997 0.5029798650642582 0.9354960119490652 0.6546838680366757 9.79104906620203 0.2179436362929115 8.53173271683729 0.2179436362929115 84.74285476953303 0.9881784447387986 73.8433013323536 0.9881784447387986 8.65513533805678 1.222187630835326 207.98380629870357 0.12390433571420023 0.4957426270138946 0.19069854107000167 27.01322520989137 0.24094741619069476 23.538807307797892 0.24094741619069476
14 147.85050703083908 5.2602457821995925 0.05 4.528589609126381 0.05 0.645169883001747 0.02744496326357233 95595.68708523459 0.05 646.5698968843913 0.05 125412.51690935403 0.04335238824845448 848.2386663929068 0.04335238824845448 1.3119055967193822 0.06760348190575077 177.03763073934897 0.02249542820864735 4840.222566682239 498.73771715361977 36238.63827745377 0.004455253574889085 245.1032397873009 0.004455253574889085
15 140.70574775771735 5.219861473044257 0.05 4.48753316685268 0.05 0.6415781231035359 0.02917259592768572 93406.23436686679 0.05 663.8409294246027 0.05 122203.38503517024 0.0484479113058291 868.5031491790477 0.0484479113058291 1.3083000922101022 0.0676893649030086 178.57526886773357 0.022889024057528136 4729.3658385828785 490.312520207196 35355.09686953141 0.004175471210205832 251.2697415205078 0.004175471210205832
16 139.69564485529972 5.213679403344677 0.05 4.479933159051716 0.05 0.6409449819213049 0.02772226809399332 93090.72277665755 0.05 666.3824264033663 0.05 121645.57244842383 0.04469170548171264 870.7900133495743 0.04469170548171264 1.3067421631291318 0.06137130447150534 178.7807769805077 0.022924975586188934 4713.3902817529315 489.17010974462266 35238.02290232091 0.0041362498886868 252.2485431727048 0.0041362498886868
17 135.94081207667912 5.199061096972849 0.05 4.468829369813536 0.05 0.638854756926303 0.026633719527013756 92408.46646812484 0.05 679.769857605387 0.05 120703.92203265775 0.048215133222480215 887.915263920692 0.048215133222480215 1.3061998174625382 0.06463040601802206 179.80446420956963 0.023226885566460777 4678.846715532329 486.2228852418383 34934.00721510112 0.004050037168489589 256.97953897315364 0.004050037168489589
18 125.89266802121558 5.158104425581631 0.05 4.4131165557060505 0.05 0.633681762214066 0.02802393382726253 89968.33831823901 0.05 714.6431935422755 0.05 116785.74656962857 0.04507568414333759 927.6612244801079 0.04507568414333759 1.298076064898855 0.06032527469071607 182.2170314088335 0.023987496071100466 4555.297339695733 476.2600274083576 33944.809312591 0.003800095909782105 269.63293292720255 0.003800095909782105
19 119.36666288203557 5.131259865089758 0.05 4.3728231087437255 0.05 0.6293584978589287 0.02962062500769456 87902.68541524834 0.05 736.409004766418 0.05 114066.13962376231 0.05337670933015288 955.5946096649153 0.05337670933015288 1.297641125352644 0.07147980331988882 183.39994002654115 0.024737114011956572 4450.709161888169 467.6663541663471 33122.15196531318 0.0036257102906199095 277.48243241118536 0.0036257102906199095
20 111.35459012202124 5.090449066543058 0.05 4.340297017335862 0.05 0.6217567496465674 0.03054293168717014 85673.21609273858 0.05 769.3730092208929 0.05 111481.78470468045 0.046699855697677504 1001.1422482227256 0.046699855697677504 1.301244307018951 0.06406025883156562 184.61248891486042 0.025883600259461903 4337.82556796176 458.19470864384886 32221.75358542104 0.0034571058224417504 289.361700762517 0.0034571058224417504
21 108.80553463005629 5.081480124018946 0.05 4.326274022855905 0.05 0.6211919584504794 0.028158727316295904 84809.70763396383 0.05 779.461338270343 0.05 110567.42474259494 0.054672742910390426 1016.1930192111014 0.054672742910390426 1.3037118960461538 0.07097437255229616 184.48383994963638 0.026318286167769208 4294.105151751671 454.83831331946527 31922.419883377475 0.0033958478294094695 293.38966985379136 0.0033958478294094695
22 103.71800063986893 5.054981293707752 0.05 4.291300710175186 0.05 0.6180176897336666 0.02996680825351053 82668.97128692767 0.05 797.0551955968763 0.05 108219.70988661937 0.058979380379921856 1043.403355434717 0.058979380379921856 1.3090728988390352 0.07537737045488938 184.99245261986044 0.027211192851135015 4185.713846037545 446.26927226951386 31225.19958144496 0.0032488161703281017 301.0586338803958 0.0032488161703281017
23 101.08961769483453 5.043253145372713 0.05 4.264490372202682 0.05 0.6163691885833678 0.031877051012304085 81511.31938077782 0.05 806.3273087731034 0.05 106623.75180055642 0.04726599657771137 1054.7448316841808 0.04726599657771137 1.308085215778027 0.06939274531052471 185.89867367710957 0.027578885216698375 4127.099357790752 442.30072501381756 30905.245674382222 0.003173641851217928 305.72126375705363 0.003173641851217928
24 113.64979776416394 5.100118401932414 0.05 4.346384364678972 0.05 0.6250746609662865 0.030225729579810956 85952.07637880108 0.05 756.2888634184926 0.05 112007.06921325378 0.05569853193577025 985.5456975443194 0.05569853193577025 1.3031339547822582 0.07148784010562556 183.6334845921129 0.025544947628600122 4351.944928758238 459.94384109559763 32425.582699655988 0.003476151722353353 285.3113981508591 0.003476151722353353
25 96.57324136674723 4.974625998168579 0.05 4.276119985775912 0.05 0.6035027025890835 0.030675225199233408 80057.69045188 0.05 828.984191882432 0.05 105747.25831668533 0.053493864138873526 1094.995433725775 0.053493864138873526 1.3208881959971912 0.0686942032774876 180.074505522366 0.026464471228471793 4053.499629592204 432.4104803156454 30253.889965378152 0.003147898180427607 313.27404503785647 0.003147898180427607
26 93.3366812815137 4.961707426471625 0.05 4.246776377588785 0.05 0.6018542844607326 0.02973208126860615 78390.71273332844 0.05 839.870366687813 0.05 104030.06106215647 0.05819982832784724 1114.5678165735328 0.05819982832784724 1.3270712490655445 0.07220654884509403 181.0206575045522 0.02703211974733349 3969.0962874223255 426.52447240194454 29778.14672830262 0.003049597605831013 319.04012784093374 0.003049597605831013
27 92.8977360411961 4.961350956296054 0.05 4.230854849692433 0.05 0.6016753573428847 0.02856513346330663 78019.27336828328 0.05 839.8404169256087 0.05 103244.07005051452 0.060447785225589 1111.3733708723566 0.060447785225589 1.3233149399272122 0.07699633925194531 181.10588948625573 0.027103228482528125 3950.2897723960837 425.13337058948383 29675.74237286587 0.0030344806221276077 319.44527000858204 0.0030344806221276077
28 90.19002564309224 4.945101989580328 0.05 4.191974010235973 0.05 0.6005279593039623 0.030036668016168548 76887.4477355046 0.05 852.5049991644336 0.05 101023.24893384844 0.05659620957190396 1120.115536208254 0.05659620957190396 1.3139108126123762 0.06924089091339293 182.424358890549 0.027435316645927934 3892.983176466169 421.585841301868 29406.50845076619 0.0029738269446647706 326.05056092495374 0.0029738269446647706
29 88.2227048069699 4.922495476038336 0.05 4.191647051279539 0.05 0.6066114018154594 0.028018386900662436 76312.16032398476 0.05 864.9945667722923 0.05 100545.7353145329 0.05543307564041035 1139.680941935816 0.05543307564041035 1.3175584977238755 0.07500944615940575 182.44298345217106 0.027786860540016188 3863.8548115694616 418.7880389340795 29211.879026702092 0.0029584856539404823 331.11520544079093 0.0029584856539404823
30 83.76979044133816 4.9122792930177095 0.05 4.140613527109016 0.05 0.6098995933065867 0.03071384978571593 74753.2909299542 0.05 892.3657387241766 0.05 97908.71706191241 0.055529961121128596 1168.783120335909 0.055529961121128596 1.3097579497022473 0.07146209196166028 179.69273457165522 0.028141698435601117 3784.925432981521 411.60743408863055 28672.230798975528 0.0029137146173449694 342.27411394867886 0.0029137146173449694
31 83.2356522573372 4.9116595242428955 0.05 4.120819676697797 0.05 0.6100432847486742 0.03131484860779081 74264.34197257295 0.05 892.2179373686181 0.05 96962.63088467905 0.061531455610230594 1164.9170548324962 0.061531455610230594 1.3056418236424818 0.08323521856581108 179.80195788256069 0.028255266647943273 3760.168807253024 409.7479257221639 28535.659207986944 0.002893007560935076 342.8297662612662 0.002893007560935076
32 0.5976001464565159 0.3511801621290571 0.3916931291989953 0.8072304240070926 0.6805043401484433 0.7587309935357563 0.7548651768387374 36.078207297605566 0.11831292664480514 60.371818031725965 0.11831292664480514 266.032033531402 1.3439778149364812 445.1672830216746 1.3439778149364812 7.373759769628521 1.3630415585583973 284.6835932098659 0.09491964117055326 1.826720176972824 0.04708698105715663 3.7671130753734796 1.929375689291366 6.303735194361422 1.929375689291366
33 66.93121640312978 4.344626074671892 0.05 3.650967434132483 0.05 0.5384782039019176 0.05550942724119478 58636.96974777501 0.05 876.0780529462046 0.05 67325.13581213869 0.06433159057078502 1005.8854362758972 0.06433159057078502 1.1481687423776423 0.07491485540798735 175.06795007866617 0.03462262180921562 2968.920744218271 305.0471890738135 21208.86502219422 0.0030203559145269526 316.87553524281185 0.0030203559145269526
34 2.13126423913253 0.7801864556901442 0.2776457316153937 1.116084732626194 0.2609235041730061 0.43326683545208505 0.528520316479485 36.70710214685914 0.19773255076606142 17.22315866464297 0.19773255076606142 1129.8002243596432 0.5163942637021544 530.1080005074809 0.5163942637021544 30.778790977274543 0.6099496529643832 140.12172683829408 0.051533954892690054 1.8585623215476412 0.1286489547039689 8.823017188217662 1.723024131654426 4.139804453252037 1.723024131654426
35 61.2936787383276 4.314663769386695 0.05 3.5467249055216095 0.05 0.5411159985156055 0.057466524235689195 54880.29262562821 0.05 895.3662719433247 0.05 63097.31554007444 0.0633703303090175 1029.4261470166746 0.0633703303090175 1.1497262955665988 0.0830794765120056 176.76732354692203 0.03681927828562702 2778.711419650434 291.3974498922302 20275.244017794572 0.002835430245936986 330.7884994854493 0.002835430245936986
36 42.38201392657096 3.9122534570454164 0.05 3.15030699508488 0.05 0.709500631643623 0.06409656778387263 38514.95207621731 0.05 908.7570058125709 0.05 45137.931546266336 0.10131972530808604 1065.0256409350943 0.10131972530808604 1.171958657950367 0.11367352296095003 197.73672617502697 0.04626399690794788 1950.097905782745 223.85521413792912 15876.51894472412 0.0024921196586206538 374.6051089556766 0.0024921196586206538
37 0.5076956996444736 0.33545492243738523 0.22783342958683955 0.9480124814224231 0.38865250619475644 0.8537203162262395 0.625717819190123 23.875280500804926 0.09277827033425344 47.02675346181616 0.09277827033425344 350.4864197578789 0.7362341484116586 690.3474266244832 0.7362341484116586 14.679886996345976 0.8150322144477172 218.01515422147864 0.15040758583097566 1.208858645900232 0.12296182063852942 17.82723842333911 0.38670386801401074 35.11402289958941 0.38670386801401074
