plotting_scripts/clumpdata/30Dor_12_physprop_add.txt
# %ECSV 0.9
# ---
# datatype:
# - {name: # # # _idx, datatype: int64}
# - {name: area_pc2, unit: pc2, datatype: float64, description: projected area of structure}
# - {name: rad_pc, unit: pc, datatype: float64, description: equivalent radius in pc}
# - {name: e_rad_pc, datatype: float64, description: frac error in radius}
# - {name: vrms_k, unit: km / s, datatype: float64, description: rms linewidth in km/s}
# - {name: e_vrms_k, datatype: float64, description: frac error in linewidth}
# - {name: axratio, unit: '', datatype: float64, description: minor to major axis ratio}
# - {name: e_axratio, datatype: float64, description: frac error in axis ratio}
# - {name: mlumco, unit: solMass, datatype: float64, description: CO-based mass with alphascale=3 from 30Dor_12CO21_3p5as.pbcor.fits.gz}
# - {name: e_mlumco, datatype: float64, description: frac error in luminous mass}
# - {name: siglum, unit: solMass / pc2, datatype: float64, description: average surface density from mlumco}
# - {name: e_siglum, datatype: float64, description: same as e_mlumco}
# - {name: mvir, unit: solMass, datatype: float64, description: virial mass}
# - {name: e_mvir, datatype: float64, description: frac error in virial mass}
# - {name: sigvir, unit: solMass / pc2, datatype: float64, description: virial surface density}
# - {name: e_sigvir, datatype: float64, description: same as e_mvir}
# - {name: alpha, unit: '', datatype: float64, description: virial parameter}
# - {name: e_alpha, datatype: float64, description: frac error in virial parameter}
# - {name: 8um_avg, unit: MJy / sr, datatype: float64}
# - {name: e_8um_avg, datatype: float64}
# - {name: flux12, unit: Jy km / s, datatype: float64, description: 12CO flux within the structure}
# - {name: flux13, unit: Jy km / s, datatype: float64, description: 13CO flux within the structure}
# - {name: mlte, unit: solMass, datatype: float64, description: LTE mass using H2/13CO=3000000.0}
# - {name: e_mlte, unit: '', datatype: float64, description: fractional unc in mlte}
# - {name: siglte, unit: solMass / pc2, datatype: float64, description: LTE mass divided by area in pc2}
# - {name: e_siglte, unit: '', datatype: float64, description: 'fractional unc in siglte [same as e_lte]'}
# schema: astropy-2.0
# # # _idx area_pc2 rad_pc e_rad_pc vrms_k e_vrms_k axratio e_axratio mlumco e_mlumco siglum e_siglum mvir e_mvir sigvir e_sigvir alpha e_alpha 8um_avg e_8um_avg flux12 flux13 mlte e_mlte siglte e_siglte
0 0.9254869524769052 0.4290486067484939 0.27316514548913134 0.4772187067015696 0.47635245619855604 0.9519101471439823 0.5214031316388105 8.255030484736448 0.29667676394764614 8.919661657728714 0.29667676394764614 113.59267592276362 0.9176275312523098 122.73827914996806 0.9176275312523098 13.76041870866455 1.0992628110077003 139.69776480538505 0.045336060063287956 0.41797057975649266 0.0956066552878104 nan nan nan nan
[from data line 38]
39 1.2798162428537776 0.5146401709487612 0.12722571847123793 3.0176945898058025 0.19451857652997243 0.6162839206469954 0.2861373649985999 1087.5726226873676 0.05 849.7881072850438 0.05 5448.327016840809 0.45503101809869306 4257.116634722454 0.45503101809869306 5.009621337633633 0.47317279836399784 178.074701530055 0.07772631947919957 55.06622745701694 2.903051653543103 174.37635387790456 0.03811771542989718 136.25108670997508 0.03811771542989718
40 0.6134656370704058 0.3562730023572552 0.3080711722327859 0.7677778960190075 0.4577643962896399 0.8316024929746356 0.6694457164648342 43.080156463226025 0.05953814287618258 70.22423728402221 0.05953814287618258 244.15354746903412 0.9201562314328141 397.99058450117116 0.9201562314328141 5.667424807926309 0.9498682222448681 132.3204534464869 0.01954679156982645 2.181244393879759 0.008938659305793755 0.9784292513392745 5.571986155241633 1.5949210391176039 5.571986155241633
41 1.5125101051908278 0.5796190461000433 0.16080271563893167 1.2450410510948802 0.24223871799288305 0.6330688878560412 0.40819942272142384 265.7684116329636 0.05 175.71347835684878 0.05 1044.5251600300437 0.49594816151799054 690.5905332105267 0.49594816151799054 3.9302080845957463 0.5795713648798209 139.52492893992604 0.12525742656801753 13.456447385139107 0.48170846605734097 34.855509381337605 0.2838800515679584 23.04481091512444 0.2838800515679584
42 1.2322197710121081 0.5547401334781696 0.2395890909111121 0.7217489689687246 0.3358345644439019 0.33872975806773536 0.45001546767836387 78.57584872686819 0.05 63.7677227515416 0.05 335.9470613611444 0.6956897530471978 272.63566878594037 0.6956897530471978 4.2754493499510975 0.7462524486332148 223.08610174005682 0.11473343499802853 3.9784703595906024 0.3029049160848988 23.209375180925424 0.18826715899464477 18.835418589219636 0.18826715899464477
43 7.414472613557835 1.2042001739933665 0.05936728238927787 2.0234900807290153 0.0881150286024056 0.4722335011370796 0.10794278976673362 6885.393593809747 0.05 928.642393421127 0.05 5732.047237631218 0.18016577666740513 773.0890026014534 0.18016577666740513 0.8324937651762662 0.21548912503718373 148.29949741662824 0.041297401508309274 348.62281258228154 33.03150422455393 2160.668469312029 0.010195495523132777 291.41229348680974 0.010195495523132777
44 3.400503488243714 0.9270551140839574 0.11775799785439332 0.8308742183493173 0.20202686826331842 0.5633785463411838 0.24286233606157512 407.0469854980828 0.05 119.70197557665607 0.05 744.0207298535717 0.39777480271859283 218.79722588899392 0.39777480271859283 1.8278497479674272 0.45781576592150763 251.42328378307076 0.06311613153710205 20.609697430196864 2.9716960719102454 226.58446250006835 0.035082803422559074 66.6326216936464 0.035082803422559074
45 1.443759645863972 0.5621717308936054 0.21000309613517865 0.9282416101447633 0.2839899863622193 0.5766527213602002 0.47162033920987384 178.13562512915348 0.05 123.38315843601092 0.05 563.118744310287 0.6560665254343563 390.0363512191854 0.6560665254343563 3.16117982521469 0.7433191785011765 301.5733854505751 0.16932043290594948 9.019404066877579 1.270104151910812 81.89634436974467 0.050320408869648774 56.724361706852115 0.050320408869648774
46 20.900139635364166 2.5999054238067716 0.05 2.510387691235763 0.059080710920732055 0.2704748289907361 0.07335072726582226 20079.09381182121 0.05 960.7157732978156 0.05 19047.941967249204 0.12750590618545524 911.3786940934623 0.12750590618545524 0.9486454989335756 0.15026944110901996 299.8392150735692 0.049067789994369775 1016.6492830010841 135.93265315200043 10110.933324391248 0.0024599820974413153 483.77348193803465 0.0024599820974413153
47 0.7721205432093037 0.42419071841568823 0.24945539539880834 0.49152820134075387 0.42767137452552806 0.6412341937052147 0.6529188422267412 195.04860356463402 0.05 252.61418735722066 0.05 119.14256838610162 0.8044020014293178 154.305657884568 0.8044020014293178 0.6108352800722353 0.8856213527414931 232.58975179571854 0.1662138002401226 9.875745494667266 0.9715157602293084 59.89458271466804 0.04113502847193803 77.57154403082892 0.04113502847193803
48 18.107813287319562 2.5347775456840984 0.05 2.2757827347521844 0.058969398918071 0.2619013832480849 0.07373664167521245 17893.280969317377 0.05 988.1524999955452 0.05 15261.961843916348 0.13742813313397872 842.8384809227025 0.13742813313397872 0.8529437317888708 0.1638771871648687 313.48395881099975 0.04757027532160746 905.9767270523905 124.70397708009915 9395.814088225874 0.0024218199075636587 518.8817633107318 0.0024218199075636587
49 15.452987857928665 2.190504376307437 0.05 2.2123958525304612 0.07009458289860851 0.3138724266973289 0.1077805808130613 15677.941995146139 0.05 1014.5573231070684 0.05 12464.610499687022 0.15051884485765044 806.6149157874114 0.15051884485765044 0.795041243522016 0.1810515062534886 317.81279355167004 0.049851139091580315 793.8091361175926 110.79116954274227 8428.175677884487 0.002473043487285935 545.4075131211686 0.002473043487285935
50 0.5764461589713296 0.36828609575977117 0.33247943033133354 0.7589636699495235 0.5978603227464079 0.3767900996641921 0.835542281234292 133.43916313811587 0.05 231.48590906779322 0.05 246.62449761328082 1.2275131604750753 427.83613660186967 1.2275131604750753 1.8482167589586331 1.254608440266552 295.35838861748726 0.24237726452131986 6.756322097667662 0.8630866031755052 53.75607856270973 0.03805004704666041 93.25429222850173 0.03805004704666041
51 13.808265330955425 1.7407779847698621 0.05 3.4900124294448363 0.0510220823676246 0.3922476723428422 0.06890959445730896 13395.517281667524 0.05 970.1086241178607 0.05 24649.39410216651 0.11773627769401425 1785.1188046703735 0.11773627769401425 1.840122601006272 0.1440735710551109 195.4923796161729 0.046608354612665034 678.2448922339815 96.44861293716366 6741.836571307082 0.006656996412728981 488.2464531003185 0.006656996412728981
52 1.6711650113297258 0.5775870396760306 0.1313800095056299 1.2172990173137315 0.20181693518574653 0.7906011825711186 0.31368271228448125 1414.8111137230856 0.05 846.6016845322398 0.05 994.9949992709561 0.3932202296185798 595.3900378031793 0.3932202296185798 0.7032705564862434 0.4753016469389951 nan nan 71.63504072588573 9.681805879571762 695.5064356280076 0.010015455189849325 416.1805871429785 0.010015455189849325
53 14.305384036857307 2.1756142398800047 0.05 2.1352718884900623 0.06439614594244682 0.31233262339478257 0.11969495212876281 15023.66924600202 0.05 1050.2108302226684 0.05 11531.801899474767 0.15328922360397623 806.116205602275 0.15328922360397623 0.7675755975886862 0.1748562183887541 331.61624502628405 0.04751751988479324 760.6818591365623 107.11261821950941 8193.398763323668 0.0024688277955549104 572.7493048920372 0.0024688277955549104
54 7.71591693522174 1.2262056602729816 0.06415899998065135 2.274278598656778 0.0760705412549611 0.7883670156170945 0.13087935665112999 10502.528929917611 0.05 1361.1511137419716 0.05 7373.260216560411 0.1655339959837478 955.5909269710818 0.1655339959837478 0.7020461705710581 0.19983672601584027 nan nan 531.7664617053326 78.31388346912962 6181.2802679653105 0.002693970841318383 801.107673897953 0.002693970841318383
55 4.6961852217113815 0.9711462993959559 0.09794917776343195 1.351349900544541 0.18877049724260545 0.5272480149490254 0.18947537034799125 1330.5595130926565 0.05 283.3277331015864 0.05 2061.717717896571 0.37686050092821755 439.01967672928384 0.37686050092821755 1.5495118388988576 0.43530474148866255 264.1190960858319 0.10069796823894583 67.36920054430918 9.446414031427693 616.409616167552 0.03571187742396336 131.25751797816022 0.03571187742396336
56 5.156284449514186 1.0641386736852785 0.08871837769891988 1.1694735503816283 0.15264520734020953 0.37910541597866815 0.19618357699743022 3218.194931633479 0.05 624.1306047296692 0.05 1691.9516581127193 0.3315739117196559 328.1338868479475 0.3315739117196559 0.5257455480653327 0.38681882720818284 338.3498014970259 0.07167894929613988 162.94437946563943 21.66789409054124 1546.746680651873 0.005828600092749083 299.9731096676802 0.005828600092749083
57 8.916405725006069 1.684060086207621 0.05704350654928805 1.8024865324491441 0.09506655761425702 0.647298654930983 0.1388104458415945 7133.603412619573 0.05 800.0537024255609 0.05 6360.7826426363945 0.1895597903496495 713.3796777324268 0.1895597903496495 0.8916647414662786 0.21099379286391587 168.83052799235975 0.04294675159726958 361.1902394598911 41.457256505969035 2843.4136717691813 0.005494577142834573 318.89684694302605 0.005494577142834573
58 7.398607122943945 1.2429776531729317 0.05821949841278786 3.14296971639477 0.06923066661685032 0.40151188148495126 0.10545442037021216 8729.138904706055 0.05 1179.835441949063 0.05 14274.227994292203 0.15179453815274668 1929.3128770179126 0.15179453815274668 1.6352389565706966 0.18519469799864052 213.8901164864028 0.05148075691257517 441.9757600718714 72.40866713511818 5184.187029504181 0.006081071360794974 700.697704764916 0.006081071360794974
59 0.6822160963972616 0.3761608153972068 0.25528800327315887 0.8980757023576252 0.4199781609242149 0.5128700865878778 0.6240199445160146 147.41088036780667 0.054466927768562934 216.07652054279262 0.054466927768562934 352.70235701876226 0.9139049292858693 516.9950678111529 0.9139049292858693 2.392648060568734 0.9845193601473742 212.9892096704291 0.11652492021945084 7.463741809657909 1.2714427406294553 83.77023649353497 0.13117936018179968 122.79135150272779 0.13117936018179968
60 3.8077177473335526 0.8291053497161698 0.07264448619586761 2.790607705689594 0.1144982550009062 0.6235920975013984 0.1471761336059272 5719.131196669574 0.05 1501.9840167182915 0.05 7506.132236284594 0.23241132243220963 1971.2942855443912 0.23241132243220963 1.3124602283395153 0.26902192984120055 219.51074119144016 0.06344276388158196 289.57238723457715 50.79482565039804 3775.5411335454005 0.00657317407278535 991.5496326347496 0.00657317407278535
61 3.9822381440863404 1.04143113873194 0.129055581912196 1.029600211220315 0.17886826612983403 0.6767053724905109 0.232154283153018 89.07009385323518 0.12639876551025403 22.366842622283922 0.12639876551025403 1283.4433983411643 0.3937950376775135 322.29197549299994 0.3937950376775135 14.409363938203008 0.428755150267177 80.06598476394714 0.06329674595091941 4.509817647371347 0.2871942144055368 42.83778049357261 0.7342234191980601 10.757212136392972 0.7342234191980601
62 2.5226130076084785 0.7485223859507117 0.18063558831462492 0.7595625112199881 0.2211988268527365 0.5915498310864501 0.34574677429946443 62.65738139570056 0.1432911282515843 24.838285225168903 0.1432911282515843 502.042810464881 0.4673602309882947 199.01697523586242 0.4673602309882947 8.01250865072587 0.572522022515447 76.86210324429366 0.07149577319456712 3.172482807942051 0.18772686013482642 29.508031416409068 0.933914184503263 11.69740714386614 0.933914184503263
63 1.0153913992889472 0.4771004123006022 0.22764916387632977 1.1104293624873198 0.2640553022294584 0.478951575617301 0.49108370917257926 61.710295424278755 0.05 60.774884903981764 0.05 683.9125631034033 0.6042603787462367 673.5457515026519 0.6042603787462367 11.082633106862923 0.59740860797969 167.7949358622233 0.03865682159159628 3.1245298196704536 0.2570945517116832 27.66137968948822 0.21988324640818865 27.24208586842353 0.21988324640818865
64 2.4591510451529195 0.7306343594120938 0.11332419384326 1.703913300221167 0.1936101703060352 0.4538720976263186 0.256571370760607 1991.2731669405628 0.05 809.7400811818526 0.05 2466.062011677 0.3987586065579068 1002.8103058320481 0.3987586065579068 1.2384348127715263 0.4335007986129936 180.00867066293392 0.07972691254891855 100.82259995606258 11.483668931342896 764.1539232235621 0.009557878511706528 310.73891322362596 0.009557878511706528
65 0.46538772467410083 0.31154185402880546 0.299318071393658 0.8299762784961549 0.44541594731840384 0.8132974024662175 0.6994309990564402 30.709762493701547 0.20836406113453612 65.98747853782953 0.20836406113453612 249.4920294197167 0.893051323173999 536.0949938987532 0.893051323173999 8.124192737436069 0.9091701738026395 170.1580312902277 0.12914790493589867 1.5549038045051713 0.3018254595924535 34.48222473687684 0.41940645573854035 74.0935415970068 0.41940645573854035
66 0.6980815870111513 0.3647005316297023 0.27476031822179714 0.9203624716390777 0.34066399370191863 0.6501573532082333 0.7451701976019981 22.450505565605734 0.1783758362701219 32.16028897385472 0.1783758362701219 359.1394517870063 0.7068350157049618 514.4663008870757 0.7068350157049618 15.996942729753462 0.7586979280540069 241.38191650853014 0.07604770893232986 1.136719138547834 0.1637663847946966 18.799305256484388 0.5185468258161345 26.929954329513183 0.5185468258161345
67 2.1577067234890133 0.6571207352355799 0.11125368573405027 1.5171501177284932 0.16119648059679703 0.6055820699082958 0.2584346273556168 1111.6547065646678 0.05 515.2019477267612 0.05 1758.3737722253234 0.3499549478715258 814.927141433768 0.3499549478715258 1.5817625399699904 0.3882141205602257 217.48188037498323 0.10181060683261246 56.28555781376115 8.9035224004134 574.1342314780355 0.013227595962598947 266.0853883560506 0.013227595962598947
68 1.5442410864186074 0.5468004814794561 0.17061923972988385 0.8133213033794986 0.2485304024850526 0.7744754103564248 0.41251234324921543 298.47351256218 0.05 193.28168068264367 0.05 420.49622352374814 0.4908225402218381 272.2995957185415 0.4908225402218381 1.4088225783054955 0.5874935824140473 198.3614888745685 0.10844719931066633 15.112378146087059 1.7873541538244901 118.60232905644907 0.07072018449655683 76.8029876290306 0.07072018449655683
69 2.6283829450344105 0.7332095564082068 0.13117692262313355 1.0345261071696905 0.2044280633201414 0.83684648430877 0.30612885231512643 2020.8619273900542 0.05 768.8612997614765 0.05 912.2627506553919 0.4232475697168531 347.0813689378313 0.4232475697168531 0.4514226025493886 0.4572694565929523 160.919220861055 0.03761665969994119 102.32074048429686 14.484241073028851 1098.9074021342774 0.007288542150749356 418.0925782562824 0.007288542150749356
70 0.8144285181796767 0.3914302466831389 0.32291779156994993 0.7041271465087148 0.34182878451734505 0.7697358225410892 0.6862094337536286 9.955653231565716 0.3518945318789727 12.22409703164315 0.3518945318789727 225.61370286692363 0.7878062783579037 277.0208776224968 0.7878062783579037 22.66186834949067 0.7978322032491407 91.34789048232041 0.04160619020231635 0.5040769569258636 0.02969679174279904 nan nan nan nan
71 1.1476038210713624 0.4888715440284548 0.20113177928222564 0.7263552986908774 0.3289854006405188 0.9129640008861873 0.42713584776263475 226.09356387244853 0.05 197.0136032323207 0.05 299.8485081290119 0.6300018820230185 261.28224969579134 0.6300018820230185 1.3262142583509033 0.7722456410037811 231.73295051820816 0.12022896128430652 11.447620707159185 0.8637179110788239 54.280814941450295 0.226020978200057 47.29926299023268 0.226020978200057
72 1.0418338836454302 0.47406183663674706 0.2784240990045406 0.5758392560555106 0.3247327267934777 0.6814537312723541 0.5567155558573251 16.63582228858222 0.17005048859509553 15.967826109065125 0.17005048859509553 182.74539700505852 0.7033575456959955 175.40742326945923 0.7033575456959955 10.985053448814698 0.7255430825246385 143.89934791526213 0.16553675870311274 0.8423087867254967 0.17748388217255673 25.77372921932399 0.3421208155759989 24.738808771644468 0.3421208155759989
