plotting_scripts/clumpdata/A439_13_physprop_add.txt
# %ECSV 0.9
# ---
# datatype:
# - {name: # # _idx, datatype: int64}
# - {name: area_pc2, unit: pc2, datatype: float64, description: projected area of structure}
# - {name: rad_pc, unit: pc, datatype: float64, description: equivalent radius in pc}
# - {name: e_rad_pc, datatype: float64, description: frac error in radius}
# - {name: vrms_k, unit: km / s, datatype: float64, description: rms linewidth in km/s}
# - {name: e_vrms_k, datatype: float64, description: frac error in linewidth}
# - {name: axratio, unit: '', datatype: float64, description: minor to major axis ratio}
# - {name: e_axratio, datatype: float64, description: frac error in axis ratio}
# - {name: mlumco, unit: solMass, datatype: float64, description: CO-based mass with alphascale=2.4 from A439_12CO_3p5as.pbcor.fits.gz}
# - {name: e_mlumco, datatype: float64, description: frac error in luminous mass}
# - {name: siglum, unit: solMass / pc2, datatype: float64, description: average surface density from mlumco}
# - {name: e_siglum, datatype: float64, description: same as e_mlumco}
# - {name: mvir, unit: solMass, datatype: float64, description: virial mass}
# - {name: e_mvir, datatype: float64, description: frac error in virial mass}
# - {name: sigvir, unit: solMass / pc2, datatype: float64, description: virial surface density}
# - {name: e_sigvir, datatype: float64, description: same as e_mvir}
# - {name: alpha, unit: '', datatype: float64, description: virial parameter}
# - {name: e_alpha, datatype: float64, description: frac error in virial parameter}
# - {name: 8um_avg, unit: MJy / sr, datatype: float64}
# - {name: e_8um_avg, datatype: float64}
# - {name: flux12, unit: Jy km / s, datatype: float64, description: 12CO flux within the structure}
# - {name: flux13, unit: Jy km / s, datatype: float64, description: 13CO flux within the structure}
# - {name: mlte, unit: solMass, datatype: float64, description: LTE mass using H2/13CO=3000000.0}
# - {name: e_mlte, unit: '', datatype: float64, description: fractional unc in mlte}
# - {name: siglte, unit: solMass / pc2, datatype: float64, description: LTE mass divided by area in pc2}
# - {name: e_siglte, unit: '', datatype: float64, description: 'fractional unc in siglte [same as e_lte]'}
# schema: astropy-2.0
# # _idx area_pc2 rad_pc e_rad_pc vrms_k e_vrms_k axratio e_axratio mlumco e_mlumco siglum e_siglum mvir e_mvir sigvir e_sigvir alpha e_alpha 8um_avg e_8um_avg flux12 flux13 mlte e_mlte siglte e_siglte
0 148.06322212725343 6.682744919035184 0.05 1.8645372510498819 0.05 0.587315418510468 0.04167543976760028 19391.416094634285 0.05 130.96713563323829 0.05 27008.839792023384 0.049648752722289795 182.41423767483965 0.049648752722289795 1.3928245188600168 0.05969058130633353 3.103000307026358 0.01205473241397867 306.83378507786085 34.870827811592356 17823.732773325082 0.0036567675837891256 120.37920367561917 0.0036567675837891256
[from data line 36]
37 3.540354849952185 1.116196365371262 0.13616311835997044 0.5351424438479868 0.19934674670435712 0.4027502764935075 0.28843122090224216 176.7741760830444 0.05 49.931202824324764 0.05 371.61078931641674 0.4568514574452061 104.96427761229516 0.4568514574452061 2.1021780304711624 0.46919299251766317 3.6522361549599043 0.0296291929279304 2.797128911038571 0.3203275722169103 156.40501451372293 0.03892296233843032 44.17777910477965 0.03892296233843032
38 1.9391155194758856 0.6685567912153418 0.25058406860648685 0.18150731463358946 0.46818411553256745 0.8421521612692677 0.5644092849860788 89.57033910017614 0.05 46.191337339399816 0.05 25.605631041161168 0.9684555365599408 13.204799190139013 0.9684555365599408 0.28587176623863886 1.0352029131536542 2.789124785047589 0.03607664782512205 1.4172871986591074 0.19545195625309097 102.68789764059748 0.03956149508939801 52.95604960572566 0.03956149508939801
39 12.1635428039851 1.583561994967257 0.05640317866691627 0.631498736264453 0.08714450946218302 0.20491133103851603 0.10540426494563084 1087.18557402671 0.05 89.38066742121539 0.05 734.1570225781265 0.1701806957077362 60.35717014434291 0.1701806957077362 0.6752821598422808 0.21156941033854704 3.127522575106598 0.019964123840192145 17.20272682972374 1.6186679478243766 771.4294328529108 0.021171886792786223 63.421442690214406 0.021171886792786223
40 1.7040712140848693 0.6016881775020033 0.19107503156817757 0.279652861605682 0.2850373504441063 0.4971528096161339 0.3909144085810016 103.9667832592434 0.05 61.0108206745786 0.05 54.703980557949805 0.6045725801124355 32.10193336158623 0.6045725801124355 0.5261678667266665 0.6690487200080848 3.8446054890238006 0.01771472340367102 1.6450845950365423 0.1790123158316095 89.00900258591909 0.05203427593146567 52.233147212523775 0.05203427593146567
41 2.1888500939538407 0.9805781373521552 0.2698902498635925 0.3689296611697641 0.4021125444883476 0.2326988398000259 0.44608896140009696 88.46229761410082 0.05 40.4149639385795 0.05 155.15946292844308 0.9956819495303267 70.88629018361416 0.9956819495303267 1.7539614854375067 1.0362366772143063 3.2748134936262296 0.08314730218196734 1.3997545100117945 0.2874325275826592 161.0418323721399 0.024626034102377133 73.57371471759456 0.024626034102377133
42 9.298940332032087 1.4669424305906626 0.0702376832613479 0.6000333425518051 0.11504259204100435 0.1968685328734636 0.15633964318414448 761.3505396965676 0.05 81.87497849340329 0.05 614.0061961243765 0.26280272942491956 66.02969523412335 0.26280272942491956 0.8064697719516762 0.28245038907088993 3.1572028264803533 0.021160768140170493 12.046983473018926 1.2739070343838115 614.4524691892229 0.021648398659596575 66.07768705350401 0.021648398659596575
43 4.436461264255435 0.9526033325097812 0.1174605282901975 0.47618838056310087 0.13945670721255687 0.34549456990241056 0.21614321388462768 367.1820884964509 0.05 82.76463303192494 0.05 251.11843726183366 0.29883111729023687 56.60332014731983 0.29883111729023687 0.6839070998537036 0.35058654699528896 3.2823514196256927 0.022497080545516444 5.809986590045556 0.7172576422341835 353.60277878947375 0.025648051683756026 79.70379041477294 0.025648051683756026
44 27.58832534527055 2.8229015617482838 0.05 1.1057314740658466 0.06513179451645539 0.47833811077957966 0.09128550407505899 1816.97265341086 0.05 65.86020103327303 0.05 4012.3978866934845 0.15387932598603363 145.43825464133607 0.15387932598603363 2.2082874385375724 0.17408002031412811 3.2767176248521976 0.014175070379791132 28.750277229014046 2.9098652651770522 1332.4177855150942 0.0165958878432616 48.29643585972534 0.0165958878432616
45 24.635581258795913 2.7486731258772794 0.05 1.0851097306707578 0.06674484908223036 0.5019738941782104 0.09402669148978517 1639.0548174596386 0.05 66.53201319836644 0.05 3762.524424798898 0.15259742982790614 152.727243789124 0.15259742982790614 2.2955452036866055 0.1812002255409689 3.303540831601684 0.013599658748367507 25.93505246180848 2.691427827770101 1235.0029143845704 0.01684625167437879 50.130861594492465 0.01684625167437879
46 25.987086014794254 2.773221327539397 0.05 1.1012720456229557 0.06779958997245046 0.4869490815086287 0.09984068875721511 1695.082904959159 0.05 65.2278945009133 0.05 3910.0533018741003 0.16706894215427717 150.46139839026722 0.16706894215427717 2.3067032830281 0.1892470480802017 3.276636932447443 0.014693271082483333 26.821594332086953 2.7872292851768643 1278.1622874945301 0.016653704404008478 49.18451752408415 0.016653704404008478
47 17.525491020717663 2.244999594084087 0.06221911167603648 0.4445392690405145 0.10456572311189755 0.5374905170980001 0.12652413070004853 1752.3484871085757 0.05 99.98855296191397 0.05 515.7573721907074 0.2224405385310956 29.42898270758906 0.2224405385310956 0.29432351840113813 0.24499340890528173 2.806391833514 0.022588223388894588 27.72771868959728 5.286807116094096 2875.2478334074262 0.006286678414548545 164.06090020578984 0.006286678414548545
48 14.675578817851589 1.4769503063231835 0.05295748493357834 0.6441610378425506 0.08105256511545939 0.36768829251739193 0.10551444272630961 1585.096942632189 0.05 108.00916013643386 0.05 712.4652792435234 0.20617789780089865 48.547678295105484 0.20617789780089865 0.44947741685780673 0.28602687341629657 2.8073535313954703 0.007288357174739991 25.081266138648225 4.28772896303046 2234.683786202641 0.009109549779853161 152.27227586310522 0.009109549779853161
49 19.12673035119396 2.6398942939218064 0.06269363717759799 0.9770309811449213 0.0869477858264783 0.47937049066764903 0.14696516525450679 1179.61988233426 0.05 61.67389097220288 0.05 2929.625608296739 0.22094020373187462 153.16918022603173 0.22094020373187462 2.4835335960085088 0.23658399687129936 3.3301885353255383 0.015171431764128338 18.665331912540594 2.0877473115122287 966.5543201927757 0.017812944008082233 50.53421585631544 0.017812944008082233
50 12.427967647549995 1.7759730619170604 0.06338802811091375 1.0560150134394493 0.11444411326895311 0.5796836259832915 0.12069629304003474 779.2550984339271 0.05 62.70173213619096 0.05 2302.4249080453233 0.26377975024745653 185.2615788309696 0.26377975024745653 2.95464850043653 0.28667934115687016 3.3176060526083546 0.019670974784920074 12.330290469247778 1.4470789993614066 665.5170013344037 0.02135181554652981 53.5499463957489 0.02135181554652981
51 1.6453101377371149 0.6295041468288478 0.306268445074231 0.22002393020229527 0.37635015663839766 0.2809452274116777 0.5344414300597042 84.82013861288345 0.05 51.55267488325407 0.05 35.42805799843221 0.8173027382654072 21.532753725785923 0.8173027382654072 0.41768450957295405 0.851506252125609 3.467652752995491 0.04657639258125837 1.342123895716446 0.2294663906507186 124.78443115271592 0.03143972010118034 75.84249819571329 0.03143972010118034
52 46.333108700204114 2.9348353578937942 0.05 0.9112965387214916 0.05 0.2905768366077308 0.06482996544344104 5050.238376825118 0.05 108.99847902506205 0.05 2833.4274675668353 0.11411806881213855 61.15340729456284 0.11411806881213855 0.5610482627055907 0.13841973747970637 2.973523361741854 0.009475109262819076 79.91080607064251 11.323392174395137 5644.148012420822 0.006372938952745324 121.8167347444994 0.006372938952745324
53 34.71310585243574 2.7063494046693517 0.05 0.844382210685144 0.05785839420436058 0.30761849238553146 0.07972527779764338 3983.691306374769 0.05 114.76044014353853 0.05 2243.2151603844272 0.1275749572265115 64.62156310415612 0.1275749572265115 0.5630996449937768 0.14576624948470265 3.0002892487542487 0.010076654996487104 63.034648934678835 10.051428395287816 5069.183864694193 0.006073152849542755 146.0308359108841 0.006073152849542755
54 13.955755632591602 2.0337063633618246 0.06802035749590864 0.3918741973259626 0.10515031966149276 0.5975260691170076 0.13924385299746647 1371.811361461229 0.05 98.29717555798744 0.05 363.0701129166668 0.21366675650959716 26.015797530072128 0.21366675650959716 0.264664751376553 0.23333523257581107 2.7289979041250128 0.014635326669876996 21.706410281408715 4.347918062170561 2377.4423784817395 0.006723060000738813 170.35568987246916 0.006723060000738813
55 13.632569712678954 1.686791894953515 0.054122688934235226 0.6783128153311758 0.07424996913577896 0.3386893785282946 0.13122752919655778 1445.3233695203796 0.05 106.01987739524695 0.05 902.2574268265696 0.1653708424753636 66.18395840568681 0.1653708424753636 0.6242599032533304 0.17754251077986413 3.017311800399731 0.015022353298294721 22.869605150316588 5.082430445243166 2695.2211580215153 0.006453938540088301 197.7045571617234 0.006453938540088301
56 15.468853348546267 1.7947971544335504 0.0603284760793468 0.7128078194585603 0.08056718053750112 0.3795619763619801 0.14662307291277718 1544.2094496311965 0.05 99.82701463624117 0.05 1060.1545908118478 0.1963065468073408 68.53478838568724 0.1963065468073408 0.6865354897711865 0.22086906620037094 3.011825745148763 0.013521249976015962 24.434296293473512 5.333404133759735 2820.3295256765996 0.006382283207908821 182.32311485076227 0.006382283207908821
57 1.6746906759109919 0.6549086133029457 0.3237280482526645 0.09941076981989427 0.07133545759600918 0.8526313838386128 0.6925874834141228 44.237667953443356 0.05 26.415426197664306 0.05 7.524133483339382 0.36222347541632566 4.492849689538298 0.36222347541632566 0.17008431572970656 0.4527728003437776 2.9926487981227408 0.017754572768510668 0.6999803305918626 0.054979413683136975 26.000017846788744 0.12218836112003466 15.5252657823782 0.12218836112003466
58 1.1458409887812053 0.4942125372350181 0.3774696780310905 0.24238896260435036 0.2910552810462894 0.8457457372868827 0.6514026303107378 26.993107381083487 0.05 23.55746359692997 0.05 33.755796022530895 0.6985137117328354 29.459406979703058 0.6985137117328354 1.2505339065255834 0.7456960793806948 3.109641594764514 0.025394595894627312 0.42711667747435217 0.06037957605452864 27.72866441714426 0.1013579637063234 24.199399994093735 0.1013579637063234
59 1.6306198686501765 0.555418386750391 0.28008530342817295 0.14517225294367486 0.42572421134579913 0.5787611401359691 0.5572436861114628 30.496319850297365 0.05 18.70228643512246 0.05 13.608065834993152 0.855149031593384 8.345333021274834 0.855149031593384 0.4462199341361007 1.0125870730285362 3.2895207104382216 0.019644197701789698 0.4825486192422513 0.05614909904036471 24.70699824789927 0.12756590344501867 15.151905556229773 0.12756590344501867
60 1.3515047559983446 0.4942191662186495 0.2734235765938486 0.2485877203347111 0.5398697595133293 0.9520744979356786 0.44612740148470587 33.873276476390906 0.05 25.063379411764643 0.05 35.504863112262555 1.0736001123415386 26.2706164774355 1.0736001123415386 1.0481673698441554 1.274497714253348 3.9832204113835874 0.010660101412197545 0.5359827980268229 0.05152334295237534 22.66520701089364 0.13801721371663805 16.77034942740623 0.13801721371663805
61 2.086018210345271 0.7929462893669417 0.31733385568916295 0.28250160043097633 0.3775439045742348 0.41269192586677966 0.5986104411948017 27.335216093175525 0.05 13.10401604243478 0.05 73.56894221697179 0.8053500713749948 35.26764140989685 0.8053500713749948 2.691361281586463 0.7436906438332366 2.6438911246581815 0.014784794425120922 0.4325299027077476 0.05425363026530825 23.99574815505994 0.14101502228482574 11.503134553695118 0.14101502228482574
62 2.2182306321277174 0.798299963650817 0.20907126963800068 0.1907674890911588 0.28148943606066973 0.5365917749009463 0.39653277848559343 127.53399890362807 0.05 57.493570351293 0.05 33.774097441190236 0.5847670961524812 15.22569247400315 0.5847670961524812 0.2648242643650801 0.6105951837816295 2.8176403456176353 0.02367495640857919 2.0179927383867584 0.5020409427620732 288.96999140926243 0.016650084794716462 130.2704900130622 0.016650084794716462
63 1.99787659582364 0.6608602622837458 0.2148991228070452 0.2912998751842441 0.38409563516520917 0.41783228864366867 0.5010518238997158 105.11187069207129 0.05 52.61179339694808 0.05 65.19272747201049 0.8177039193465228 32.631008145492736 0.8177039193465228 0.6202223121210995 0.9412052308049733 2.9740971169051003 0.01773820560043017 1.6632036432103805 0.17370093518628027 84.02226073261215 0.05536525748235663 42.05578107689546 0.05536525748235663
64 6.419647590992136 1.1116095950578642 0.11194514462842499 0.6698295569917614 0.11382460079705024 0.6313318031652286 0.20913694852690556 372.4157392199581 0.05 58.011866530262665 0.05 579.8154947477238 0.2674794996634489 90.31889781010786 0.2674794996634489 1.5569038407511298 0.3312342612691611 3.3606742350405905 0.02327614338796691 5.89279938991167 0.6068824125813944 285.85500216852824 0.032610821897505714 44.528145527743874 0.032610821897505714
65 5.038762296819915 1.1933290024469283 0.1503582311480309 0.32633251675921454 0.2992524950184482 0.49398962921862327 0.3607985434938354 140.5892392927664 0.05 27.90154228579024 0.05 147.73718239785785 0.6487029221780204 29.320133337327377 0.6487029221780204 1.050842746863481 0.6895081193255416 3.3492463246726434 0.027806999897986823 2.2245681600587552 0.21894427407506736 99.29333338511078 0.059815026289268235 19.705897507365492 0.059815026289268235
66 0.8373453379554959 0.4167057774669251 0.3564550698794964 0.252055564453368 0.47115706972343224 0.8053918148938499 0.7019752869665062 32.94571563260981 0.05 39.34543388400742 0.05 30.777335329743398 1.091717741114613 36.75584485236506 1.091717741114613 0.9341832386630528 1.2269579812155158 3.404778898807994 0.029815388762464395 0.5213058302018144 0.030017804796673576 13.626727917890463 0.19979648081176155 16.273725188656524 0.19979648081176155
67 1.39557556325916 0.6266857696267856 0.3978202825029155 0.1470613149927563 0.6070386814026973 0.4600290585421012 0.8665872551863893 47.78429852448627 0.05 34.239850411892505 0.05 15.756350703200805 1.310555978129172 11.290216823805787 1.310555978129172 0.32973908145008607 1.3096320096533764 2.5726521190844083 0.015737003343770595 0.7560993648452988 0.19722445942700376 110.87573250841469 0.02683981320314504 79.4480323584062 0.02683981320314504
68 7.873984230599051 1.4199187138133809 0.07362730397120786 0.7255937626613226 0.12143059640694041 0.572314230691266 0.17737761215535525 438.433099421085 0.05 55.68122650249823 0.05 869.0794485684227 0.3048465897685942 110.37353176186171 0.3048465897685942 1.9822395930324852 0.30847128420761627 3.448916618503741 0.018406280418809564 6.937403923064861 0.9231130584098252 428.93684481157845 0.02416948790652014 54.475197339701175 0.02416948790652014
69 5.009381758646038 1.1908237944355726 0.14347912681167366 0.7239221646858924 0.17986605029918062 0.4202035764509811 0.22660019372158421 218.78100411497246 0.05 43.67425256367479 0.05 725.504594562546 0.48477411223020145 144.82916845184488 0.48477411223020145 3.316122427984119 0.49553046597001116 3.4771475708030186 0.022837833363210484 3.4618101872971705 0.5321330836034037 248.81843799738 0.029401686379932585 49.670488292877074 0.029401686379932585
70 7.506727503425587 1.3317140503846998 0.14756321263912192 0.3391769953057226 0.1790403707328836 0.2670674677431855 0.2533795313631008 273.862076434554 0.05 36.48221895753922 0.05 178.1035903751311 0.43295773924294767 23.725863273158122 0.43295773924294767 0.6503404658793394 0.45232665092787205 3.4805493406120345 0.02266742374012434 4.333367912791325 0.38728725986076973 178.72514997977737 0.042902901049027845 23.80866361516636 0.042902901049027845
71 5.038762296819915 1.0899073380496707 0.14746961921157997 0.5412638713513057 0.20195886350762104 0.4347625830093556 0.30025180542628904 259.19072176132863 0.05 51.43936278258457 0.05 371.20735366898515 0.4909249812332787 73.67034438263998 0.4909249812332787 1.4321784018596357 0.5622937208009062 3.255830679968564 0.012671610796928029 4.1012201410294145 0.29180297849909353 134.4726396177332 0.05784654517285375 26.687633132168617 0.05784654517285375
