plotting_scripts/clumpdata/A439_12_physprop_add.txt
# %ECSV 0.9
# ---
# datatype:
# - {name: # # # _idx, datatype: int64}
# - {name: area_pc2, unit: pc2, datatype: float64, description: projected area of structure}
# - {name: rad_pc, unit: pc, datatype: float64, description: equivalent radius in pc}
# - {name: e_rad_pc, datatype: float64, description: frac error in radius}
# - {name: vrms_k, unit: km / s, datatype: float64, description: rms linewidth in km/s}
# - {name: e_vrms_k, datatype: float64, description: frac error in linewidth}
# - {name: axratio, unit: '', datatype: float64, description: minor to major axis ratio}
# - {name: e_axratio, datatype: float64, description: frac error in axis ratio}
# - {name: mlumco, unit: solMass, datatype: float64, description: CO-based mass with alphascale=2.4 from A439_12CO_3p5as.pbcor.fits.gz}
# - {name: e_mlumco, datatype: float64, description: frac error in luminous mass}
# - {name: siglum, unit: solMass / pc2, datatype: float64, description: average surface density from mlumco}
# - {name: e_siglum, datatype: float64, description: same as e_mlumco}
# - {name: mvir, unit: solMass, datatype: float64, description: virial mass}
# - {name: e_mvir, datatype: float64, description: frac error in virial mass}
# - {name: sigvir, unit: solMass / pc2, datatype: float64, description: virial surface density}
# - {name: e_sigvir, datatype: float64, description: same as e_mvir}
# - {name: alpha, unit: '', datatype: float64, description: virial parameter}
# - {name: e_alpha, datatype: float64, description: frac error in virial parameter}
# - {name: 8um_avg, unit: MJy / sr, datatype: float64}
# - {name: e_8um_avg, datatype: float64}
# - {name: flux12, unit: Jy km / s, datatype: float64, description: 12CO flux within the structure}
# - {name: flux13, unit: Jy km / s, datatype: float64, description: 13CO flux within the structure}
# - {name: mlte, unit: solMass, datatype: float64, description: LTE mass using H2/13CO=3000000.0}
# - {name: e_mlte, unit: '', datatype: float64, description: fractional unc in mlte}
# - {name: siglte, unit: solMass / pc2, datatype: float64, description: LTE mass divided by area in pc2}
# - {name: e_siglte, unit: '', datatype: float64, description: 'fractional unc in siglte [same as e_lte]'}
# schema: astropy-2.0
# # # _idx area_pc2 rad_pc e_rad_pc vrms_k e_vrms_k axratio e_axratio mlumco e_mlumco siglum e_siglum mvir e_mvir sigvir e_sigvir alpha e_alpha 8um_avg e_8um_avg flux12 flux13 mlte e_mlte siglte e_siglte
0 15.48354361763321 2.1919233029259324 0.06119249005143757 0.5018250380238296 0.09693362240979894 0.34003886715210174 0.10813211751551782 212.38228500257313 0.05 13.716645894981342 0.05 641.7101692756167 0.18882173166292668 41.44465796220023 0.18882173166292668 3.021486322495504 0.2239288652334257 2.9821175897822663 0.014464016512777903 3.3605620846184614 0.031314865066784756 18.554632577303693 0.8939285244927074 1.1983453552695145 0.8939285244927074
[from data line 213]
214 2.012566864910579 0.5956391592784069 0.2484289235668783 0.2829243204691888 0.25397711075998497 0.8246887091873741 0.47007478804252945 11.025080348859547 0.14227942143868008 5.478118785061786 0.14227942143868008 55.42844824866702 0.49761048725419554 27.5411710363868 0.49761048725419554 5.027487010958667 0.6164530033269066 2.1171956236345055 0.013066769801031823 0.17445178353313387 -0.004535621124750364 -1.6503105102143896 -2.745227810167309 -0.8200028227572529 -2.745227810167309
215 4.642125031472575 1.166028456725519 0.10525842346509513 0.5282798019221908 0.19719591030683895 0.8033153028308869 0.31293763984931056 28.77392270334293 0.08880205677766358 6.198437678490376 0.08880205677766358 378.3084811086444 0.4188211868499267 81.49467723161204 0.4188211868499267 13.147615812031527 0.4533560241341702 3.0922426475754268 0.020578567937893855 0.4552948193734412 0.015298304463102637 7.217064464564983 1.1927982960369357 1.5546898059907674 1.1927982960369357
216 2.1594695557799635 0.6104110857396435 0.16934873408953868 0.30477434452768604 0.22183718486737006 0.8104306823848139 0.3219692187065833 28.48521940252937 0.06810111904804377 13.190840929563834 0.06810111904804377 65.91558937989777 0.48395061282706253 30.52397252069163 0.48395061282706253 2.3140277927451995 0.6202911422231271 2.7795875510390924 0.04003922033784072 0.45072663824793996 0.00514310585332996 2.5462089451742638 2.3200937991272967 1.179089993817772 2.3200937991272967
217 1.2192923342158977 0.4947143103962847 0.2101162497909483 0.3164798809137164 0.304844216044905 0.7897327658949757 0.482165729024593 15.58855571700621 0.11846807879860591 12.784920629416485 0.11846807879860591 57.60439261309344 0.6399819383606369 47.24411939335095 0.6399819383606369 3.695300171410388 0.7041884474489176 2.5421168287116362 0.03452470699013791 0.24666043358894982 0.002005621486684665 1.136663642447838 4.317414530906356 0.9322322551784133 4.317414530906356
218 0.7051329161730493 0.4075512256958097 0.3532385308390958 0.18326592895211866 0.4372990772869294 0.8643402873124285 0.784485197692293 10.934601410365897 0.1737593476971397 15.507149304149625 0.1737593476971397 15.913092392215404 0.8161961537586034 22.567507525503338 0.8161961537586034 1.4552969783727046 0.9654260612202198 2.0382386818528175 0.015946495204795522 0.17302013099460026 -0.0019262601480996707 -0.731405666535945 -4.450534739942469 -1.0372592879445837 -4.450534739942469
219 2.012566864910579 0.6346173969137777 0.21122997679185282 0.29300865022045963 0.26706609230826645 0.8747807141879271 0.4722812281053663 21.740157477006218 0.11771008797462641 10.802203820429172 0.11771008797462641 63.34054159609486 0.6044049895019443 31.472515373499984 0.6044049895019443 2.9135272669063172 0.6871262723517959 1.945929530763278 0.014109982627098104 0.3439983112049577 0.02065073720582098 9.555278218377259 0.554196114701044 4.74780658718726 0.554196114701044
220 1.6893809449979307 0.5905691083478826 0.26740456765247117 0.3388716313322952 0.3514675873629795 0.5857639654272747 0.5145892910605846 6.465021092052293 0.19275959066125728 3.826858063715293 0.19275959066125728 78.840626786619 0.6686748664767407 46.66835329240414 0.6686748664767407 12.19495275638635 0.7464146365423533 2.80549782462742 0.024885269034545958 0.10229716031143894 0.004893643939830673 2.4036725545329576 1.6028790515757538 1.4228126353916593 1.6028790515757538
221 49.829392742895486 3.6460809984448983 0.05 1.4149312910106189 0.05 0.43968309876881395 0.04442373890879803 1246.413818341514 0.05 25.013626490947424 0.05 8486.056715914856 0.07785080597533177 170.30223024591785 0.07785080597533177 6.80837823765983 0.08208431389296328 3.0768190594214313 0.015537743300347975 19.722225866693197 0.2692181492222861 136.56598195138602 0.30171805660710455 2.740671206972659 0.30171805660710455
222 14.029206978026295 1.517479206168298 0.06948072580733092 1.091896922398211 0.06977527927930532 0.54586152869414 0.07816651539968765 235.23486532362614 0.05 16.76750978812063 0.05 2103.2696160530636 0.15778899360403542 149.9207773716204 0.15778899360403542 8.94114744920773 0.18582203254248675 3.329969258083723 0.008423888243019182 3.722162719056932 0.07632030853993015 35.394450211079054 0.523761944134695 2.522911684638823 0.523761944134695
223 38.85576173495241 3.3745346469985873 0.05 1.3694017062536712 0.05 0.43961548441224474 0.053794852272534395 1027.7701080394895 0.05 26.45090617577487 0.05 7356.725241342741 0.10434545102669499 189.33421744567303 0.10434545102669499 7.1579482452315855 0.1075380107296791 3.175651814040705 0.014240467497426365 16.262587528844858 0.19889076442802767 99.95212522714657 0.34900364966471886 2.572388772325505 0.34900364966471886
224 6.654691896383153 1.022761145742425 0.10276525696933823 0.7350271207144898 0.10491567895585249 0.648048107776027 0.14869546908483114 169.35700182495782 0.05 25.449262634834213 0.05 642.3768243990576 0.2649236151449972 96.5299121884503 0.2649236151449972 3.793033754004446 0.34479638960219056 2.860903051515289 0.03352086006972464 2.6797656432822676 0.07971169821365316 36.21465611557789 0.3508992968474656 5.441973374493967 0.3508992968474656
225 25.281953098621205 2.323242696456163 0.05 2.1736314900766893 0.05 0.6148343097152301 0.04758099625036643 1079.3812374005386 0.05 42.6937441577409 0.05 12760.724441674045 0.07418875394278097 504.736496895486 0.07418875394278097 11.822258901225252 0.08107556273767819 2.751483900473604 0.010204896736295231 17.079238529534145 0.19898184113728698 107.64136837819275 0.35724708849592884 4.257636582043306 0.35724708849592884
226 18.74478335493356 2.1926728922849046 0.05 1.9976368818531478 0.05404838103852366 0.5387877920297406 0.06252219402047232 799.9912347062566 0.05 42.67807312351262 0.05 10172.222672389413 0.1092011958991393 542.6695246233464 0.1092011958991393 12.715417658450324 0.11883880425479952 2.7693558460492698 0.010946005899593025 12.658401611543416 0.19367589351340342 96.99812121236515 0.3141880262329339 5.1746728343400985 0.3141880262329339
227 14.205490207069557 2.1224544441266913 0.05 2.0424645479749306 0.06584861797320471 0.5336417515102884 0.07615973796738992 583.3784264558001 0.05 41.067109825289506 0.05 10293.340681704984 0.12910356234085488 724.6029902285499 0.12910356234085488 17.644362929634084 0.12594906915815282 2.802487350915556 0.010431646333407362 9.23089849319594 0.2067612186107068 97.19748400724409 0.24241085427104309 6.842247792256575 0.24241085427104309
228 5.861417365688472 1.1282396237743848 0.10364600737903655 1.5075273153120656 0.08972141388043993 0.47082168975061894 0.23229701242879092 225.71923452222066 0.05 38.509326403462495 0.05 2980.853577580794 0.22881870698930828 508.5550800443074 0.22881870698930828 13.206023775024576 0.24536863497706413 2.8014802789329587 0.014241454646363005 3.5715952911207633 0.11814164013660083 53.38470920030855 0.25765898630572026 9.107815715838907 0.25765898630572026
229 3.2024786609525986 0.8543790280732371 0.10817564688975162 1.1394883177116049 0.13975570110893007 0.3566795075584426 0.21849891669626428 112.51206918089856 0.05 35.13280839393044 0.05 1289.6719349746531 0.31473323857348134 402.71054752041084 0.31473323857348134 11.46252081544336 0.30945486776767483 2.766886979068091 0.013117314386973935 1.780298211655088 0.06976558896585344 30.398468580347146 0.2881121168938901 9.492168972424915 0.2881121168938901
230 6.830975125426415 1.4870315656278703 0.07762475818632866 0.6250199073419835 0.1760143448387299 0.22363307652456432 0.17457431839610404 109.28211242736657 0.05 15.9980252337026 0.05 675.331182853287 0.36202470018698696 98.86307158981646 0.36202470018698696 6.179704691398056 0.3867428098767275 2.810669144251013 0.018144279577873575 1.7291900564557394 0.012841656260011516 7.507089895198335 1.6077178034033603 1.0989777824333264 1.6077178034033603
231 2.908673279213829 0.7208531970584335 0.1881660409688156 0.5314198241854247 0.1882825805655829 0.7092901157869209 0.33644513445126617 44.67548425867513 0.054348978245831785 15.359402713924009 0.054348978245831785 236.66348052121765 0.40778439806468075 81.36475217497933 0.40778439806468075 5.2973903797195465 0.48108087765076785 2.8919868120039354 0.015748671238255154 0.7069080641508623 -0.0016985907476921207 -0.1945562179645175 -37.19357884391987 -0.06688830242807578 -37.19357884391987
232 1.1458409887812053 0.47918455160604223 0.17070861101602786 0.4292929295882196 0.2991875151554478 0.7284851580163632 0.5283345997322278 38.76570530974388 0.05 33.83166223698956 0.05 102.66423975004606 0.6816533650487182 89.5972833536412 0.6816533650487182 2.6483263732658333 0.736168663782561 2.8112033085945325 0.02127123217992723 0.6133965455526114 0.03343114066539884 14.403147140634648 0.3263070849252651 12.569935341512629 0.3263070849252651
233 2.9380538173877055 0.8564784174664308 0.14431444033218851 0.4741104180991919 0.20759604325103706 0.31973390497416965 0.26637264554257334 42.66561939407956 0.05 14.52172834329311 0.05 223.81249895949472 0.4197208033302075 76.17712706110053 0.4197208033302075 5.245734203276368 0.4242831099464842 3.398147836923599 0.008719038430677999 0.675105614808778 0.016431449071105986 7.301584841995463 0.8209235392147792 2.4851773642756068 0.8209235392147792
234 0.7198231852599878 0.3909757288240744 0.2731210258307569 0.3083201474435651 0.3877505781332286 0.9565128678407145 0.4508772455837157 12.492150405940553 0.08055133558967284 17.354470739128253 0.08055133558967284 43.207836752354105 0.7443638094278167 60.025625232880174 0.7443638094278167 3.4587989536058523 0.8065070204027803 3.3722779604853415 0.014513421341186833 0.19766547431607512 0.0028535606960796533 1.2966809967672432 2.3485880863220845 1.8013882066036875 2.3485880863220845
235 3.4962840426913693 0.8561483266936554 0.1402183305750779 0.6702181208568004 0.20624669451968264 0.4548718059246766 0.2574261776432363 57.84018389796149 0.05379857355901747 16.543330916968998 0.05379857355901747 447.0851647886303 0.4355620073815606 127.87438301050425 0.4355620073815606 7.729663612020213 0.4565207107979139 2.736800595491874 0.026007745447744715 0.9152153899297721 0.013876980554704373 7.247157241987102 1.2320596476562897 2.0728170690640986 1.2320596476562897
236 33.14124706013332 2.9680154823309355 0.05 1.1584149844199796 0.05 0.42544146925662113 0.08048530504449362 848.2946951288329 0.05 25.596342032321232 0.05 4630.239022961396 0.09419551319043622 139.7122749955677 0.09419551319043622 5.458290673688803 0.10117862898490432 3.24057759249464 0.013200531002796001 13.422714577882632 0.11747359260800208 62.72868070231043 0.512916627134424 1.8927676616541325 0.512916627134424
237 18.93575685306376 2.3346164956317517 0.05 1.1287561114621456 0.06366551467025511 0.733779679477229 0.12090640333595432 515.1868605875231 0.05 27.207091038675177 0.05 3457.9976579964105 0.11395249926984376 182.61734584096723 0.11395249926984376 6.712123158678548 0.12092278098948385 3.365908211381792 0.013840197457777864 8.151892014701428 0.04054912137785168 23.378764574032424 1.025635735029806 1.2346358667068433 1.025635735029806
238 14.895932854155667 2.0521681943579653 0.05 1.0932775882019539 0.06469962987008374 0.5927440897459061 0.13795412278725114 402.3821530500994 0.05 27.012887141058968 0.05 2851.561605367239 0.14531198242394008 191.4322273929766 0.14531198242394008 7.0867000033478105 0.1497828615270002 3.356426637083351 0.015468134318887125 6.36696348374089 0.04129280967916394 21.842767857799043 0.9259461203446999 1.4663578355017455 0.9259461203446999
239 10.018763517292076 1.5787973340599517 0.05723612976957544 1.0975741381156165 0.07596499333967144 0.9226073039805883 0.16403082863642288 281.0107232936747 0.05 28.048443583747524 0.05 2211.072741339359 0.16207411417484544 220.6931761113151 0.16207411417484544 7.868286004974417 0.16342555780750115 3.3554741969206465 0.018718822288142645 4.446482123778903 0.04272850901437998 21.234473164217928 0.761354393804151 2.11947044438846 0.761354393804151
240 6.360886514644383 1.365461475796514 0.07735333489521223 0.8995726593407756 0.11087928847344498 0.6185630996406347 0.19284331248071804 151.99230071487597 0.05 23.894829811057143 0.05 1284.5791309127458 0.20934479922894836 201.94970118635462 0.20934479922894836 8.451606593695177 0.2188762740051057 3.389001202087755 0.02387780091602287 2.4050008019775984 0.02727870220571766 12.997549710945131 0.842382005899725 2.043355070243976 0.842382005899725
241 3.9810629225603407 1.1102595093878187 0.0992968590568807 0.7914601300897763 0.13517943698393697 0.8427467917051251 0.17980797591463904 96.40210828392054 0.05 24.21516819983379 0.05 808.5213665242186 0.28062499455642864 203.09183307362403 0.28062499455642864 8.386967680654724 0.30896897659168804 3.5002602633514965 0.0190729114850732 1.5253874851775577 0.023583451403997136 10.756368464435859 0.7828588095410418 2.701883560664275 0.7828588095410418
242 2.9233635483007667 0.7766769828621544 0.12372228533812318 0.7573589722446983 0.15322403198869802 0.3916534220446377 0.26888663277440567 74.2047621741265 0.05 25.383350701372308 0.05 517.9083343830395 0.3339502912438633 177.16179524920145 0.3339502912438633 6.9794487470727615 0.35202818806471575 3.534162637576386 0.020432801120364805 1.174154966242375 0.017503843533523095 7.882189891983122 0.9193217101545095 2.6962742613947968 0.9193217101545095
243 1.3515047559983446 0.5106351410494162 0.17571564939187573 0.37520881866596834 0.30976130857446066 0.75097670608998 0.37588115278999823 34.59615333937196 0.05 25.598247572437202 0.05 83.57294162389557 0.6018267920104957 61.83695710501661 0.6018267920104957 2.4156714997787296 0.6590308408061673 3.451900339644888 0.023007594026702882 0.5474210255225875 0.014363804701706857 6.307211936966825 0.7267940111326506 4.666807060037123 0.7267940111326506
244 2.9968148937354595 0.8001126254875198 0.1888614047991174 0.3628888816057306 0.3625335168782584 0.4856181085192563 0.3702647201108027 21.71936481034339 0.08376364717151698 7.247482937883665 0.08376364717151698 122.49189784609537 0.7678597391582304 40.874028656942535 0.7678597391582304 5.639755071831622 0.8052283973602281 2.4775527622185503 0.024561431428141916 0.34366931853213933 0.014571254789967762 7.132628205065363 0.7973950792352068 2.3800696599497706 0.7973950792352068
245 1.4984074468677298 0.6292203630020671 0.3231557872342849 0.23075326812801733 0.34775915681268577 0.3298375094519902 0.6003335507713675 10.799801094729915 0.08772214508101851 7.207519635133831 0.08772214508101851 38.949994946862205 0.8321975923568214 25.994261459580475 0.8321975923568214 3.6065474359401875 0.8277691051165912 3.420432069722344 0.007952428487568953 0.1708871545117855 0.006399877626510763 2.7955109887017517 1.0400407352764962 1.8656547620244992 1.0400407352764962
246 9.695577597379428 1.5621248909820282 0.09450061385249915 0.40135641518515813 0.1254021791716287 0.3103602443880727 0.18327902529313822 88.834833400959 0.05 9.162407552178196 0.05 292.5398848535525 0.2971477429449269 30.172507198810077 0.2971477429449269 3.2930763041245763 0.3282487509827729 3.670466236634688 0.016217190061716905 1.405649145084187 0.009656961437732063 5.232389302612821 2.2726586576151573 0.5396676216615562 2.2726586576151573
247 4.950620682298284 1.0385687257474219 0.11608115536338051 0.33216961053705946 0.17324744087336033 0.5055076953731945 0.22240287264850647 54.47042163928565 0.05 11.002745945382793 0.05 133.2183194523003 0.37400929338377964 26.909417626893365 0.37400929338377964 2.4457001698004004 0.43167675648624726 3.6996039636764753 0.022492141627146918 0.8618950920979902 0.01006431259153702 5.117639249951177 1.5775908840547348 1.0337368944969048 1.5775908840547348
