plotting_scripts/clumpdata/A439_12_physprop_add.txt
# %ECSV 0.9
# ---
# datatype:
# - {name: # # # _idx, datatype: int64}
# - {name: area_pc2, unit: pc2, datatype: float64, description: projected area of structure}
# - {name: rad_pc, unit: pc, datatype: float64, description: equivalent radius in pc}
# - {name: e_rad_pc, datatype: float64, description: frac error in radius}
# - {name: vrms_k, unit: km / s, datatype: float64, description: rms linewidth in km/s}
# - {name: e_vrms_k, datatype: float64, description: frac error in linewidth}
# - {name: axratio, unit: '', datatype: float64, description: minor to major axis ratio}
# - {name: e_axratio, datatype: float64, description: frac error in axis ratio}
# - {name: mlumco, unit: solMass, datatype: float64, description: CO-based mass with alphascale=2.4 from A439_12CO_3p5as.pbcor.fits.gz}
# - {name: e_mlumco, datatype: float64, description: frac error in luminous mass}
# - {name: siglum, unit: solMass / pc2, datatype: float64, description: average surface density from mlumco}
# - {name: e_siglum, datatype: float64, description: same as e_mlumco}
# - {name: mvir, unit: solMass, datatype: float64, description: virial mass}
# - {name: e_mvir, datatype: float64, description: frac error in virial mass}
# - {name: sigvir, unit: solMass / pc2, datatype: float64, description: virial surface density}
# - {name: e_sigvir, datatype: float64, description: same as e_mvir}
# - {name: alpha, unit: '', datatype: float64, description: virial parameter}
# - {name: e_alpha, datatype: float64, description: frac error in virial parameter}
# - {name: 8um_avg, unit: MJy / sr, datatype: float64}
# - {name: e_8um_avg, datatype: float64}
# - {name: flux12, unit: Jy km / s, datatype: float64, description: 12CO flux within the structure}
# - {name: flux13, unit: Jy km / s, datatype: float64, description: 13CO flux within the structure}
# - {name: mlte, unit: solMass, datatype: float64, description: LTE mass using H2/13CO=3000000.0}
# - {name: e_mlte, unit: '', datatype: float64, description: fractional unc in mlte}
# - {name: siglte, unit: solMass / pc2, datatype: float64, description: LTE mass divided by area in pc2}
# - {name: e_siglte, unit: '', datatype: float64, description: 'fractional unc in siglte [same as e_lte]'}
# schema: astropy-2.0
# # # _idx area_pc2 rad_pc e_rad_pc vrms_k e_vrms_k axratio e_axratio mlumco e_mlumco siglum e_siglum mvir e_mvir sigvir e_sigvir alpha e_alpha 8um_avg e_8um_avg flux12 flux13 mlte e_mlte siglte e_siglte
0 15.48354361763321 2.1919233029259324 0.06119249005143757 0.5018250380238296 0.09693362240979894 0.34003886715210174 0.10813211751551782 212.38228500257313 0.05 13.716645894981342 0.05 641.7101692756167 0.18882173166292668 41.44465796220023 0.18882173166292668 3.021486322495504 0.2239288652334257 2.9821175897822663 0.014464016512777903 3.3605620846184614 0.031314865066784756 18.554632577303693 0.8939285244927074 1.1983453552695145 0.8939285244927074
[from data line 37]
38 399.8397440082928 12.143062747855788 0.05 2.0666695459124482 0.05 0.4220206845995726 0.016833742696294906 55914.389431743526 0.05 139.84199987528964 0.05 60294.713292295935 0.027174710870700187 150.79719861726753 0.027174710870700187 1.078339831751174 0.029561209573193116 3.1540474405505234 0.006240871716690462 884.743317497676 58.68198605667408 29213.63048591425 0.004308663105219624 73.06334831313904 0.004308663105219624
39 390.23230802543503 12.097505690841006 0.05 2.0555511586503905 0.05 0.41927821127274006 0.016100630008914298 54359.82660795237 0.05 139.3011944167607 0.05 59423.924544288 0.02663605570651086 152.27833093823384 0.02663605570651086 1.0931588316654932 0.029359011227366855 3.1541436580788784 0.0063174269075287 860.1449698497831 58.444348803223846 29100.926445230496 0.004215726672895339 74.5733396408934 0.004215726672895339
40 487.79038503179385 12.579277454884041 0.05 2.13590286716727 0.05 0.44398461001599276 0.013174214822369438 65497.517694764305 0.05 134.27390064380876 0.05 66715.63273174071 0.020025423366476874 136.77111066343022 0.020025423366476874 1.0185978809556286 0.02486159719300329 3.1174961832736097 0.005809538925389934 1036.3788839973754 59.798252180646855 29786.879076480316 0.004954012795853946 61.06491638726915 0.004954012795853946
41 499.6454321849532 12.611869789380656 0.05 2.142686575950121 0.05 0.4461851938918959 0.01367737075435471 66467.45565814474 0.05 133.02924709524925 0.05 67314.04539225479 0.022228432418575216 134.72362810941743 0.022228432418575216 1.0127369059899665 0.024910860482897344 3.111842488283608 0.005743099896021251 1051.7260066465199 59.74350873539638 29773.647794377564 0.005044484842730518 59.589552663730316 0.005044484842730518
42 352.5076970101769 11.974202052291954 0.05 2.0195329063982848 0.05 0.40766839345712613 0.01735664238107069 48873.44462568914 0.05 138.64504247769136 0.05 56775.02912103508 0.03167149666669789 161.06039556746467 0.03167149666669789 1.16167439303414 0.033232266734358855 3.1459153347322197 0.0066223728739474965 773.3330471475895 56.85739524826991 28379.796236289065 0.003965558004245642 80.50830230657273 0.003965558004245642
43 360.5873450079931 12.035222278091835 0.05 2.028156352568847 0.05 0.41238283980030893 0.018436545382736105 49523.68182453637 0.05 137.34170793885897 0.05 57552.7255424185 0.026377365851343502 159.60827893486592 0.026377365851343502 1.1621253392736273 0.032246746465461475 3.1534785093756477 0.006563010415056725 783.621774771618 57.08192559173714 28480.49517700009 0.003991147009759297 78.98362372192724 0.003991147009759297
44 346.029288342837 11.94756249752116 0.05 2.0124089079662024 0.05 0.4060895955707462 0.01574347576756413 47786.98259142904 0.05 138.1009764239463 0.05 56249.76192658809 0.03142335886841758 162.5578060053034 0.03142335886841758 1.1770938208740744 0.033680690002450255 3.1462727293343686 0.006691693389089903 756.1416886179469 56.542668398544876 28237.119980619937 0.003915092456642829 81.60326576935105 0.003915092456642829
45 329.16485943103163 11.87927879560733 0.05 1.994046746647978 0.05 0.40273017332406785 0.02007937112495999 45118.04067915525 0.05 137.0682179049815 0.05 54912.303361534854 0.030789199268053433 166.82310334235532 0.030789199268053433 1.217080851361185 0.03125225782105489 3.150886772498977 0.006829458189684467 713.9107139827925 55.63723647948417 27828.034545252132 0.0038015566752309326 84.54132860158121 0.0038015566752309326
46 179.03030936251983 7.008976153616917 0.05 1.9009468454657867 0.05 0.6845716598609888 0.031104208516014087 28071.925836781316 0.05 156.79985102376304 0.05 29444.449862101013 0.04202410513292294 164.46628488184493 0.04202410513292294 1.0488931195280284 0.04504700009597124 3.1052472929846147 0.011028408471897098 444.18701847245325 36.662706156999235 18653.90367716512 0.004348980301440039 104.19410960963424 0.004348980301440039
47 447.03957858462627 12.425465069919229 0.05 2.1057160133008397 0.05 0.43520829347222617 0.014487610481679784 60977.89310393795 0.05 136.40379068224854 0.05 64050.29996245369 0.023694489383565717 143.2765755668516 0.023694489383565717 1.0503855856954383 0.025993160809251747 3.128240396032308 0.006021436508083578 964.8638280368126 59.86744542890524 29773.326892718193 0.004580187887857782 66.60109824500023 0.004580187887857782
48 183.7018149321663 7.114318802532884 0.05 1.9500330065710103 0.05 0.6662084593927838 0.03366455121827577 28470.107842325335 0.05 154.98000307094517 0.05 31450.399241334184 0.039707039597629876 171.2035303132283 0.039707039597629876 1.1046814228985171 0.044062328882042985 3.114331104544724 0.010823463598093688 450.4875380279047 36.94385040385879 18777.62815641416 0.0043590449038990115 102.21797843068663 0.0043590449038990115
49 13.294693523679367 1.737084362625187 0.08817200763764386 0.7425273414039858 0.10698745643015005 0.9150590653051461 0.15430375783871259 230.10386438598454 0.05 17.307948015209472 0.05 1113.4089964122995 0.2534069532295727 83.74837632993878 0.2534069532295727 4.838723588512304 0.30532160369350436 2.7514374295650925 0.012356977136905136 3.640973593932468 0.11608795803013491 56.38454594180995 0.3479457083884405 4.2411316847118465 0.3479457083884405
50 0.8373453379554959 0.454715682391115 0.38256666341085405 0.17798398138541838 0.46821129888819685 0.4766683971253081 0.8824656074611422 5.194246314729242 0.17648472021217038 6.203230709341229 0.17648472021217038 16.745984425191274 1.0512617214797069 19.998898502354002 1.0512617214797069 3.223948848498954 1.1579887206545687 2.622323044559412 0.024568602963779856 0.08218946343726494 0.001384495031728056 0.6955203490257359 4.069797612012181 0.8306254510521943 4.069797612012181
51 126.48321683854073 6.264385854632866 0.05 1.7169041121532933 0.05 0.631163878040571 0.03634984942846099 19207.738069516872 0.05 151.8599743872428 0.05 21467.402414401982 0.055404227339224496 169.72530388601442 0.055404227339224496 1.1176434381136866 0.05941836762536347 3.061994476434661 0.012608620432640936 303.927428373951 31.16692672976613 16095.957704318178 0.003925253614104414 127.25765604827323 0.003925253614104414
52 102.65560037952643 5.740951055383826 0.05 1.6279671722129636 0.05 0.515274836037658 0.03480004760117473 16185.123294465391 0.05 157.66429921628847 0.05 17688.216533981136 0.0648759036135736 172.3063960328156 0.0648759036135736 1.0928688161448692 0.06762272243437922 3.062611533869452 0.01457122265773657 256.1000266441601 28.29033339497701 14729.936764877766 0.003889576664854644 143.48887649986892 0.003889576664854644
53 93.37135031658127 5.529925078656919 0.05 1.5830944823397055 0.05 0.49828919119787596 0.03678215642555672 14628.221131455248 0.05 156.66712628506892 0.05 16111.717311726848 0.07415393457291156 172.55525658672693 0.07415393457291156 1.101413300150462 0.07737260618846702 3.044160697016047 0.015359904642775623 231.4649166200074 26.7208648553271 13973.997170674951 0.0038677803266654463 149.6604378462479 0.0038677803266654463
54 1.0430091051726356 0.474607176306391 0.3448914606193332 0.11786103394395357 0.6045263473547061 0.6735577036836284 0.8883091905582288 5.075043835509887 0.15707227983439695 4.865771363203854 0.15707227983439695 7.6644978994782536 1.1637905412145628 7.34844773786481 1.1637905412145628 1.5102328468278552 1.357650112748822 3.0487888933907095 0.032639740915221316 0.08030331198686545 -0.0025276009457156057 -1.0021041263259247 -2.4906801732789514 -0.9607817624564836 -2.4906801732789514
55 130.36144787749248 6.328475304940749 0.05 1.7417271901175793 0.05 0.6133105167221011 0.03926230104515836 19618.476931281453 0.05 150.4929352251286 0.05 22318.667829623606 0.054813474668675956 171.20604437132084 0.054813474668675956 1.1376350930706922 0.056649516382343064 3.0855952930901807 0.01275708078658424 310.42660269508104 31.593795424314326 16300.394017767658 0.003921351783084102 125.03998907012752 0.003921351783084102
56 62.815590615749144 4.97970138450427 0.05 1.2897377377184842 0.05 0.5081959042133986 0.05254703263790938 7231.1117432205965 0.05 115.11651283284456 0.05 9629.750408668648 0.11700020432904785 153.30191620062988 0.11700020432904785 1.3317109112159486 0.11434095058906632 3.004667490191054 0.017077104297235305 114.41914790589902 15.727632523201013 8428.58848764786 0.004356792231385764 134.17988122099484 0.004356792231385764
57 6.08177140199255 1.6210408044454732 0.1372048530828108 0.7899327589592047 0.13277421145256532 0.47334195284185143 0.20745127359448398 469.30698935079306 0.05 77.1661672776842 0.05 1175.9344450530486 0.3047608185161558 193.35393708941135 0.3047608185161558 2.5056827870382996 0.31163366301555945 2.6294467092136253 0.015322882179497435 7.425926914544442 1.449456468135113 803.7675058779816 0.011615326954199699 132.16009822642232 0.011615326954199699
58 2.4826554756926114 0.7584296802698417 0.1840676375669203 0.342045018917546 0.3301292808679871 0.5130777864980259 0.5117581192351771 159.22280806036764 0.05 64.13407322091183 0.05 103.15511711538484 0.7115324283967444 41.550315025731315 0.7115324283967444 0.6478664606660791 0.7198052791714198 2.723816613473836 0.0200752752420856 2.5194104856706043 0.5926492345763427 336.1047449442091 0.01616500084886126 135.38114661295987 0.01616500084886126
59 6.404957321905197 1.2939302318561208 0.13712191153748143 0.56386588196838 0.131035218613116 0.7940608053799547 0.2998895696842612 143.48396071456077 0.05 22.40201667290431 0.05 478.2680949879377 0.35292524753119225 74.67155063660496 0.35292524753119225 3.3332512749587275 0.417753675088773 2.818334116848237 0.01372941566591771 2.2703719050467104 0.10753149790806864 49.241181979647266 0.2634375986208306 7.687979717092033 0.2634375986208306
60 0.9842480288248814 0.43065518089405014 0.30888749115821734 0.2514796707926299 0.45809912665659874 0.8361691966818187 0.6406933720786456 13.21811525969404 0.1041903708428453 13.429658858931607 0.1041903708428453 31.662438416733558 0.8746038886205223 32.169166195370636 0.8746038886205223 2.3953822307240533 0.9382836407419295 2.9406398196718584 0.008456909952105749 0.2091525602252441 0.020853896746049816 9.763047033542962 0.42333772818572785 9.91929549018179 0.42333772818572785
61 1.204602065128959 0.5040840591132865 0.2932622790694994 0.18490137670342205 0.4502321486154728 0.8967396261718518 0.595762708271507 9.89184911031151 0.17389054233696785 8.21171521838005 0.17389054233696785 20.035130187656435 0.9459175737242055 16.63215659979096 0.9459175737242055 2.025418095669425 1.1062581183621465 4.599204685629868 0.025713465856096712 0.15652048226822068 -0.0030156008116062126 -1.237248689129853 -2.818467782455599 -1.0271015839553612 -2.818467782455599
62 1.2927436796505904 0.5247400125622538 0.2959056755206835 0.16392086763924005 0.5025875220273094 0.7887604686333903 0.6145600557071571 11.075794057277363 0.10829407690386533 8.567664442398192 0.10829407690386533 16.391608968439048 1.0075896473930201 12.6797053634557 1.0075896473930201 1.4799488762314899 1.1320760191930177 2.7680089446631344 0.02285739610913532 0.1752542211133066 -0.005566872326087242 -2.225720865628689 -1.6571149205396372 -1.721703150179213 -1.6571149205396372
63 3.8194699626040167 0.912679131257101 0.16632843753512389 0.4807711521760211 0.15901808269829337 0.6150710256179064 0.29569813878443096 99.81455618636662 0.05 26.133091021434716 0.05 245.24707552028818 0.44781759104638386 64.20971441626027 0.44781759104638386 2.4570271600705245 0.5060055630168255 2.7838616921351504 0.015324880014091572 1.5793832794914557 0.06392061469087976 28.401215313674726 0.348188560255866 7.435904874694055 0.348188560255866
64 1.4249561014330372 0.5189682293687926 0.3281470108431879 0.1604981351987107 0.49828383262366543 0.9919862761943248 0.4860384494460562 6.154893222218722 0.1818099141737089 4.319356375981634 0.1818099141737089 15.541383195650935 0.9763471623977006 10.906569809428806 0.9763471623977006 2.5250451363717668 1.2204436587934715 3.551296197262007 0.05019603838011906 0.09738995714147361 0.0005413735934091365 0.28556527321236685 10.77997049867468 0.20040285656883192 10.77997049867468
65 14.146729130721802 2.3053092799529438 0.07774619915874491 0.4554273509821227 0.1098878066594479 0.5323545281718446 0.18610927514656017 980.4491042276958 0.05 69.30570983355435 0.05 555.8739624614236 0.2229787544903062 39.29346192500835 0.2229787544903062 0.5669585091816551 0.22578179085542385 2.970370370155802 0.01668373208531382 15.51381742381843 1.1134036978168278 529.0534651265772 0.026910492590060675 37.3975821716736 0.026910492590060675
66 8.916993335771686 1.6912711914009904 0.10291687502646592 0.40674136280001544 0.151968181347834 0.7169011121467815 0.2284085482465953 602.7875331416178 0.05 67.59986359117896 0.05 325.28111176508696 0.3164798943822457 36.478788254801 0.3164798943822457 0.5396281340952451 0.3248081956103245 2.943620579639416 0.021552018337701234 9.53801313863044 0.775118357139156 373.08517771490625 0.02970973425439504 41.83979550800226 0.02970973425439504
67 5.978939518383981 1.2194173718245944 0.10431548861928691 0.3577599233154594 0.20102920387980655 0.3303799452751985 0.2291067939649911 416.1107286819592 0.05 69.59607592659304 0.05 181.4448603526108 0.3889217895180438 30.347331628745536 0.3889217895180438 0.43604946435133213 0.40574852745706097 2.865983893303086 0.010326986625343251 6.584192938535882 0.5473943605533532 265.3447942852361 0.03439941677348481 44.37990942530138 0.03439941677348481
68 3.0996467773440295 0.8096520502485617 0.16315154754420308 0.30259767911967606 0.2663739026733383 0.5457555078778387 0.34156533481575113 203.05409003518966 0.05 65.50878361991268 0.05 86.18635640149932 0.5185505400304128 27.805218656349343 0.5185505400304128 0.42445023582909885 0.5382188895124227 2.8932762473680396 0.004948254295197891 3.212960656668445 0.31645556756355125 155.9944662312513 0.04043093334569563 50.32652990380958 0.04043093334569563
69 2.526726282953427 0.689022359870222 0.1239832708082193 0.3742022057216278 0.19150206238079295 0.8570150382176625 0.28705389229284317 88.31191293305956 0.05 34.951119766654735 0.05 112.16436898459 0.3995909955510938 44.391183066130885 0.3995909955510938 1.2700933006582091 0.5040651916350339 2.7929730096528695 0.019497439258103825 1.3973748695521675 0.06909289794355607 30.453765398974383 0.30001189652725196 12.052657070309072 0.30001189652725196
70 8.09433826690313 1.5127536058474502 0.1284073624030128 0.6766738212975754 0.124221250315847 0.5888673761215248 0.3083428386778014 50.00287049114922 0.060543064850677154 6.17751184128362 0.060543064850677154 805.2595101715731 0.30161225406558206 99.48429181224014 0.30161225406558206 16.104265660390606 0.38773808374510194 3.163578488649344 0.03355955771104547 0.7912042154040954 0.03127824569933132 14.93306701385159 0.6099037989789198 1.844878051972609 0.6099037989789198
71 126.26286280223664 6.911417989830922 0.05 1.4067654526955344 0.05 0.48046469262022656 0.026966682313689778 13783.555707693382 0.05 109.16555669486387 0.05 15900.817879360235 0.06685805287603375 125.93424168011629 0.06685805287603375 1.1536078365094928 0.07226288074479757 3.20843989692364 0.007370376055091049 218.09961889171055 17.520536879987898 8522.142299569547 0.0069159843325402185 67.4952405674314 0.0069159843325402185
72 128.90711123788557 6.975777191558627 0.05 1.406319284749571 0.05 0.4844504789053559 0.027471176385168383 14043.789394353287 0.05 108.94503227550291 0.05 16038.707998950886 0.06863252149983896 124.42066108636168 0.06863252149983896 1.1420498804546095 0.06986997512697918 3.2081969439406 0.007268140329362808 222.21736486032256 17.672018296371377 8588.75472823083 0.006943611616465114 66.62747032148688 0.006943611616465114
