plotting_scripts/clumpdata/A439_12_physprop_add.txt
# %ECSV 0.9
# ---
# datatype:
# - {name: # # # _idx, datatype: int64}
# - {name: area_pc2, unit: pc2, datatype: float64, description: projected area of structure}
# - {name: rad_pc, unit: pc, datatype: float64, description: equivalent radius in pc}
# - {name: e_rad_pc, datatype: float64, description: frac error in radius}
# - {name: vrms_k, unit: km / s, datatype: float64, description: rms linewidth in km/s}
# - {name: e_vrms_k, datatype: float64, description: frac error in linewidth}
# - {name: axratio, unit: '', datatype: float64, description: minor to major axis ratio}
# - {name: e_axratio, datatype: float64, description: frac error in axis ratio}
# - {name: mlumco, unit: solMass, datatype: float64, description: CO-based mass with alphascale=2.4 from A439_12CO_3p5as.pbcor.fits.gz}
# - {name: e_mlumco, datatype: float64, description: frac error in luminous mass}
# - {name: siglum, unit: solMass / pc2, datatype: float64, description: average surface density from mlumco}
# - {name: e_siglum, datatype: float64, description: same as e_mlumco}
# - {name: mvir, unit: solMass, datatype: float64, description: virial mass}
# - {name: e_mvir, datatype: float64, description: frac error in virial mass}
# - {name: sigvir, unit: solMass / pc2, datatype: float64, description: virial surface density}
# - {name: e_sigvir, datatype: float64, description: same as e_mvir}
# - {name: alpha, unit: '', datatype: float64, description: virial parameter}
# - {name: e_alpha, datatype: float64, description: frac error in virial parameter}
# - {name: 8um_avg, unit: MJy / sr, datatype: float64}
# - {name: e_8um_avg, datatype: float64}
# - {name: flux12, unit: Jy km / s, datatype: float64, description: 12CO flux within the structure}
# - {name: flux13, unit: Jy km / s, datatype: float64, description: 13CO flux within the structure}
# - {name: mlte, unit: solMass, datatype: float64, description: LTE mass using H2/13CO=3000000.0}
# - {name: e_mlte, unit: '', datatype: float64, description: fractional unc in mlte}
# - {name: siglte, unit: solMass / pc2, datatype: float64, description: LTE mass divided by area in pc2}
# - {name: e_siglte, unit: '', datatype: float64, description: 'fractional unc in siglte [same as e_lte]'}
# schema: astropy-2.0
# # # _idx area_pc2 rad_pc e_rad_pc vrms_k e_vrms_k axratio e_axratio mlumco e_mlumco siglum e_siglum mvir e_mvir sigvir e_sigvir alpha e_alpha 8um_avg e_8um_avg flux12 flux13 mlte e_mlte siglte e_siglte
0 15.48354361763321 2.1919233029259324 0.06119249005143757 0.5018250380238296 0.09693362240979894 0.34003886715210174 0.10813211751551782 212.38228500257313 0.05 13.716645894981342 0.05 641.7101692756167 0.18882173166292668 41.44465796220023 0.18882173166292668 3.021486322495504 0.2239288652334257 2.9821175897822663 0.014464016512777903 3.3605620846184614 0.031314865066784756 18.554632577303693 0.8939285244927074 1.1983453552695145 0.8939285244927074
[from data line 73]
74 37.79806236069284 3.7043630288592277 0.05 1.3573330274061957 0.05357764858691364 0.31313058159781204 0.05512633771518237 3590.749009403212 0.05 94.99822967479207 0.05 7934.056522704555 0.11190512275136853 209.9064350704755 0.11190512275136853 2.2095825973710173 0.12037659433440609 3.3232267487618974 0.014133603468256864 56.81705462518726 3.188504434168057 1502.0392245958583 0.019539423384802586 39.73852443182027 0.019539423384802586
75 1.057699374259574 0.48946416984689745 0.23804930446288522 0.25969012619428483 0.35891957680304115 0.727890112804593 0.6132873447145915 59.55097983503797 0.05 56.30236840853358 0.05 38.37432029388298 0.7659021501155172 36.28093315337955 0.7659021501155172 0.6443944398594884 0.7868233610836872 2.816405647330814 0.036503633225669935 0.9422856156939184 0.07223801517842313 34.65896920603866 0.09823907379646722 32.76826104799498 0.09823907379646722
76 46.53877246742126 3.773996355299634 0.05 1.0419327590031533 0.05835034676502736 0.4100126842665783 0.08425755608371585 4985.84168062974 0.05 107.13307241010709 0.05 4763.100854422076 0.14496946703627214 102.34693787328426 0.14496946703627214 0.9553253311124932 0.14790565768234945 3.0660946758257017 0.019155661995848495 78.89184955442984 10.755945361359014 5781.858737150189 0.0052368075162050635 124.2374568688439 0.0052368075162050635
77 12.192923342158979 1.9373375248867228 0.059639180103700604 0.6549791007236453 0.09679057023908316 0.8764071484472454 0.15145386495000193 970.4170472259063 0.05 79.58854656869157 0.05 966.2045788660894 0.22439087079542686 79.24306187715318 0.22439087079542686 0.9956591154577725 0.22781659979085167 3.5733181580003484 0.020106238356476482 15.355080084381033 1.017959909861296 480.8840148596676 0.03076579530121306 39.43959962390105 0.03076579530121306
78 2.732390050170566 0.9072611086658855 0.14442654161807128 0.25428297878386114 0.26491998020291524 0.19678208793181426 0.32614566298206793 146.5000774218048 0.05 53.61609240696061 0.05 68.19865201013648 0.4941523915942885 24.959339903129596 0.4941523915942885 0.46551956292676966 0.4965721889640594 3.0144165228771906 0.0239410637249711 2.3180963698740515 0.14006642421688964 65.08100730073834 0.08337164257689193 23.818344418534146 0.08337164257689193
79 1.1458409887812053 0.5142704130586156 0.26912148590720775 0.19792539228872696 0.3600920868046404 0.4337896902682793 0.6862766582464161 52.74237604784677 0.05 46.02940247751755 0.05 23.420894811314874 0.7839462084203483 20.43991709201024 0.7839462084203483 0.44406218616445975 0.8134511994606506 3.133092632660499 0.009965043129857094 0.8345518331623835 0.04808004517474153 22.16010687539377 0.14610504873314856 19.339600426552003 0.14610504873314856
80 42.3961165849046 3.617488320524343 0.05 1.0238887071746698 0.06686298390778418 0.3920268751959193 0.10082064043748573 4389.927639973338 0.05 103.54551297597854 0.05 4408.811788318355 0.1502762270891241 103.99093462933206 0.1502762270891241 1.0043016992291771 0.14970074016137883 3.0762416106169206 0.020020856345601884 69.4625924036022 9.5556653489517 5153.070936366316 0.005501724333208139 121.54582427488417 0.005501724333208139
81 25.01752825505631 2.7715291748305293 0.058907931251685475 0.9107826601304284 0.08713368081918918 0.49109252486492666 0.1307004688951928 2229.134047153213 0.05 89.1028891594309 0.05 2672.7471653512584 0.20131044347995863 106.83498138194639 0.20131044347995863 1.1990069277191184 0.1995377352874303 3.1806547294556218 0.024511772944781324 35.27198199913462 4.580283090198985 2475.7681247500013 0.008092414367419956 98.96134020552658 0.008092414367419956
82 9.07858629572801 1.6810593057812708 0.12643237310586597 0.7948674627284812 0.15668451403371364 0.416943177981242 0.23761572460912714 593.1514111575223 0.05 65.33521760283686 0.05 1234.7566969791164 0.37473823233771575 136.00759598001943 0.37473823233771575 2.081688880364484 0.3723142851754083 3.335797374688306 0.0378166594561068 9.385539046616607 1.565051038232484 863.109664658744 0.01189266551748614 95.07093247159925 0.01189266551748614
83 0.9548674906510042 0.4739200714890907 0.4025949059990481 0.17503370092272116 0.8419779921768831 0.7722135547601141 0.8097912613542875 44.261258875845 0.05 46.35329960355945 0.05 16.879414153053187 1.6613291000873363 17.677231991158518 1.6613291000873363 0.38135865498992627 1.6664254493946302 3.5742589657123274 0.013769369867813406 0.7003536281969438 0.13204401939747243 74.02133148934146 0.03781839650486315 77.52000378489754 0.03781839650486315
84 3.0996467773440295 0.8893158010261432 0.1726417766884283 0.2504766732966659 0.24208385763307685 0.3463280089614231 0.46588779640076244 124.82759032526181 0.05 40.27155327428046 0.05 64.86336829562475 0.5859239404679977 20.926051564883057 0.5859239404679977 0.5196236515229607 0.6159084939508812 2.6417459142151603 0.02186757602269235 1.975169049146678 0.24277397449972457 119.16031289294726 0.04253606688288945 38.44319093514624 0.04253606688288945
85 0.9254869524771272 0.461207441176246 0.3079165645535944 0.19744003739946892 0.45507132311558185 0.639779840277444 0.6687449178906394 46.11377828871705 0.05 49.82650286456278 0.05 20.901414138722657 0.9017706214511424 22.584234259357885 0.9017706214511424 0.45325746261474176 0.9332013341233236 3.359486424733722 0.05833280499125029 0.7296664507439223 0.0934493204300933 45.48899776328258 0.06737753649971802 49.15141984609104 0.06737753649971802
86 1.4102658323460986 0.5534154208290851 0.20977423807371715 0.2573761876663781 0.37340016957028077 0.5688715657376531 0.5018776340148015 84.93803634073674 0.05 60.22838701228052 0.05 42.61837627505923 0.6386464090249624 30.220101272793293 0.6386464090249624 0.5017584360449739 0.6404403903045883 2.91898704568545 0.0261247632724786 1.343989446691071 0.0855731120621392 40.01309859643042 0.10338289028564948 28.372734897693142 0.10338289028564948
87 2.086018210345271 0.6327299054188403 0.16238622935484928 0.40123459697162756 0.22167915527086304 0.84636869369653 0.3701532960268336 205.59722164862401 0.05 98.55964853470489 0.05 118.41971844198078 0.43071306089629835 56.76830521166942 0.43071306089629835 0.5759791766270365 0.4437645603502498 2.536474953235035 0.008582077387204007 3.2532008969039214 0.5082434192154508 273.1161827191944 0.022470526221937737 130.92703666953562 0.022470526221937737
88 0.9695577597379428 0.48296922511312385 0.3825265113585177 0.19080157711145768 0.4481542385761301 0.6345722759776222 0.8466531388471812 40.72613031536189 0.05 42.004852115638336 0.05 20.440536671314536 0.9118465190500764 21.08233002728926 0.9118465190500764 0.5019022557025107 0.9070067306631016 3.169463797049089 0.02096895116517262 0.6444166746234884 0.054062316986741445 26.039089800987295 0.10882218291812504 26.85666690762733 0.10882218291812504
89 0.8226550688685574 0.41992652312917633 0.3126263516875278 0.27591051982182835 0.5224970841514072 0.8135115236930877 0.6921402585622263 25.702422744370082 0.05 31.2432557909356 0.05 37.16368244899387 1.0740120943513083 45.175291389266114 1.0740120943513083 1.445921375530028 1.0880488794926062 2.369031480380467 0.011875083423293218 0.40669394851986235 0.03340816072432103 14.474512133427208 0.18951514379967813 17.594873819150955 0.18951514379967813
90 2.3063722466493486 0.6537687636959818 0.16368083236230552 0.2338343377874745 0.25228425904226326 0.8271303157586954 0.36607383639241997 39.07856462121807 0.05 16.943736934916135 0.05 41.5575230645904 0.5611334002215049 18.018567091658486 0.5611334002215049 1.063435248131564 0.7043974155574536 2.590281639888788 0.01256108758003933 0.618346984831292 0.021754988778285172 9.510840859686837 0.5307011737864858 4.12372325131123 0.5307011737864858
91 3.7460186171693244 1.2792156098732181 0.17862813096664898 0.38145878588804866 0.27818332450488026 0.7322532873247485 0.45025266127052394 200.579560480366 0.05 53.544731347847325 0.05 216.39534301231203 0.6294549333096416 57.76675588863757 0.6294549333096416 1.0788504197240683 0.6377537895174937 3.718526460610184 0.020953381337602706 3.1738055212379495 0.2675568757879212 131.2301473862706 0.0480435871596409 35.03189941042913 0.0480435871596409
92 1.028318836085697 0.5254465995405202 0.4002298636687364 0.16894897915161283 0.6439951975890454 0.7199149414473243 0.8911185500093952 40.097756060621755 0.05 38.99350537354169 0.05 17.436071661360657 1.3381535296445408 16.955900300077346 1.3381535296445408 0.43483908762874285 1.3432153000221982 2.6968436820166453 0.03002217981684687 0.6344738630436548 0.09681468914272981 50.451408092745666 0.05340182739366306 49.062028548255824 0.05340182739366306
93 4.612744493298697 1.3181936931525695 0.18638545237494214 0.5043587643499164 0.2499205051494886 0.44625082403268734 0.34133904365026 229.46394533811636 0.05 49.745643980818144 0.05 389.82284712972745 0.5530282021565966 84.50995881000004 0.5530282021565966 1.6988413868475998 0.550740478209888 3.366643286055061 0.05193647489410173 3.6308482917129368 0.645377537379864 359.9093672641295 0.01763165777863965 78.0249952684348 0.01763165777863965
94 0.9695577597379428 0.485781074520059 0.34283717587866613 0.14632466337589536 0.5102908812095088 0.6589772143045817 0.7549351164871182 45.224478792827895 0.05 46.64444004352191 0.05 12.091622333368983 0.9995080927692054 12.47127591102687 0.9995080927692054 0.2673689704365721 0.9838664289468344 3.81091067646489 0.009671811611157344 0.7155948762894386 0.15896662117108282 91.32311655254017 0.03091494029057939 94.1904859564256 0.03091494029057939
95 3.173098122778722 1.0633658639759782 0.26347620503080205 0.26060721134312054 0.32144603460588594 0.49509309646289734 0.6223895030294465 155.00338855846908 0.05 48.84922639036787 0.05 83.95846467433066 0.8193568738964432 26.459460573128187 0.8193568738964432 0.5416556725317043 0.8310346276636509 3.254527497070807 0.059382637498259574 2.4526458517512073 0.4150666732036506 229.714813867751 0.02267649201057997 72.39448796704302 0.02267649201057997
96 2.262301439388533 0.6766523021571187 0.22601883378973625 0.16908503788563886 0.2835854779901802 0.9013816845841522 0.3721318908081012 22.098002716953626 0.06545612381352925 9.767930273220527 0.06545612381352925 22.489760864633382 0.6075859026546669 9.941098243173126 0.6075859026546669 1.0177282152010596 0.8424795773360907 2.490118153683551 0.0231923897135923 0.3496605576835376 0.0030595831107556185 1.5622489328318523 2.876341935550276 0.6905573703096372 2.876341935550276
97 2.7764608574313816 0.7633422395379192 0.15956494024587276 0.37158149329751416 0.27177824783692534 0.46419606868852425 0.36865712792026717 20.610498052989037 0.08810665966980304 7.4232986205527345 0.08810665966980304 122.52828693990278 0.6112058087284161 44.131105472619105 0.6112058087284161 5.944945465407282 0.7300729603297667 3.1052147105888084 0.016964163643445853 0.32612354045672237 0.0014463724916278851 1.041379571695453 5.1718307171560145 0.375074465360508 5.1718307171560145
98 58.4525806969284 3.804863823844141 0.05 1.4277102653378033 0.05 0.5245837008469381 0.05062845987700813 4576.346646257071 0.05 78.2916099117169 0.05 9016.296765422145 0.07596328914922769 154.24976379008598 0.07596328914922769 1.970195324429028 0.087499177621616 2.845350021451944 0.009716590983955017 72.41233830689879 5.264163781473051 2676.7908467979087 0.01593150149617156 45.794228670190606 0.01593150149617156
99 41.455939363340526 2.9343768039705393 0.05 0.8336829784190295 0.05 0.8905487748887391 0.0685678055471498 3657.9497448030256 0.05 88.23704880362087 0.05 2370.9733112022827 0.0885854509531028 57.19260852882599 0.0885854509531028 0.6481700068654047 0.10123854267541069 2.800261125000211 0.008814242448938785 57.88038237000566 4.7595036406284175 2448.7629833967458 0.014701720991728347 59.06905068377696 0.014701720991728347
100 8.652568492206793 1.274317563670518 0.06877629801609789 0.5764076634006245 0.0889200263879426 0.6342597563938627 0.13819790260728146 237.66592654777432 0.05 27.467673530909995 0.05 492.205063138846 0.21084327563660482 56.88542813410445 0.21084327563660482 2.0709954947618696 0.2756229963870316 2.6257859430005475 0.012239846503979537 3.7606298249511094 0.1619993845929994 72.25974367751297 0.18236534869094995 8.35124781070453 0.18236534869094995
101 7.051329161730494 1.313478993479964 0.11046531571563244 0.48338527424103733 0.13378320587992 0.45548106219104223 0.2280559546933097 627.9429077370609 0.05 89.05312648643323 0.05 356.79509804661996 0.31088174549984204 50.59969402407779 0.31088174549984204 0.5681967160556276 0.3144982311105764 3.159462873140971 0.0385481748325665 9.93604982139418 0.9812521688274969 526.0560958443809 0.02011715624297428 74.6038206100819 0.02011715624297428
102 4.172036420690542 0.9594441729433691 0.12250322164617954 0.4245816336938337 0.18192247772083509 0.5105399208602066 0.21255303620773203 435.17884135194004 0.05 104.30849529350719 0.05 201.0717383777192 0.35596950197031274 48.19510620294117 0.35596950197031274 0.46204392142104966 0.36139986845555633 3.3457943016374614 0.03871582896492358 6.8859111085197044 0.6241863985403087 335.35587764256366 0.026253823754203064 80.3818192907953 0.026253823754203064
103 30.129741897310918 2.610137764739453 0.05 0.7816985026168909 0.05077612572791384 0.8985518396885986 0.06182742191856819 2947.37106868506 0.05 97.82264576744062 0.05 1854.1757888105833 0.11294747098249487 61.53971697235377 0.11294747098249487 0.6290947917995969 0.1324949820111712 2.7760752285474224 0.009118689892088529 46.63677001400057 4.576758424227014 2363.2004672714793 0.012566710983825545 78.43414242730022 0.012566710983825545
104 1.6600004068240537 0.660944609061718 0.3127738389011222 0.028004988102303972 2.7979790731560423 0.8408020426790548 0.7167989560509325 7.010851010729698 0.1120276885281205 4.223403188281742 0.1120276885281205 0.6026216984910189 5.443543630059184 0.36302503060464114 5.443543630059184 0.08595557052471113 5.553962667062031 2.638261132535681 0.01646575229723384 0.11093392076100642 -0.004306967951024545 -1.8037308951890134 -1.3463870743021966 -1.0865846103254564 -1.3463870743021966
105 17.76053532610868 2.6298959330899785 0.05 0.8931787132077968 0.0696397636351752 0.5901503455656792 0.11179925074454868 1736.299676212323 0.05 97.76167465289713 0.05 2439.0696787296815 0.1573468408660152 137.33086497365616 0.1573468408660152 1.404751559967129 0.16145603163648908 3.1758481454415395 0.015375118775939858 27.473774179606824 1.7115735780369419 813.9365522282451 0.02442985857860525 45.82837945384037 0.02442985857860525
106 7.433276157990894 1.4489817750411462 0.07275188562714908 0.4816700085531148 0.11768073960454853 0.1957649337536002 0.18312439912618134 681.3597825968998 0.05 91.66345607440223 0.05 390.81484302765705 0.25547870335758155 52.576392255724905 0.25547870335758155 0.5735807322500388 0.2654625526640727 3.1271276737861484 0.02389526577097507 10.781275248614621 0.9644878451564182 469.63335046573377 0.025565475690587383 63.179860465814954 0.025565475690587383
107 70.6895748463482 4.929838396595224 0.05 0.9536962604658216 0.05 0.2807409036572459 0.03799743291941922 7711.8683013797845 0.05 109.09484627885236 0.05 5212.688318984148 0.0778934387312536 73.7405526955639 0.0778934387312536 0.6759306714368436 0.07799583750144241 3.1550828796669728 0.008660086777984844 122.02623859623458 12.727440787469902 6294.894775964321 0.006797251536448446 89.04983216615729 0.006797251536448446
108 67.09045892004826 4.846728598367773 0.05 0.9423410125902638 0.05 0.2790399352152001 0.04902647964997858 7468.15500267279 0.05 111.31471036101563 0.05 5003.498830597582 0.07564907473407094 74.57839625989523 0.07564907473407094 0.6699779033518817 0.07975840909291071 3.163554270000721 0.00879151392095738 118.16992229925567 12.458698603042642 6171.306257681488 0.006799006189334994 91.98485681899773 0.006799006189334994
