plotting_scripts/clumpdata/A439_13_physprop_add.txt
# %ECSV 0.9
# ---
# datatype:
# - {name: # # _idx, datatype: int64}
# - {name: area_pc2, unit: pc2, datatype: float64, description: projected area of structure}
# - {name: rad_pc, unit: pc, datatype: float64, description: equivalent radius in pc}
# - {name: e_rad_pc, datatype: float64, description: frac error in radius}
# - {name: vrms_k, unit: km / s, datatype: float64, description: rms linewidth in km/s}
# - {name: e_vrms_k, datatype: float64, description: frac error in linewidth}
# - {name: axratio, unit: '', datatype: float64, description: minor to major axis ratio}
# - {name: e_axratio, datatype: float64, description: frac error in axis ratio}
# - {name: mlumco, unit: solMass, datatype: float64, description: CO-based mass with alphascale=2.4 from A439_12CO_3p5as.pbcor.fits.gz}
# - {name: e_mlumco, datatype: float64, description: frac error in luminous mass}
# - {name: siglum, unit: solMass / pc2, datatype: float64, description: average surface density from mlumco}
# - {name: e_siglum, datatype: float64, description: same as e_mlumco}
# - {name: mvir, unit: solMass, datatype: float64, description: virial mass}
# - {name: e_mvir, datatype: float64, description: frac error in virial mass}
# - {name: sigvir, unit: solMass / pc2, datatype: float64, description: virial surface density}
# - {name: e_sigvir, datatype: float64, description: same as e_mvir}
# - {name: alpha, unit: '', datatype: float64, description: virial parameter}
# - {name: e_alpha, datatype: float64, description: frac error in virial parameter}
# - {name: 8um_avg, unit: MJy / sr, datatype: float64}
# - {name: e_8um_avg, datatype: float64}
# - {name: flux12, unit: Jy km / s, datatype: float64, description: 12CO flux within the structure}
# - {name: flux13, unit: Jy km / s, datatype: float64, description: 13CO flux within the structure}
# - {name: mlte, unit: solMass, datatype: float64, description: LTE mass using H2/13CO=3000000.0}
# - {name: e_mlte, unit: '', datatype: float64, description: fractional unc in mlte}
# - {name: siglte, unit: solMass / pc2, datatype: float64, description: LTE mass divided by area in pc2}
# - {name: e_siglte, unit: '', datatype: float64, description: 'fractional unc in siglte [same as e_lte]'}
# schema: astropy-2.0
# # _idx area_pc2 rad_pc e_rad_pc vrms_k e_vrms_k axratio e_axratio mlumco e_mlumco siglum e_siglum mvir e_mvir sigvir e_sigvir alpha e_alpha 8um_avg e_8um_avg flux12 flux13 mlte e_mlte siglte e_siglte
0 148.06322212725343 6.682744919035184 0.05 1.8645372510498819 0.05 0.587315418510468 0.04167543976760028 19391.416094634285 0.05 130.96713563323829 0.05 27008.839792023384 0.049648752722289795 182.41423767483965 0.049648752722289795 1.3928245188600168 0.05969058130633353 3.103000307026358 0.01205473241397867 306.83378507786085 34.870827811592356 17823.732773325082 0.0036567675837891256 120.37920367561917 0.0036567675837891256
1 123.44233113754446 6.260310389306314 0.05 1.8112207576091888 0.05 0.5063066051840283 0.042124083348132 16781.318607775243 0.05 135.94460225379913 0.05 23875.22952688926 0.0604249411873583 193.41201115431392 0.0604249411873583 1.4227266691562135 0.06805090917990163 3.1071867509837605 0.013628102010394272 265.53377414233273 32.00159983395521 16488.79031511683 0.0036264552985441575 133.57484554260685 0.0036264552985441575
2 116.00905497955355 6.200973839586291 0.05 1.7893531275676848 0.05 0.515408894253048 0.04236358099392306 15782.410786683518 0.05 136.04464573446572 0.05 23081.335203323673 0.057638351961471046 198.96149664689304 0.057638351961471046 1.4624720846069128 0.061666246723352136 3.0741313256477123 0.013606299154577128 249.7278414449393 30.989476434363805 16009.305811507147 0.0036016501315148507 138.00048465465707 0.0036016501315148507
3 101.21595400900645 6.05147202016657 0.05 1.7688085662733581 0.05 0.501937170700946 0.042712768142013725 14367.230516561869 0.05 141.94630339880447 0.05 22010.586287325055 0.06528813253242308 217.46162947163938 0.06528813253242308 1.5319992438314596 0.06213772175972691 3.0400400175238556 0.014732582034878386 227.33520638701714 29.492400791148995 15307.618865211474 0.003568147246798285 151.23721368915184 0.003568147246798285
4 109.51595604312672 6.166218429027538 0.05 1.7818495880829464 0.05 0.5098376158789782 0.04078726936773513 14844.469450911696 0.05 135.5461796367466 0.05 22759.876565791914 0.060206404097250935 207.8224706985091 0.060206404097250935 1.5332226349385683 0.06385611166697379 3.0724365586805953 0.0140605267122287 234.8866512537439 30.082187760151303 15582.30899667806 0.003568620702574015 142.2834585906536 0.003568620702574015
5 142.21649503065188 6.609134059689216 0.05 1.8443979515872326 0.05 0.5814014277039289 0.04007441084442325 18526.979620640403 0.05 130.27307146507363 0.05 26137.42135969506 0.0540773383403207 183.78614487765057 0.0540773383403207 1.4107761704760593 0.06096268606452027 3.0965569688938652 0.012293309436378672 293.155662316667 34.10415579552729 17472.370790653946 0.0036227333653415885 122.85755451143787 0.0036227333653415885
6 16.555933260979717 2.3675704603283756 0.057263028981282764 0.9098658715028172 0.07286869659045693 0.6028017742970103 0.08508878420996335 1649.769383376862 0.05 99.64822625041404 0.05 2278.5920548342424 0.16337224104874767 137.62993719022782 0.16337224104874767 1.3811579229154216 0.19296051251837437 2.6580024300789344 0.0103814494528754 26.1045893115027 5.205797608228063 2792.9160791856957 0.006558851311971333 168.69578024745078 0.006558851311971333
7 19.62619950014987 2.522197940742766 0.050492140209584854 0.9492473265912389 0.06806739338925102 0.521344341723128 0.10586421498707255 1886.2701262318733 0.05 96.1098008922955 0.05 2642.0853787324086 0.1475263104576159 134.62032619775587 0.1475263104576159 1.40069300891193 0.1499414512674388 2.6758124048481444 0.010542098148551875 29.846782193802348 5.712098682131206 3052.0686589923052 0.006407910208681883 155.50991718845 0.006407910208681883
8 12.295755225767547 2.096495564691839 0.07378299170369365 0.8283893977379343 0.08590918247451601 0.633952458689447 0.14699954182400674 1111.3455957286112 0.05 90.38449247913009 0.05 1672.522339469732 0.20419868159038979 136.0243684718705 0.20419868159038979 1.5049525061312785 0.22565649901106874 2.6459580074501723 0.011643781732791734 17.585017311155106 3.906963978506095 2130.5267078728516 0.007028474007231412 173.27335074205303 0.007028474007231412
9 6.375576783731321 1.1347995891513272 0.08774657284480127 0.5807273580831812 0.10686536688813013 0.3739168484668268 0.17485307222166663 692.8260843785631 0.05 108.66876956865462 0.05 444.9105024384109 0.21510513795270625 69.78356900566195 0.21510513795270625 0.6421676557363997 0.24753983528699194 2.6818546358890796 0.016188641794883992 10.962708895030804 2.7241869665772525 1506.461756148839 0.007951955530242423 236.28634823956722 0.007951955530242423
10 14.763720432373217 1.9770398649023433 0.06529917316091254 0.6007441079846021 0.102110110915428 0.8292728451831707 0.144940143282535 990.6294583734353 0.05 67.09890389154403 0.05 829.4751545091798 0.21795200206202675 56.183342017933654 0.21795200206202675 0.8373213086870414 0.23320365353327377 2.9804197690973235 0.02089714551750044 15.674904886615838 1.4768682291844015 693.7731313604293 0.021901983434328955 46.99175485869774 0.021901983434328955
11 10.415400782639416 1.5487003205796819 0.08166228403413206 0.5974095547496919 0.10954705808279697 0.5932477570536787 0.17900603348139638 645.857191166743 0.05 62.00982608785153 0.05 642.5702763413324 0.246423225111628 61.69424391353048 0.246423225111628 0.99491077149815 0.2595056481860787 3.014186427690751 0.024182222032480844 10.219511431001978 1.0656907428989775 505.7980174391845 0.02388118116557687 48.5625112268611 0.02388118116557687
12 1.0136285669987584 0.4722090198379594 0.290733754999994 0.20414282774924222 0.44281779146875416 0.6535116363189366 0.6378888008294092 61.04519345352798 0.05 60.224420898353344 0.05 22.877651840082667 0.8201189084157519 22.57005434231284 0.8201189084157519 0.37476581768061384 0.8984333895272576 2.7785382063492485 0.0246245549544953 0.9659288124874127 0.3302045910959316 197.0295548039713 0.017773477551543317 194.38042811614312 0.017773477551543317
13 3.6725672717346316 0.9257922419080229 0.2295491885922662 0.27209760311267367 0.2921763131459734 0.6926224048959094 0.32654548829476826 172.77803132624112 0.05 47.04557290372911 0.05 79.6841390939994 0.7111528902964738 21.69712171299803 0.7111528902964738 0.46119369738354676 0.7431817042169598 2.9094199962615965 0.009732721118563097 2.7338969585654405 0.330252658615717 162.46983156137708 0.03629109395846923 44.23876257129502 0.03629109395846923
14 0.9695577597379428 0.45029097460027745 0.3979640174257006 0.2608814576490788 0.48274297490098245 0.5206075343616868 0.7956482882321283 15.153912533677 0.05 15.62971610662255 0.05 35.62776528875885 1.1683583159398494 36.74640827833559 1.1683583159398494 2.3510605072836595 1.2516385080800247 3.9454032796801943 0.010751657084940419 0.23978303722661892 0.024650747390624093 10.952746722140498 0.23803171883918142 11.29664180615796 0.23803171883918142
15 1.9391155194758856 0.6033091694436931 0.21258033605714993 0.3094230355110689 0.2666988943778921 0.7755969449044834 0.4098051021714827 115.00002866545587 0.05 59.30540368040512 0.05 67.15125385066202 0.4981007891511348 34.62983673546794 0.4981007891511348 0.5839238009758266 0.5786739498584005 2.7918025887373723 0.030160364212994357 1.8196655890875943 0.15909083128206503 74.72438585672118 0.0671128790810643 38.53529359453432 0.0671128790810643
16 42.30797497038296 3.956789788581966 0.05 1.3234965331723327 0.06297218340024342 0.35252410540227247 0.07887512555896556 4622.094900125226 0.05 109.24878591709604 0.05 8057.447970438306 0.14724632741640087 190.44749780812714 0.14724632741640087 1.7432458970541704 0.1510124914113325 3.0596666707760756 0.021061466265200054 73.13622128021927 12.33577935654501 6619.065409871963 0.004463988924055827 156.44959170240452 0.004463988924055827
17 26.66283839279343 2.9199082422629106 0.05 1.1438910831338502 0.059661155939768645 0.30367569731647054 0.10089226547575902 2056.519121812221 0.05 77.13053994911763 0.05 4441.68206653587 0.13028179551473645 166.58699276879656 0.13028179551473645 2.159805867801426 0.15985143656133494 3.3386632935074734 0.017269867274333602 32.54066263300639 2.9170863127150586 1377.7957080247338 0.016382003604320048 51.67475749307814 0.016382003604320048
18 13.85292374898303 2.0280533810477595 0.057679227076138165 0.7625946714653552 0.09855754024790632 0.6863030892439443 0.1647487923748928 916.1096061781924 0.05 66.13113756909588 0.05 1371.1211508378476 0.23074481717736617 98.97702287854607 0.23074481717736617 1.4966780629643905 0.2434558445838979 3.5332311934150544 0.01829662804865692 14.495763287508348 1.2507565820763 585.2589685266098 0.025727392315953588 42.248046631280616 0.025727392315953588
19 11.825666614985515 1.821223428181773 0.0739585426119118 0.7794645749126966 0.10463882327939227 0.5426639891560406 0.1984052964802438 752.9391377463252 0.05 63.66991073401298 0.05 1286.367053281906 0.24968685858449655 108.7775509967293 0.24968685858449655 1.7084608686064868 0.2692007517376868 3.5342002907154724 0.02013721837189655 11.91388852821736 1.0740403601331476 506.2617414489287 0.026412689214406346 42.81041889066893 0.026412689214406346
20 0.8961064143032502 0.4629636514195117 0.32707105957006355 0.17107386275139322 0.5605005145457899 0.30607420868084456 0.7032533802968508 46.121696359728794 0.05 51.468994779587426 0.05 15.751544099986246 1.0896089345396043 17.577760686194335 1.0896089345396043 0.3415213520580679 1.1047814012798525 2.666248556043281 0.010999235424938948 0.7297917812859483 0.23861086159875652 140.32707607093704 0.021095724301366074 156.5964419304437 0.021095724301366074
21 39.34054061482137 3.807336265089522 0.05 1.2628853385913226 0.05707496010497289 0.32343624191676773 0.08595164323975124 4094.532175160411 0.05 104.07920458565876 0.05 7059.2407556784565 0.13833089023793874 179.4393428599433 0.13833089023793874 1.7240652786913067 0.13295165921477578 3.045158192237159 0.021767811855260773 64.7885006449962 11.264294604056222 6067.204070425011 0.004574640521118028 154.22269179847567 0.004574640521118028
22 0.8373453379554959 0.4373840619354301 0.35473077011063514 0.20930379987681647 0.39816365641104345 0.5301276360095665 0.783997528077175 38.992955424023485 0.05 46.56735238919539 0.05 22.275429930396637 0.9035554388038212 26.602440977082928 0.9035554388038212 0.5712680582470747 0.9609889973010645 2.841736488174974 0.006553416735293327 0.6169924193609555 0.11440635760174055 58.899493942414416 0.04730056863616463 70.3407438634893 0.04730056863616463
23 33.772928630871675 3.700275398585217 0.05 1.2511831622290253 0.061658120217122046 0.30249660137426093 0.10327438376826821 3319.058154660203 0.05 98.27569859092017 0.05 6734.180398838216 0.1407527975289405 199.39580817644975 0.1407527975289405 2.0289431775646745 0.14978111307075162 3.041289760839322 0.023954440686138685 52.51803805699506 9.632632474752931 5221.14262309969 0.0047727779071390876 154.59549511282444 0.0047727779071390876
24 31.62814934417865 3.644731914276792 0.05 1.2143928504407642 0.061483522608604124 0.3018927216691895 0.10210278538501717 3038.768543665566 0.05 96.07797505309522 0.05 6248.746529601958 0.14357262642573265 197.56914834323297 0.14357262642573265 2.056341718630634 0.1516501373412966 3.0485268466371855 0.025036378495911876 48.08296921173486 8.981224872368719 4882.300449773353 0.004876872980077254 154.36566953835919 0.004876872980077254
25 1.2192923342158977 0.5256786808429127 0.36028024533650094 0.2616210897354802 0.3886430125582064 0.48686958800106084 0.6772583595403306 37.73167496822471 0.05 30.94555252206124 0.05 41.8287397972865 1.0712323030031068 34.305751478529324 1.0712323030031068 1.1085842288345824 1.032821620294658 3.2207227097936424 0.0197720008144839 0.597034936119482 0.07323189679367406 34.901703865817154 0.08217300825185372 28.624557775360522 0.08217300825185372
26 2.056637672171394 0.7099644103622536 0.2833612311164873 0.24291837811779773 0.41382629670955395 0.360614111293777 0.48789645430223605 70.9053743025714 0.05 34.476356852740935 0.05 48.70418044774534 0.808530276618231 23.68145887181166 0.808530276618231 0.6868898292520411 0.8582339499464462 2.9285895603043692 0.02662716617442693 1.1219482361330615 0.08445739561006028 39.17334104580596 0.09757005333731948 19.047273895574822 0.09757005333731948
27 12.707082760201827 2.2368915575379544 0.08869609272484162 0.9358974814313086 0.0831570977179027 0.46669612955223216 0.16691983406702193 1061.3607088596482 0.05 83.52512759134581 0.05 2277.772802827035 0.2233794355405284 179.252220656101 0.2233794355405284 2.1460873610766407 0.2480736530874377 3.3939018685004614 0.034633065052042666 16.79409772492589 3.1808386817810788 1738.3042324660332 0.008085065235972123 136.79805705762348 0.008085065235972123
28 8.109028535990067 1.2535096051431787 0.1164483750304776 0.28577230105332696 0.16987917287921683 0.3276147306568682 0.2472835205595689 262.4907311766606 0.05 32.370182200205065 0.05 119.00818868800032 0.4055737166276671 14.676010592367472 0.4055737166276671 0.4533805371127785 0.5130427842898797 2.5550880013168724 0.01754960660797466 4.153436827303281 0.5329148498912275 251.80071223441493 0.03410041748093306 31.051896181750394 0.03410041748093306
29 5.7292049439060255 1.0588486876137169 0.14068789740823362 0.23179310975614345 0.24756721445785712 0.4068432324413214 0.31679845867776696 191.17461942738063 0.05 33.36843790703055 0.05 66.13690421994927 0.5681195072011631 11.543818883682457 0.5681195072011631 0.345950233446506 0.6632712631399565 2.596034027979924 0.016955792320912128 3.0249896754751053 0.42101066630174566 201.60405282121985 0.03407017957030239 35.18883593711545 0.03407017957030239
30 3.5991159262999393 1.0118874361961965 0.19237955320470437 0.2977620459126524 0.23622170478126106 0.44969427409997714 0.4003764488622201 227.0740249004535 0.05 63.09161181532052 0.05 104.29891698187159 0.4937949971706595 28.97903794088005 0.4937949971706595 0.4593168110161211 0.4785372497305078 3.5691550683002085 0.033985987899546426 3.593032201849209 0.8413656231186682 475.3177433463911 0.013602007476648068 132.06513851723585 0.013602007476648068
31 1.3221242178244674 0.5345480593859389 0.3392335551638654 0.1762472193136885 0.3878680130119497 0.778316056234199 0.6923279712403267 55.03444849715453 0.05 41.625777483837915 0.05 19.30368492090336 0.7555415634907359 14.600507774274979 0.7555415634907359 0.35075639800226993 0.8787664785879205 3.35882228480445 0.05115013521343014 0.8708196808723729 0.11709658641788125 56.61052299026431 0.059698932126988416 42.81785495421599 0.059698932126988416
32 4.818408260515836 1.0649098426664707 0.12370276791925018 0.3176270603794477 0.2330329471097952 0.4641380868636067 0.27834002049133255 311.3202915436711 0.05 64.61060887985913 0.05 124.8983632527901 0.47517431555445483 25.921083581950167 0.47517431555445483 0.40118927884040523 0.5035870492770562 2.5885815584078067 0.014743458807822763 4.926075958361543 0.9071490750013649 482.7620284852902 0.015908318717199145 100.19118397277693 0.015908318717199145
33 1.8362836358673158 0.6845379627997441 0.24874627788818046 0.28124458197666946 0.327290315811183 0.7854838855436498 0.599603685041714 72.25803576856742 0.05 39.35014959409493 0.05 62.94696322215925 0.7244238125544226 34.279542654873175 0.7244238125544226 0.8711413554579553 0.766681339124557 3.4737174129486084 0.028966879041278648 1.143351647296068 0.14045519303225862 66.98696787186051 0.058773673661455236 36.479641033353296 0.058773673661455236
34 1.8215933667803774 0.5786133598755155 0.25751598244392915 0.33744692211246646 0.30925638493496765 0.5563893943283617 0.5625062913793936 57.956462802306476 0.05 31.81635586692058 0.05 76.59639235438767 0.7309112351593164 42.049116861777975 0.7309112351593164 1.3216195166303246 0.7700161270679255 3.5795914069298775 0.026751876773051676 0.9170553477049272 0.08085668741059027 36.145039456250245 0.11282857396991389 19.84254011647821 0.11282857396991389
35 1.1164604506073281 0.4828110296083069 0.28820449930419195 0.24794542467745878 0.4210324094592718 0.6453666879076649 0.5682204772279985 63.707183647595905 0.05 57.061746892100565 0.05 34.50629220894028 0.9161889453318907 30.906864806693036 0.9161889453318907 0.5416389523639291 0.972256861360134 2.700513736197823 0.021544490187307534 1.008049947904061 0.17647676754475597 92.8196240236631 0.03824289988094207 83.1374044402302 0.03824289988094207
