plotting_scripts/clumpdata/A439_13_physprop_add.txt
# %ECSV 0.9
# ---
# datatype:
# - {name: # # _idx, datatype: int64}
# - {name: area_pc2, unit: pc2, datatype: float64, description: projected area of structure}
# - {name: rad_pc, unit: pc, datatype: float64, description: equivalent radius in pc}
# - {name: e_rad_pc, datatype: float64, description: frac error in radius}
# - {name: vrms_k, unit: km / s, datatype: float64, description: rms linewidth in km/s}
# - {name: e_vrms_k, datatype: float64, description: frac error in linewidth}
# - {name: axratio, unit: '', datatype: float64, description: minor to major axis ratio}
# - {name: e_axratio, datatype: float64, description: frac error in axis ratio}
# - {name: mlumco, unit: solMass, datatype: float64, description: CO-based mass with alphascale=2.4 from A439_12CO_3p5as.pbcor.fits.gz}
# - {name: e_mlumco, datatype: float64, description: frac error in luminous mass}
# - {name: siglum, unit: solMass / pc2, datatype: float64, description: average surface density from mlumco}
# - {name: e_siglum, datatype: float64, description: same as e_mlumco}
# - {name: mvir, unit: solMass, datatype: float64, description: virial mass}
# - {name: e_mvir, datatype: float64, description: frac error in virial mass}
# - {name: sigvir, unit: solMass / pc2, datatype: float64, description: virial surface density}
# - {name: e_sigvir, datatype: float64, description: same as e_mvir}
# - {name: alpha, unit: '', datatype: float64, description: virial parameter}
# - {name: e_alpha, datatype: float64, description: frac error in virial parameter}
# - {name: 8um_avg, unit: MJy / sr, datatype: float64}
# - {name: e_8um_avg, datatype: float64}
# - {name: flux12, unit: Jy km / s, datatype: float64, description: 12CO flux within the structure}
# - {name: flux13, unit: Jy km / s, datatype: float64, description: 13CO flux within the structure}
# - {name: mlte, unit: solMass, datatype: float64, description: LTE mass using H2/13CO=3000000.0}
# - {name: e_mlte, unit: '', datatype: float64, description: fractional unc in mlte}
# - {name: siglte, unit: solMass / pc2, datatype: float64, description: LTE mass divided by area in pc2}
# - {name: e_siglte, unit: '', datatype: float64, description: 'fractional unc in siglte [same as e_lte]'}
# schema: astropy-2.0
# # _idx area_pc2 rad_pc e_rad_pc vrms_k e_vrms_k axratio e_axratio mlumco e_mlumco siglum e_siglum mvir e_mvir sigvir e_sigvir alpha e_alpha 8um_avg e_8um_avg flux12 flux13 mlte e_mlte siglte e_siglte
0 148.06322212725343 6.682744919035184 0.05 1.8645372510498819 0.05 0.587315418510468 0.04167543976760028 19391.416094634285 0.05 130.96713563323829 0.05 27008.839792023384 0.049648752722289795 182.41423767483965 0.049648752722289795 1.3928245188600168 0.05969058130633353 3.103000307026358 0.01205473241397867 306.83378507786085 34.870827811592356 17823.732773325082 0.0036567675837891256 120.37920367561917 0.0036567675837891256
[from data line 72]
73 1.39557556325916 0.6217975292734693 0.32662748633116095 0.16394518409554698 0.4589343094147769 0.34872620325557957 0.6636998959938533 58.81875458945168 0.05 42.14659251562788 0.05 19.429214147866364 1.0144070130864047 13.922007993957928 1.0144070130864047 0.3303234535222669 1.0669385150089745 3.118065964548211 0.05019977033050843 0.9306995098716978 0.12922282264810797 69.12965939161748 0.04764894245362786 49.534873790836095 0.04764894245362786
74 11.66407365502919 1.6099627157017875 0.09540872079610968 0.5866438911001619 0.1312550425618716 0.3193615730839905 0.14638571640103853 376.07739752365677 0.05 32.2423716315872 0.05 644.1304636560644 0.33798744213700704 55.22345646182843 0.33798744213700704 1.7127603729908976 0.3635739343102501 2.594967446939771 0.015290747792112291 5.950739113833567 0.8220026558501047 373.45519105093086 0.031588839553708725 32.017561110813844 0.031588839553708725
75 2.423894399344857 0.7433927630710379 0.1747093734009701 0.26582725137682006 0.20981429800684628 0.4977126743215938 0.3697096201571584 117.58902210500189 0.05 48.51243607674677 0.05 61.069764597911146 0.5126696437112421 25.194894882556518 0.5126696437112421 0.51934920033078 0.5209340354465948 3.0763115680578985 0.03502501558511052 1.8606316922846924 0.41739481656590677 208.5800616858812 0.025273302598972758 86.0516290405462 0.025273302598972758
76 3.452213235430554 0.7935844595923225 0.140777519703385 0.3884984137616868 0.1727294201307716 0.5229797179426576 0.24817719329527066 216.73047191031895 0.05 62.78015207345345 0.05 139.24530795824327 0.40830237045806805 40.335083166111794 0.40830237045806805 0.6424814504896279 0.4727134675532187 4.01711543773083 0.009819031105219127 3.4293643354622367 0.3256398360627701 156.7489809798626 0.04423736759286857 45.405358907475815 0.04423736759286857
77 3.0702662391701523 0.750262997306506 0.1364799037370551 0.34006913386045134 0.18575539429373958 0.7925585548109035 0.24546510897444737 210.8993154337329 0.05 68.69088834808537 0.05 100.86880455817109 0.4393186652270592 32.853438985615284 0.4393186652270592 0.4782794308778365 0.5534104575796702 3.4576755859064714 0.02113873655757707 3.3370969274734525 0.36517976032526106 176.29982221233308 0.03864190711400718 57.42167241495784 0.03864190711400718
78 1.5424782541285453 0.5099451183212923 0.27626603157520757 0.3226670395184084 0.3590501002485317 0.9803061379419009 0.37397485845760237 13.913156359461533 0.06340642277453647 9.020001625450503 0.06340642277453647 61.72222353248457 0.8046078043218274 40.014971599943756 0.8046078043218274 4.4362488236187225 0.9332711533587688 2.446018545968192 0.02465166179680593 0.22015030064661006 0.0685661624998498 32.218708031810095 0.11885867142242089 20.887625446630828 0.11885867142242089
79 2.2035403630407795 0.6806952407604101 0.19775282650780474 0.26969312495837694 0.19558482115738518 0.6018678777914254 0.2889430944827172 107.52270194507658 0.05 48.79543109285297 0.05 57.55742824120243 0.4638424121237779 26.12043292085467 0.4638424121237779 0.5353048909671486 0.5046635905777788 3.3457114839553834 0.014289643237821453 1.7013506291313267 0.10638474900098349 49.086177373641455 0.10401371232701609 22.27605093918266 0.10401371232701609
80 1.1752215269550823 0.485616882015615 0.297740065761278 0.20841303840403713 0.4096595158295941 0.7291304282969227 0.7059523336794377 42.20277555691008 0.05 35.91048546077484 0.05 24.521806546270632 0.8557883354589414 20.86568870960434 0.8557883354589414 0.5810472468381418 0.8394618264543572 3.4838756322860718 0.028822747694600425 0.6677819772945931 0.08160545411495335 38.84158322523923 0.07807896336481869 33.05043545779415 0.07807896336481869
81 1.6012393304762993 0.595485289897264 0.29180608567495675 0.3046264133253979 0.3225142125960971 0.48459222715294276 0.689419303549462 26.211106305033148 0.05 16.369262112264305 0.05 64.24141044529186 0.8113033316765094 40.11980546729565 0.8113033316765094 2.450923272664611 0.8517116956947967 2.5708908312911287 0.03833378408846221 0.41474295118744126 0.07114475343074284 32.63558660092167 0.09314093587904665 20.38145452698442 0.09314093587904665
82 1.057699374259574 0.4691597016996388 0.21057521205195076 0.3429918386702253 0.30745100375893397 0.8080243457684753 0.52670765870219 97.15198807391978 0.05 91.85217504920008 0.05 64.16485093681081 0.6361084797805582 60.66454466963112 0.6361084797805582 0.6604584446382081 0.6557059631471158 3.482442640595966 0.06882155110240715 1.5372531249610355 0.22933934359257757 120.36540946163444 0.03578466308511497 113.79926318467795 0.03578466308511497
83 3.0702662391701523 0.7471982667954677 0.148217005675712 0.4025253618198131 0.18175330918190558 0.6537234882311773 0.33627524855678737 148.83153465338393 0.05 48.475123347482366 0.05 140.74444715657427 0.40717465627991895 45.841121320675896 0.40717465627991895 0.9456628091913195 0.4585917735147524 2.712670726639232 0.01400645588780062 2.354987590616436 0.3843555693722995 177.55184009272784 0.03763577672070622 57.829460464222635 0.03763577672070622
84 3.7607088862562628 0.8120473476462536 0.1768520319206511 0.5917244408917861 0.2469506715309733 0.6103147197996418 0.3278007187483859 153.9122204937252 0.05 40.926385197271365 0.05 330.5440040736597 0.49187226840904297 87.8940683980227 0.49187226840904297 2.147613769805469 0.5889169563208082 3.431072619743645 0.020345929517571058 2.4353799883139273 0.21901735222805957 96.98091497207643 0.06876332609830928 25.787934643518682 0.06876332609830928
85 2.365133322997103 0.6662832131934916 0.22051509189935153 0.23719047081599556 0.3328127433940548 0.5750484093907012 0.447454690459945 59.343071628561425 0.05 25.0907934244323 0.05 43.57749496061866 0.702732786799235 18.424963420411814 0.702732786799235 0.7343316374551313 0.8445178844568914 3.735963369748607 0.02577060870879868 0.9389958060970828 0.11812595663626996 52.91916428476687 0.08395297860809611 22.374706647702876 0.08395297860809611
86 1.4837171777807912 0.7271625153760052 0.32078822265539125 0.1827679503810973 0.5699319960887808 0.4218469647322287 0.6845488783455456 46.79033750985867 0.05 31.535887169442486 0.05 28.238425757276428 1.218207806642156 19.032215964172423 1.218207806642156 0.6035097684714633 1.222043474286177 2.967300858828101 0.01813412525113003 0.74037172883153 0.12294776316930833 61.879188562902996 0.05032550503146252 41.70551469617427 0.05032550503146252
87 4.025133729821158 0.8676263537536169 0.1511025784834319 0.32725336392963433 0.2440884360754679 0.6048623037855363 0.32905135528570933 182.69937054260342 0.05 45.38963989917448 0.05 108.02142187016251 0.5127103680594538 26.83672869546177 0.5127103680594538 0.5912522935867102 0.6238253857405374 3.2039240816213788 0.02453582235481524 2.8908841214056866 0.2189052660516335 101.03124942157275 0.06714037571108533 25.100097587580454 0.06714037571108533
88 1.6306198686501765 0.5727545804766412 0.22875044116445953 0.33085577375767783 0.358303435055641 0.7247573596001682 0.5864501212318093 43.3389550202925 0.05 26.57820860245521 0.05 72.88781350249411 0.7036485980953524 44.69945135823132 0.7036485980953524 1.6818082823724294 0.7942575223876837 3.578717459429492 0.02463605471922322 0.6857598821944676 0.054332683403708094 23.645550364551895 0.15102648870785346 14.500958082968552 0.15102648870785346
89 1.7187614831718077 0.579507385392807 0.26544842771969485 0.17455637796349896 0.3047004313456951 0.9294174337769485 0.5160318767422069 37.90274063362365 0.05 22.052356306983224 0.05 20.52765471870002 0.6246130876221913 11.943282950941061 0.6246130876221913 0.5415876101711196 0.7750579519254892 3.6017796198527017 0.00876616415712282 0.5997417244332012 0.07080954537482291 31.96325672013111 0.1084260886885775 18.59667966328057 0.1084260886885775
90 4.583363955124821 0.9042089295790626 0.12219826577286967 0.5180586625981526 0.1478704855766125 0.5148511225230985 0.2337876942629147 198.8672910180022 0.05 43.38893724458465 0.05 282.12111219007875 0.3567966047065986 61.55328596033251 0.3567966047065986 1.4186400928272318 0.4072918347602387 2.8926848272482553 0.0325303627020494 3.1467121034669607 0.32672242580403926 146.20006465132332 0.05315728689611582 31.897982809733417 0.05315728689611582
91 3.8194699626040167 0.9769588081409475 0.1639658974788234 0.21485535595698732 0.35461862273295197 0.6115682685962901 0.49451619252702117 114.65276212667253 0.05 30.017977166786046 0.05 52.4297198333609 0.7605353079673765 13.726962208550963 0.7605353079673765 0.45729138017132676 0.8501543270713209 2.8726550276462848 0.016321484839232885 1.8141707233048603 0.18442969392243436 84.93252230426626 0.06843134848317184 22.23673000071493 0.06843134848317184
92 1.557168523215484 0.5815353609556039 0.23572256246476417 0.25362738297775844 0.345369805280725 0.700679926186715 0.5460714304989785 45.27765378290112 0.05 29.07691306873117 0.05 43.4887899879509 0.7434875209873864 27.92812039261395 0.7434875209873864 0.9604912435717733 0.8255353069378492 2.6476127179163806 0.02847845610839991 0.7164362307598807 0.06946602340407285 30.679841409700337 0.16456978295592614 19.702325697123538 0.16456978295592614
93 1.1899117960420207 0.4781885657158254 0.28936855197866274 0.19891576454815724 0.46924258125745716 0.7614396493932295 0.5204397486974572 24.471554455381344 0.05 20.565855836357432 0.05 21.996141735301183 0.951285413630844 18.48552288368474 0.951285413630844 0.8988453012008882 1.1534083723521324 2.7033218601603566 0.02286903506588852 0.38721767013752756 0.061178819007396884 27.81387753047593 0.11289125823636148 23.374738886523073 0.11289125823636148
94 1.7922128286065004 0.5744447044389495 0.18809458376001628 0.26597088636070926 0.2578310010292809 0.6756824537201883 0.47186770511768705 66.32237944323644 0.05 37.005861348958256 0.05 47.24168146105106 0.462631057846725 26.359414856874388 0.462631057846725 0.71230377826664 0.560925702957565 3.2686857981759996 0.028964909502264647 1.0494306960719741 0.1513338014584341 68.22859471373734 0.06374752178570209 38.069471228362495 0.06374752178570209
95 2.1594695557799635 0.711509193085016 0.23895457441657533 0.09891020635918811 0.09536814785074782 0.49484527694959474 0.5002117088071735 49.867505842993886 0.05 23.092479219964087 0.05 8.092293897991182 0.3013157903876023 3.7473526201523057 0.3013157903876023 0.16227589010506138 0.4304383427883502 2.9576222166723136 0.032019559779120244 0.7890622930146008 0.08637022061372522 39.043618001451364 0.08889121045618542 18.080189135775743 0.08889121045618542
96 1.9538057885628242 0.6139489179523783 0.20704762456690537 0.27513976953850416 0.24544933416662534 0.6399463965099362 0.4262931578779024 70.25969516815229 0.05 35.96042942417207 0.05 54.031607959197274 0.5043217837658447 27.654543903742713 0.5043217837658447 0.7690270763327909 0.5776128167649498 2.854220393905066 0.04248828393126618 1.1117313371996385 0.13376345024859324 60.33989640302537 0.0740788319127339 30.88326217285396 0.0740788319127339
