plotting_scripts/clumpdata/A439_12_physprop_add.txt
# %ECSV 0.9
# ---
# datatype:
# - {name: # # # _idx, datatype: int64}
# - {name: area_pc2, unit: pc2, datatype: float64, description: projected area of structure}
# - {name: rad_pc, unit: pc, datatype: float64, description: equivalent radius in pc}
# - {name: e_rad_pc, datatype: float64, description: frac error in radius}
# - {name: vrms_k, unit: km / s, datatype: float64, description: rms linewidth in km/s}
# - {name: e_vrms_k, datatype: float64, description: frac error in linewidth}
# - {name: axratio, unit: '', datatype: float64, description: minor to major axis ratio}
# - {name: e_axratio, datatype: float64, description: frac error in axis ratio}
# - {name: mlumco, unit: solMass, datatype: float64, description: CO-based mass with alphascale=2.4 from A439_12CO_3p5as.pbcor.fits.gz}
# - {name: e_mlumco, datatype: float64, description: frac error in luminous mass}
# - {name: siglum, unit: solMass / pc2, datatype: float64, description: average surface density from mlumco}
# - {name: e_siglum, datatype: float64, description: same as e_mlumco}
# - {name: mvir, unit: solMass, datatype: float64, description: virial mass}
# - {name: e_mvir, datatype: float64, description: frac error in virial mass}
# - {name: sigvir, unit: solMass / pc2, datatype: float64, description: virial surface density}
# - {name: e_sigvir, datatype: float64, description: same as e_mvir}
# - {name: alpha, unit: '', datatype: float64, description: virial parameter}
# - {name: e_alpha, datatype: float64, description: frac error in virial parameter}
# - {name: 8um_avg, unit: MJy / sr, datatype: float64}
# - {name: e_8um_avg, datatype: float64}
# - {name: flux12, unit: Jy km / s, datatype: float64, description: 12CO flux within the structure}
# - {name: flux13, unit: Jy km / s, datatype: float64, description: 13CO flux within the structure}
# - {name: mlte, unit: solMass, datatype: float64, description: LTE mass using H2/13CO=3000000.0}
# - {name: e_mlte, unit: '', datatype: float64, description: fractional unc in mlte}
# - {name: siglte, unit: solMass / pc2, datatype: float64, description: LTE mass divided by area in pc2}
# - {name: e_siglte, unit: '', datatype: float64, description: 'fractional unc in siglte [same as e_lte]'}
# schema: astropy-2.0
# # # _idx area_pc2 rad_pc e_rad_pc vrms_k e_vrms_k axratio e_axratio mlumco e_mlumco siglum e_siglum mvir e_mvir sigvir e_sigvir alpha e_alpha 8um_avg e_8um_avg flux12 flux13 mlte e_mlte siglte e_siglte
0 15.48354361763321 2.1919233029259324 0.06119249005143757 0.5018250380238296 0.09693362240979894 0.34003886715210174 0.10813211751551782 212.38228500257313 0.05 13.716645894981342 0.05 641.7101692756167 0.18882173166292668 41.44465796220023 0.18882173166292668 3.021486322495504 0.2239288652334257 2.9821175897822663 0.014464016512777903 3.3605620846184614 0.031314865066784756 18.554632577303693 0.8939285244927074 1.1983453552695145 0.8939285244927074
[from data line 109]
110 16.981951064500937 2.689160595821005 0.06133208362111408 0.8352414193805654 0.08403782021371999 0.48343657823481584 0.1265719564776744 1346.5529903818292 0.05 79.29318517450348 0.05 2180.970041054058 0.22113865381425055 128.42870838399463 0.22113865381425055 1.6196689299510012 0.2212716136367472 3.3256040033997136 0.01389993638738246 21.30674313028516 1.6066764398205418 748.7552499639833 0.0232875197365816 44.0912382281669 0.0232875197365816
111 1.586549061389361 0.6048710909629326 0.20721044603503908 0.3383787772281585 0.29666691581883076 0.4539880612935927 0.4376433875992969 91.38899245353409 0.05 57.6023740315371 0.05 80.51521879214839 0.6574244384262284 50.748647332494215 0.6574244384262284 0.8810165932520334 0.6653822676969661 2.990508962560583 0.009743124925306594 1.446064028159066 0.0639479470709359 28.778716794916985 0.15568759190708353 18.139191213989374 0.15568759190708353
112 13.632569712678954 1.791424333978109 0.052371586252678355 0.6922681549366363 0.07401315916215369 0.5309724974901063 0.13180657299854429 1529.8091937083984 0.05 112.21722873609085 0.05 998.0587187509576 0.1493398398573824 73.21134164622788 0.1493398398573824 0.6524073216814519 0.16024558867094524 2.8218691672744423 0.004970172877753427 24.2064392772401 3.6665719958373395 1942.836816413325 0.00987454553416992 142.51435036538945 0.00987454553416992
113 5.420709293080317 1.0625196675037776 0.09281248811419783 0.4551099376745506 0.10740079478598971 0.5323290134590535 0.17685752001719998 180.92189393087378 0.05 33.37605544754549 0.05 255.84594069626803 0.23455820805626287 47.197871507860114 0.23455820805626287 1.4141237145904577 0.3152535482372301 2.629289618029504 0.013043228548273821 2.8627590107242633 0.1488420117433228 65.45782924104896 0.15349506162420104 12.075509993610552 0.15349506162420104
114 3.0702662391701523 0.8425338500203188 0.21291491260521533 0.26076312905939747 0.20930538072673224 0.7817617272987334 0.4144622172009702 16.681663435274093 0.10668832590906362 5.433295400395928 0.10668832590906362 66.60221018039337 0.47968456354241235 21.692649754828743 0.47968456354241235 3.9925400988225275 0.5764419719343754 2.7084764418989846 0.016130686889615494 0.26395689759081314 0.008097839846552572 3.7633277804895457 1.448746601909088 1.2257333688125749 1.448746601909088
115 3.011505162822398 0.8697582530228293 0.14847468759962312 0.31299528832753815 0.2276346787828221 0.27957768798131954 0.3451888190776894 213.91022102025667 0.05 71.03099926940817 0.05 99.05652166879969 0.5382345489659041 32.89269528462751 0.5382345489659041 0.4630752153700001 0.5504072078237529 3.2617346798501363 0.028194344439347273 3.3847389318320213 0.3919821130084506 196.244572870677 0.0333323324000378 65.16494651689575 0.0333323324000378
116 37.00478782999815 3.14831164640915 0.05 0.9157055293437413 0.05 0.35275027142858584 0.0927679475248211 4164.471984755361 0.05 112.53873428182195 0.05 3069.0100082991744 0.09746068383575099 82.93548452158029 0.09746068383575099 0.7369505712930042 0.09704511919351241 3.088158568771835 0.010738980911691499 65.89516511435757 8.726558228033626 4440.351306573618 0.006835019714075722 119.99396745558478 0.006835019714075722
117 1.7040712140848693 0.5990628202628125 0.1804011578490006 0.43211061023206276 0.255889455648955 0.4263772807048295 0.42551801582717613 133.34461689718955 0.05 78.25061288227857 0.05 130.03825795146628 0.5334244041591165 76.31034247667884 0.5334244041591165 0.9752044062770638 0.5373084335514557 2.955950379371643 0.018436441137732993 2.109935224017056 0.17935790149376374 87.14681632626763 0.05949435183967157 51.14036057059255 0.05949435183967157
118 1.586549061389361 0.5930126004533195 0.16173866158087244 0.6751776138993527 0.2694585004465338 0.3757765005316063 0.39295406577556674 86.6591043618792 0.05 54.6211311524087 0.05 314.27432759382316 0.597632966782467 198.08673758793768 0.597632966782467 3.6265586854145986 0.6138477973858915 3.2490179030983537 0.01902380483137383 1.371222250765808 0.053125181005580155 22.607167287971908 0.21789073085214408 14.249270847114257 0.21789073085214408
119 13.735401596287522 2.248124762276902 0.06245549712719875 0.6942472123159708 0.10284596002060123 0.33299639445522117 0.13285737360487526 1001.693289994824 0.05 72.92784873982622 0.05 1259.6724000567212 0.24679445907342434 91.70990678548432 0.24679445907342434 1.257543015051274 0.2553198778398595 3.3679270180788907 0.013375667550122261 15.849968461819365 1.2868294892741805 603.9924473705188 0.024640717307861888 43.97341010646308 0.024640717307861888
120 23.989209418970614 2.6122456150066022 0.062034490904816185 0.49697435963834274 0.12159959110753624 0.3760653692018715 0.123333773152617 146.08513309015774 0.050483728945740186 6.0896184838268965 0.050483728945740186 750.0511649870214 0.2572681841136622 31.266189389046 0.2572681841136622 5.134342893907764 0.25526374090200843 2.1836338260023416 0.021199392312943578 2.311530689310755 -0.005373385337123685 3.196082224824977 5.958213027297378 0.13322999391124254 5.958213027297378
121 6.6693821654700916 1.2987664872559286 0.12395462134519641 0.4452633024773563 0.13575054298501646 0.8245715674885234 0.2941771411220805 617.3834550004094 0.05 92.5698122678944 0.05 299.34623176523826 0.3190933785772847 44.883652539071264 0.3190933785772847 0.4848627369922632 0.32726610769761666 2.802328734670967 0.03276885214573349 9.768966170645934 1.671912735592719 923.7200711324433 0.01153564279777747 138.50159553232544 0.01153564279777747
122 2.6295581665619965 0.7846819991926774 0.1500549753563386 0.4582013150878241 0.20464088123033455 0.8912860127062696 0.3409939564550952 77.96195779635997 0.05 29.648310802833834 0.05 191.5205005368685 0.47192191397820854 72.83371897693029 0.47192191397820854 2.4565891615642643 0.5113814194677414 2.9447544180481127 0.010642123216972608 1.233605801680793 0.006297131964786851 3.0934070124982274 1.9125044974599104 1.1763980169119772 1.9125044974599104
123 26.897882698184443 2.620559411986955 0.05 0.8760956072432132 0.056226429860755656 0.4662204031515107 0.09819804173023601 3030.962661899589 0.05 112.68406126643467 0.05 2338.3306988718386 0.12287607808943464 86.9336343350799 0.12287607808943464 0.7714811958146464 0.1300417160033848 3.044002552490818 0.011070904608305027 47.959454674123386 7.317605657394652 3769.5562118608345 0.006748574966511478 140.1432318728668 0.006748574966511478
124 17.64301317341317 2.104524594607859 0.051098756440303345 0.6533750365644307 0.07854234333007681 0.33026027784354944 0.12509825208084988 1861.1650268996475 0.05 105.4902021897426 0.05 1044.4508216172835 0.16599688950927383 59.19911816373863 0.16599688950927383 0.5611811991530612 0.16947723362560416 3.0486843204815917 0.013300429569870997 29.449542004202883 5.216923579711931 2744.207429683235 0.007114029491107009 155.5407459434747 0.007114029491107009
125 1.8509739049542544 0.6671840559361186 0.18786900306176182 0.269188113173977 0.29111638010998936 0.5361532375751271 0.3623352973545264 150.22334545515986 0.05 81.1590833631296 0.05 56.20388434901115 0.6196105084114993 30.36449309121956 0.6196105084114993 0.3741354859241065 0.6308381914209077 2.8097775833947316 0.03271851367718624 2.377010392346016 0.5191522304234067 297.66075254134677 0.01751994220138639 160.81304644254467 0.01751994220138639
126 2.9968148937354595 0.8293049876611226 0.12155824218543922 0.6768290968043973 0.18844594556495176 0.32486698965540595 0.26360248462527114 93.07535034056481 0.05 31.058091220491956 0.05 441.65305033223734 0.42104057766230524 147.3741508878205 0.42104057766230524 4.745112951132806 0.4658250103548263 3.726099101936116 0.01554380300386028 1.4727474862131469 0.06053912756856018 26.599976618358816 0.2544674313540307 8.876082628247543 0.2544674313540307
127 1.4249561014330372 0.5596961074315195 0.1708369982693028 0.37669174910744657 0.2601745309742968 0.494010550812862 0.37240483774043287 51.630398099296016 0.05 36.232974508739474 0.05 92.32799775242532 0.5347996963110593 64.79357340171653 0.5347996963110593 1.7882488059623196 0.600173804016163 3.721462743798482 0.020830761963570307 0.8169568306381007 0.030421792093912263 13.034233375655758 0.3570579090727524 9.147112225104763 0.3570579090727524
128 4.333629380646865 1.0475714908437954 0.1336009733259172 0.4233395674145788 0.1435695327566445 0.5698786959672071 0.24759724827540328 339.13670698020854 0.05 78.25697058791557 0.05 218.25806958639214 0.3376184471174328 50.36380604236478 0.3376184471174328 0.6435695844600193 0.34761983205161934 3.170469750388194 0.018318164381172095 5.366219955042904 1.2547482202560736 690.993954094655 0.011694257880153547 159.44924990136394 0.011694257880153547
129 5.332567678558686 1.156865431870576 0.12462313503526722 0.47264435999627913 0.2292120920889541 0.6482564985608301 0.21838340928600294 311.68859887948577 0.05 58.45000338818589 0.05 300.44205196746975 0.5343873642416472 56.34097306922034 0.5343873642416472 0.9639173619040057 0.5426266538054519 3.386072640905039 0.02088672663414202 4.931903008646319 0.40369051509675663 189.51486130757175 0.043008869596813985 35.53913850349759 0.043008869596813985
130 1.6306198686501765 0.6216239743772182 0.3092284558790382 0.186297555170463 0.48326459957972023 0.907703371842067 0.6452710465163483 64.41599378687127 0.05 39.503991718311816 0.05 25.08135425993337 0.9520813717733787 15.381484515269435 0.9520813717733787 0.3893653235082937 0.9695842441495108 2.8401229510436186 0.025039781477192012 1.019265508707871 0.1240455011378595 66.21330062495238 0.05087560439383603 40.606214788590556 0.05087560439383603
131 3.0849565082570907 0.8367222414957737 0.1542263380210631 0.28477050874813736 0.2721941607415459 0.40150633730879526 0.320952834810654 146.90115516566618 0.05 47.61854981503807 0.05 78.88242463641103 0.5655240036839141 25.570028110696857 0.5655240036839141 0.5369762038116871 0.582056378628259 2.5313602844874064 0.0261068272934823 2.324442546291781 0.058596360728726024 25.866521041143827 0.2336363504216297 8.384727944108894 0.2336363504216297
132 2.144779286693025 0.6902697546705349 0.19749240371982094 0.27576842835513293 0.24795357262762752 0.6859919809536672 0.42992753202477746 166.85103367867134 0.05 77.79403443229549 0.05 61.02627307309688 0.46133276219467506 28.4534047170847 0.46133276219467506 0.3657530416660397 0.47487864063185276 2.809556216409762 0.005215362715102727 2.640113168149489 0.6987702746189044 398.9557100267922 0.014560507476072997 186.01247806804903 0.014560507476072997
133 1.9244252503889472 0.6521191466306622 0.1633156164065347 0.3006297021078973 0.2891711390087264 0.5143985955027977 0.4658067212909332 127.40967419297104 0.05 66.20661112569593 0.05 68.51720523552284 0.5833087340670237 35.60398369418338 0.5833087340670237 0.5377708221100121 0.5972411006428727 3.249864811205682 0.01257059469470701 2.0160258687963832 0.4672516738626042 258.82848496460736 0.018997912597396957 134.49651261450416 0.018997912597396957
134 0.9254869524771272 0.4628804755745288 0.3565200195479065 0.14931276208576263 0.6470257266915855 0.65776250397458 0.8246363628209878 40.33651385316052 0.05 43.58409780407727 0.05 11.996971768141902 1.1631469607924576 12.962875096219577 1.1631469607924576 0.2974221275496245 1.1827338200099295 3.08674366890438 0.015160619406752 0.6382517589663059 0.07552461846192354 38.49441697898451 0.07228902530214087 41.593689544678774 0.07228902530214087
135 4.744956915081144 0.9969876545586915 0.13080106025459745 0.6063622450812023 0.150601486680758 0.8186812981136503 0.2660705975629443 340.1984271059557 0.05 71.69684218305234 0.05 426.1504983853276 0.32292375598531414 89.81124718559008 0.32292375598531414 1.2526527591869254 0.3440454696763598 3.3444603419525336 0.01900822658480372 5.383019401453691 0.43945687141956935 210.64416396701884 0.04073598946185474 44.39327221233927 0.04073598946185474
136 6.875045932687231 1.1928527882306545 0.08455418229225883 0.6113842435271037 0.11079845582246821 0.4478327856373338 0.18264599095767134 526.0646964487408 0.05 76.5179900759033 0.05 518.3513686031073 0.21524507254823969 75.39605897592901 0.21524507254823969 0.9853376820423357 0.24528673911328008 3.452037619729327 0.027989021985020908 8.324015124552597 0.43853531857504224 194.142970486088 0.06394522287498992 28.238788858564593 0.06394522287498992
137 6.566550281861522 1.3288269515786073 0.12223379961699488 0.656913673330763 0.19907451262098377 0.614972050427885 0.2432113895988879 365.2434774008243 0.05 55.621819939416206 0.05 666.6439570510831 0.47887212602536583 101.52118364075014 0.47887212602536583 1.8252042768706227 0.4925063147832402 3.4058402886059995 0.019074288797248755 5.779311295662272 0.50001589776372 234.43869213523615 0.037678756150862254 35.70195644169745 0.037678756150862254
138 4.363009918820742 0.9140941370987484 0.10683232645543099 0.5285201032830221 0.19974739058629806 0.5811235971149377 0.24249477528765995 118.96186309469135 0.05 27.266007941335374 0.05 296.8402996647105 0.38024569571965705 68.03566922555659 0.38024569571965705 2.4952559748365015 0.4177399844278381 2.636474203180384 0.010175532779879514 1.882354403501496 0.06605384506331569 29.158283288893283 0.28027390033843097 6.683066009800487 0.28027390033843097
139 3.6284964644738165 0.856751633336831 0.1479085412744149 0.8967834990819051 0.11886796290357414 0.5194640583993914 0.24281321266416034 310.4725778985582 0.05 85.56507659256631 0.05 801.0120949062785 0.3371169669800253 220.7559254222497 0.3371169669800253 2.5799769510336468 0.3452844370968396 3.3575700449074812 0.013910103236482898 4.9126620764243265 0.24672276407193897 114.76641442388244 0.07173191728004176 31.629192848207776 0.07173191728004176
140 3.99575319164728 1.0306953347393562 0.09747323877697209 0.5250907467812301 0.17693006015078053 0.45390510496961556 0.25126738036061874 286.60560505359774 0.05 71.72755455785355 0.05 330.37559336606864 0.40374778974857184 82.68168165558514 0.40374778974857184 1.1527185356486156 0.3971934514031926 3.2441604041001377 0.014795680436133461 4.535010933412185 0.2254378721578802 104.99339529210465 0.07438253067022316 26.27624636866531 0.07438253067022316
141 15.76265873028504 2.18199491211646 0.06250889307720428 0.6668918551047252 0.11434158195588014 0.4842415219712438 0.09673721243292781 754.7454713949604 0.05 47.88186335245946 0.05 1128.1672174904375 0.25387025462477797 71.57214000471077 0.25387025462477797 1.4947651363913443 0.2752752451750057 2.576424937990372 0.013110950232793864 11.942470451154765 0.8578648260486589 385.7696602796474 0.042985434728071224 24.473641590581554 0.042985434728071224
142 1.9538057885628242 0.715390685391452 0.21363736322226407 0.3474602096051334 0.39284804410282903 0.32306729099549164 0.36075042898608256 93.70007934656256 0.05 47.95772430149582 0.05 100.40662086246923 0.8758217087642481 51.390277094186565 0.8758217087642481 1.0715745553544476 0.9003987747810537 3.38741541984386 0.009361388154099698 1.4826327863012656 0.07464125734943086 34.383557204178125 0.1296858292583509 17.598247177612212 0.1296858292583509
143 3.6725672717346316 0.9491900445704758 0.1396780802354392 0.3457691403646464 0.17937736812134578 0.37663438604005467 0.27612050898102114 268.6687748134095 0.05 73.1555761772368 0.05 131.9272623816232 0.3707128954277604 35.92235420627466 0.3707128954277604 0.4910405478762714 0.3969385066409361 3.38681023311615 0.029257700754179116 4.251193244507415 0.2551246774829803 119.75388859799921 0.06127859810491724 32.60767733777601 0.06127859810491724
