plotting_scripts/clumpdata/GMC1_12_physprop_add.txt
# %ECSV 0.9
# ---
# datatype:
# - {name: # # # _idx, datatype: int64}
# - {name: area_pc2, unit: pc2, datatype: float64, description: projected area of structure}
# - {name: rad_pc, unit: pc, datatype: float64, description: equivalent radius in pc}
# - {name: e_rad_pc, datatype: float64, description: frac error in radius}
# - {name: vrms_k, unit: km / s, datatype: float64, description: rms linewidth in km/s}
# - {name: e_vrms_k, datatype: float64, description: frac error in linewidth}
# - {name: axratio, unit: '', datatype: float64, description: minor to major axis ratio}
# - {name: e_axratio, datatype: float64, description: frac error in axis ratio}
# - {name: mlumco, unit: solMass, datatype: float64, description: CO-based mass with alphascale=2.4 from GMC1_12CO_3p5as.pbcor.fits.gz}
# - {name: e_mlumco, datatype: float64, description: frac error in luminous mass}
# - {name: siglum, unit: solMass / pc2, datatype: float64, description: average surface density from mlumco}
# - {name: e_siglum, datatype: float64, description: same as e_mlumco}
# - {name: mvir, unit: solMass, datatype: float64, description: virial mass}
# - {name: e_mvir, datatype: float64, description: frac error in virial mass}
# - {name: sigvir, unit: solMass / pc2, datatype: float64, description: virial surface density}
# - {name: e_sigvir, datatype: float64, description: same as e_mvir}
# - {name: alpha, unit: '', datatype: float64, description: virial parameter}
# - {name: e_alpha, datatype: float64, description: frac error in virial parameter}
# - {name: 8um_avg, unit: MJy / sr, datatype: float64}
# - {name: e_8um_avg, datatype: float64}
# - {name: flux12, unit: Jy km / s, datatype: float64, description: 12CO flux within the structure}
# - {name: flux13, unit: Jy km / s, datatype: float64, description: 13CO flux within the structure}
# - {name: mlte, unit: solMass, datatype: float64, description: LTE mass using H2/13CO=3000000.0}
# - {name: e_mlte, unit: '', datatype: float64, description: fractional unc in mlte}
# - {name: siglte, unit: solMass / pc2, datatype: float64, description: LTE mass divided by area in pc2}
# - {name: e_siglte, unit: '', datatype: float64, description: 'fractional unc in siglte [same as e_lte]'}
# schema: astropy-2.0
# # # _idx area_pc2 rad_pc e_rad_pc vrms_k e_vrms_k axratio e_axratio mlumco e_mlumco siglum e_siglum mvir e_mvir sigvir e_sigvir alpha e_alpha 8um_avg e_8um_avg flux12 flux13 mlte e_mlte siglte e_siglte
0 140.87968054374048 5.1373175646552465 0.05 1.0076354327918562 0.05 0.5315383857166702 0.02870097608158326 10971.091226303703 0.05 77.87561118792703 0.05 6063.902218842126 0.0622650087949481 43.04312868568295 0.0622650087949481 0.5527164156928746 0.08073746361559236 1.2948992443407912 0.00767123164274342 173.59750297500972 11.898655682855754 6052.785450167005 0.01346977163076013 42.964219018708874 0.01346977163076013
[from data line 73]
74 2.1594695557799635 0.6785903020390925 0.1901357044143194 0.2134150140215805 0.29204306910962763 0.6184398539192504 0.4726834789198348 45.07069197893559 0.05 20.87118656445093 0.05 35.930768233155916 0.6040086030494507 16.638700988853873 0.6040086030494507 0.797209154231505 0.6477609864070029 1.2375734119999164 0.013220997903100225 0.71316147230374 0.055566578090096484 24.205653722546106 0.20417511254103604 11.209073847676189 0.20417511254103604
75 4.700886107820329 1.1605836941477936 0.1179096661470803 0.3268623355897657 0.20889378594966404 0.4040487882532742 0.3021796464542152 118.45186780707024 0.05 25.19777443874153 0.05 144.15016351228772 0.40887879939883476 30.664466274237423 0.40887879939883476 1.2169513759552855 0.42998265227243454 1.3195472445338965 0.022528083572937313 1.8742846386784024 0.10356756007408416 45.94061207442725 0.16275996477208077 9.772755821078302 0.16275996477208077
76 1.6453101377371149 0.6046781626029155 0.215764105293275 0.21519385226698318 0.2921486067435875 0.6248266032231651 0.40669085993388066 41.84701637070805 0.05 25.43412054110512 0.05 32.55314258684764 0.5898322569674508 19.785414214744804 0.5898322569674508 0.7779083291977321 0.6504691475904201 1.3689612160835947 0.022293553401472127 0.6621526445042166 0.03818669710955801 16.894433256473906 0.23452208926216309 10.268236285050639 0.23452208926216309
77 1.9244252503889472 0.63433356387121 0.15896738767732096 0.33736406328177976 0.282687894243946 0.7340074862634809 0.4473307750998535 81.93010979178707 0.05 42.57380730959964 0.05 83.93135693211146 0.5883265209802382 43.61372670367322 0.5883265209802382 1.0244262719214003 0.6067746903781394 1.3644538671915767 0.026400259584984837 1.296394528702573 0.2209276346111736 103.5015785981895 0.04412781468919968 53.78311190692946 0.04412781468919968
78 55.54390741771458 4.157791736713214 0.05 0.8384308196614729 0.05 0.40084022438894 0.05365007028822953 3150.168301199111 0.05 56.71492063942246 0.05 3397.864964215379 0.09698201107595329 61.174395576132994 0.09698201107595329 1.0786296601746588 0.10733963941870218 1.2562022175116692 0.00643590617305232 49.845662916627894 2.1141259948732607 934.531078829887 0.03833185556409241 16.82508707573997 0.03833185556409241
79 14.425844243373634 1.8095707729399126 0.06152308138413515 0.5410970127172454 0.07041035287268231 0.2166536662435083 0.10527919932189589 516.6865182366848 0.05 35.81672653051273 0.05 615.9348270928577 0.17093141978513152 42.69662258247251 0.17093141978513152 1.19208612060342 0.19683001681197457 1.1500199852310227 0.012898297952448304 8.175621885969727 0.518980461129215 230.3552712228935 0.06451246645705093 15.968235018806949 0.06451246645705093
80 0.8667258761293731 0.43158420911976364 0.31645523883373283 0.23758334478162535 0.38763547836172424 0.39164453492243123 0.7156998492123925 14.337249708579963 0.059193205923433814 16.541850316742927 0.059193205923433814 28.320860589049275 0.7819209117022692 32.67568370696933 0.7819209117022692 1.9753342631746855 0.7990559193028045 1.2648478665594327 0.015421673049425808 0.22686081404577793 0.0163882157305856 7.145145280672132 0.3510982275736454 8.243835193407334 0.3510982275736454
81 27.103546465401582 3.080128530945235 0.05 0.7795796134329135 0.08099694399139139 0.5926013205844352 0.10590823563468389 1433.8564105748558 0.05 52.902907462874374 0.05 2176.1994794931306 0.1735513048034495 80.29205632816756 0.1735513048034495 1.5177248317498249 0.18410668637066058 1.2553984873340058 0.008960623937234116 22.68816212583743 1.4380434827635904 637.8183849492657 0.032700361840194876 23.53265414042617 0.032700361840194876
82 12.090091458550408 1.9014439695155885 0.06572895855777118 0.6889923110402127 0.08851926450449892 0.44303826509640226 0.18980925246876773 560.2405395315369 0.05 46.338817324274345 0.05 1049.3520097588475 0.21364737611050078 86.79438144504029 0.21364737611050078 1.8730383392752992 0.21701280303314108 1.2291222534086985 0.008975649316813819 8.86478431645369 0.8255323531138311 370.6722926803105 0.03338836089607079 30.659180201499797 0.03338836089607079
83 1.6306198686501765 0.6044573933697212 0.25238977044702854 0.18880563176730158 0.39170187549286767 0.437746884276518 0.5902108178126785 51.856828443230825 0.05 31.801911310057687 0.05 25.049813593404878 0.7717332132796161 15.362141768909671 0.7717332132796161 0.4830571854356198 0.8146230811834163 1.2249001114218085 0.005873122105753505 0.8205396440279378 0.05704668501513364 24.92422207513091 0.1451247423924253 15.285121047717348 0.1451247423924253
84 31.18744127157049 3.312872386612784 0.05 0.7731279336913243 0.07036875391875773 0.5047449257119224 0.11900973696290582 1573.634698393512 0.05 50.457319813151486 0.05 2302.058482245187 0.14393985032854306 73.81363742538483 0.14393985032854306 1.4628925535229405 0.14878464258949906 1.2551220618942915 0.008042282641307562 24.899898077495077 1.500413070174657 664.581161092978 0.033230583946125526 21.309255713093393 0.033230583946125526
85 14.293631821591186 2.2910498436295104 0.06797645147106057 0.852401849364019 0.1066814518661324 0.28723080578983484 0.18145895168897683 672.0059423219726 0.05 47.014359311177785 0.05 1935.2283600475514 0.24140969695588188 135.39094781525716 0.24140969695588188 2.8797786420768605 0.24716412778596944 1.2500079512473614 0.012864299494064514 10.633268074135334 0.9252535079693976 413.5756833667799 0.03309245024503273 28.93426167183451 0.03309245024503273
86 31.275582886092124 3.138038932760786 0.05 0.3774328473875114 0.0645838994509092 0.3638626224181637 0.08835653200016945 2003.7742122154648 0.05 64.06832510566954 0.05 519.6927160766917 0.14028725034118297 16.616563725429167 0.14028725034118297 0.25935692400297716 0.15151781927211502 1.3694988257339606 0.010092027574614318 31.706072721597884 3.66732523085044 1797.6860283366836 0.011705101699195688 57.478897671835014 0.011705101699195688
87 9.489913830162289 1.5624014365189944 0.09335744786755726 0.2612123283580009 0.15572032856060258 0.5537819058051308 0.20239944266766197 456.1425395230087 0.05 48.06603597107774 0.05 123.93354881516865 0.3683585451222229 13.059502017949223 0.3683585451222229 0.27169916873959354 0.37207811239886834 1.2987937696577965 0.016202474592144248 7.2176233345651895 1.155920863919323 581.7003378260749 0.01661365415750331 61.29669333532053 0.01661365415750331
88 14.323012359765064 2.320153157475918 0.05050077438602349 0.40583607092990276 0.11073076248365349 0.5761157572314448 0.12511825920585526 605.592396986372 0.05 42.281077595628446 0.05 444.24940971032674 0.23113272008806948 31.016478835016073 0.23113272008806948 0.7335782482096187 0.23810944070092033 1.3473348903656006 0.007504820185516566 9.582395608654611 0.6685271330278778 302.2569561828478 0.04164104959934933 21.10289013168216 0.04164104959934933
89 16.36495976284952 2.608204067557 0.06955287337766587 0.400512158577805 0.10404151137841507 0.7488435201842258 0.1615763006865182 673.521714897679 0.05 41.1563318613625 0.05 486.3869262703203 0.22616960869977004 29.72124180680717 0.22616960869977004 0.722154780628286 0.23914301539556826 1.3527217359688382 0.007244960126416738 10.6572528259307 0.7304995478368409 329.0595811345774 0.04061186276699925 20.10757043726947 0.04061186276699925
90 7.051329161730494 1.4230757798649118 0.11305266543027394 0.2792287255016129 0.20000407608309675 0.45729471062505833 0.19229946225612715 277.39525434246445 0.05 39.33942778447572 0.05 128.99032317821965 0.41324570342736633 18.293050887240618 0.41324570342736633 0.4650055152672936 0.422975499913395 1.3362028834720452 0.009170047179002222 4.389273766530341 0.40096715274537087 184.77930543050635 0.0434502274047501 26.20489005581452 0.0434502274047501
91 14.631508010590773 1.6695664563716361 0.06894153217025144 0.4467545369019288 0.0738129287328292 0.5246199994083877 0.1263136879901833 473.4031459583886 0.05 32.355048134185736 0.05 387.39192989995814 0.172525048809869 26.476555227222715 0.172525048809869 0.818312960543801 0.22506935894921642 1.0853284226363922 0.004952014847030563 7.490740840505028 0.2430515402582618 116.04703895961042 0.2891075817274986 7.931310899437824 0.2891075817274986
92 2.585487359301181 0.8344567985529148 0.2494284972020447 0.12690249907220044 0.3671873837478848 0.5084283103543716 0.6172317547249158 91.54152413573102 0.05 35.405906668394366 0.05 15.622593127770248 0.7129801560389932 6.042417137167054 0.7129801560389932 0.17066127394390132 0.7295527388227577 1.1667678694833408 0.020114358004287333 1.4484776362271792 0.2375843148665848 123.04897593709906 0.03391255392576203 47.59217850918342 0.03391255392576203
93 2.086018210345271 0.6755908033644868 0.21396953570212296 0.15866063251617266 0.3252625005972896 0.9530693554619488 0.4265045931480928 40.27450126486654 0.05 19.306879041195153 0.05 19.77110794128339 0.6432378690300353 9.477917231609851 0.6432378690300353 0.49090882122308777 0.730935962585182 1.5203668710211633 0.010679087049453874 0.6372704908888396 0.025171979549914736 10.618552776785254 0.35510577504096014 5.09034519647252 0.35510577504096014
94 29.483370057485622 3.228761951229432 0.05 0.7714294508710585 0.07398905833518644 0.5266529021212237 0.10952346915272392 1514.5121479283248 0.05 51.368352565374416 0.05 2233.76443534444 0.16678954869274715 75.76353825865651 0.16678954869274715 1.4749069120376272 0.1643635006478013 1.2561410383377494 0.008301570723859873 23.964391555991465 1.4636069459667382 648.732313716737 0.03321215008413933 22.003329756803986 0.03321215008413933
95 1.4690269086938528 0.5834910583530728 0.2793899160879296 0.1605211501918195 0.3758752676673561 0.44529860094883905 0.6513614154272245 38.73705950811225 0.05 26.369196696712866 0.05 17.47864036565771 0.7301190566503523 11.898107694431813 0.7301190566503523 0.45121236840388884 0.7720414086586519 1.401328469514847 0.013907954885626692 0.6129433055986229 0.04076171509199258 17.590227091628936 0.18703502671348024 11.974067314579575 0.18703502671348024
96 3.143717584604845 0.9017097886611811 0.16268095516714226 0.2953137229629633 0.3240993228610676 0.20860255778671483 0.3570157757324628 106.55406061245925 0.05 33.89428526731123 0.05 91.42036632855454 0.7183141492906837 29.080336852219432 0.7183141492906837 0.857971679381169 0.7228290616563418 1.2003464977317881 0.017780969039626348 1.6860235231995306 0.20114204251349074 90.64637952173582 0.0590377010843679 28.83413572696282 0.0590377010843679
97 4.407080726081559 0.9897803726206054 0.15830801102699113 0.29758644547283003 0.1984026514974307 0.2920697406684146 0.29336336849584493 25.207128767040633 0.07755907622192787 5.719688459043248 0.07755907622192787 101.89996738591135 0.419409667084485 23.12187448322805 0.419409667084485 4.042505924718796 0.4742484267348554 1.0283212331930796 0.017527690753080187 0.39885683632743146 0.02888019901273673 13.633526621409361 0.4726457250288192 3.0935504631727624 0.4726457250288192
98 56.204969526626805 4.941404112243246 0.05 0.4430093442564084 0.05597081190121989 0.6821655415206406 0.06820987965187789 2981.6955695618067 0.05 53.05039028887373 0.05 1127.4182518502448 0.117140611915081 20.05904925037165 0.117140611915081 0.3781131324603777 0.1252049588741894 1.365995900517537 0.01132649336637399 47.17989212765507 3.826619920820109 1765.8481502277862 0.01570815655259675 31.41800743066367 0.01570815655259675
99 6.801594587252538 1.4096123489524068 0.0940021397196168 0.5236232883631102 0.15642798816511172 0.2467449340699977 0.22093288211139347 307.28464328296286 0.05 45.17832389758599 0.05 449.3104492460066 0.36340689698517403 66.0595752190374 0.36340689698517403 1.4621962374874016 0.3637196574292924 1.2208219918524987 0.00981574628294803 4.862218757135334 0.5396320982559724 245.33557292399092 0.035820068887421105 36.070302305843946 0.035820068887421105
100 7.1541610453390625 1.3787577310262347 0.12108746315766167 0.47103825297651447 0.1361738524328114 0.7173396077621816 0.2698721934465865 335.8927428039902 0.05 46.95068236167599 0.05 355.6388779319492 0.3136350985699131 49.710773307744866 0.3136350985699131 1.0587870251769085 0.33366671459538605 1.3698127805819502 0.01534682637309651 5.31488971703848 0.6411956629450161 300.1041177322264 0.029395228556382366 41.94819152523053 0.029395228556382366
101 6.963187547208862 1.4339526048552835 0.11244085664783462 0.475195911711892 0.14362138053365794 0.3568000289596325 0.2278512104108283 376.39801477536207 0.05 54.055418186493945 0.05 376.4342265602585 0.340818798715441 54.06061864743958 0.340818798715441 1.000096206099594 0.3519608647726305 1.4147004565609156 0.027253071037936526 5.955812304781338 0.6849906332400287 330.0096189416132 0.02734500227186411 47.39346983033581 0.02734500227186411
102 9.592745713770858 1.7889925655958996 0.08636659188619535 0.2714320216179911 0.15809355929421115 0.8751914352663838 0.24357345817697162 468.9119116517201 0.05 48.88192866184016 0.05 153.22852251348417 0.3586070756701752 15.97337478606538 0.3586070756701752 0.3267746429681087 0.3594928039158525 1.435159631564095 0.007188297489159228 7.419675377784892 0.8780631936721444 440.43515224729714 0.022201724271051795 45.91335634124345 0.022201724271051795
103 1.8362836358673158 0.6315431768652633 0.25545880552099964 0.17565141415890337 0.3506859980692551 0.5958351828280537 0.6285430172681765 80.39983582710012 0.05 43.783996250190164 0.05 22.65245436707633 0.6636528051723711 12.336032367013441 0.6636528051723711 0.2817475201789024 0.6836299414964249 1.4103714637756348 0.01358109989865619 1.2721806679912067 0.21361248607361827 111.06459207055005 0.036005989845124424 60.48335338897244 0.036005989845124424
104 10.28318836085697 1.432262727602167 0.06518343305520531 0.4072608602837756 0.09013511165770004 0.6340756098107505 0.13757159467477068 410.9594953365929 0.05 39.96420963180186 0.05 276.1702889941413 0.20422905254549414 26.856484516551838 0.20422905254549414 0.6720134030920647 0.2657990710940446 1.0867158392497471 0.006321601841157357 6.502684511192225 0.22563367496400802 105.08089769766069 0.27039722669222854 10.218707856957272 0.27039722669222854
105 1.028318836085697 0.49106351776244506 0.35059606382522696 0.09972803007329199 0.051989573465727135 0.6712060432843279 0.9452534965873524 5.683531701662688 0.13762965308443387 5.527013122989259 0.13762965308443387 5.677812768725993 0.38810158101781844 5.521451683544599 0.38810158101781844 0.9989937712610942 0.5755407972070714 0.9921803380761828 0.02643288498524605 0.08993153069898978 0.0031203159007469096 1.482463281089536 1.7805502995622626 1.4416377771825546 1.7805502995622626
106 1.1752215269550823 0.5504395876208801 0.30762938258078687 0.40579853065893223 0.31259404487742665 0.26517109961429675 0.7080080306599785 38.447436423603065 0.05 32.71505460184831 0.05 105.37546806225971 0.738543477257843 89.6643446748974 0.738543477257843 2.7407670800534625 0.7475901367697093 1.2627312570810318 0.010373606583027556 0.6083605416218606 0.10396035681901483 49.010273295004446 0.06034965083388833 41.70300847193182 0.06034965083388833
107 7.5214177725125255 1.4559726890308502 0.10787840461592144 0.5336112285241731 0.13379643740416725 0.3612556280061704 0.15019404269286954 399.9363028775213 0.05 53.17299410479666 0.05 481.9611849353752 0.28807414216837757 64.07850215377364 0.28807414216837757 1.205094865026478 0.3097746104702465 1.2658632034435868 0.014587912946278632 6.328262347306721 0.33401541392858153 146.60025483388299 0.07332320821169273 19.491040023018325 0.07332320821169273
