plotting_scripts/clumpdata/GMC1_12_physprop_add.txt
# %ECSV 0.9
# ---
# datatype:
# - {name: # # # _idx, datatype: int64}
# - {name: area_pc2, unit: pc2, datatype: float64, description: projected area of structure}
# - {name: rad_pc, unit: pc, datatype: float64, description: equivalent radius in pc}
# - {name: e_rad_pc, datatype: float64, description: frac error in radius}
# - {name: vrms_k, unit: km / s, datatype: float64, description: rms linewidth in km/s}
# - {name: e_vrms_k, datatype: float64, description: frac error in linewidth}
# - {name: axratio, unit: '', datatype: float64, description: minor to major axis ratio}
# - {name: e_axratio, datatype: float64, description: frac error in axis ratio}
# - {name: mlumco, unit: solMass, datatype: float64, description: CO-based mass with alphascale=2.4 from GMC1_12CO_3p5as.pbcor.fits.gz}
# - {name: e_mlumco, datatype: float64, description: frac error in luminous mass}
# - {name: siglum, unit: solMass / pc2, datatype: float64, description: average surface density from mlumco}
# - {name: e_siglum, datatype: float64, description: same as e_mlumco}
# - {name: mvir, unit: solMass, datatype: float64, description: virial mass}
# - {name: e_mvir, datatype: float64, description: frac error in virial mass}
# - {name: sigvir, unit: solMass / pc2, datatype: float64, description: virial surface density}
# - {name: e_sigvir, datatype: float64, description: same as e_mvir}
# - {name: alpha, unit: '', datatype: float64, description: virial parameter}
# - {name: e_alpha, datatype: float64, description: frac error in virial parameter}
# - {name: 8um_avg, unit: MJy / sr, datatype: float64}
# - {name: e_8um_avg, datatype: float64}
# - {name: flux12, unit: Jy km / s, datatype: float64, description: 12CO flux within the structure}
# - {name: flux13, unit: Jy km / s, datatype: float64, description: 13CO flux within the structure}
# - {name: mlte, unit: solMass, datatype: float64, description: LTE mass using H2/13CO=3000000.0}
# - {name: e_mlte, unit: '', datatype: float64, description: fractional unc in mlte}
# - {name: siglte, unit: solMass / pc2, datatype: float64, description: LTE mass divided by area in pc2}
# - {name: e_siglte, unit: '', datatype: float64, description: 'fractional unc in siglte [same as e_lte]'}
# schema: astropy-2.0
# # # _idx area_pc2 rad_pc e_rad_pc vrms_k e_vrms_k axratio e_axratio mlumco e_mlumco siglum e_siglum mvir e_mvir sigvir e_sigvir alpha e_alpha 8um_avg e_8um_avg flux12 flux13 mlte e_mlte siglte e_siglte
0 140.87968054374048 5.1373175646552465 0.05 1.0076354327918562 0.05 0.5315383857166702 0.02870097608158326 10971.091226303703 0.05 77.87561118792703 0.05 6063.902218842126 0.0622650087949481 43.04312868568295 0.0622650087949481 0.5527164156928746 0.08073746361559236 1.2948992443407912 0.00767123164274342 173.59750297500972 11.898655682855754 6052.785450167005 0.01346977163076013 42.964219018708874 0.01346977163076013
[from data line 143]
144 1.6012393304762993 0.6512933042993148 0.27545522031456293 0.14933666858482325 0.5844594444144111 0.3410582300956951 0.6238668414945088 37.38837588392262 0.05 23.349648720407835 0.05 16.885675794875922 1.2088574576565772 10.54537911572105 1.2088574576565772 0.45162902628613333 1.229332930243107 1.12322744317011 0.0161664461447885 0.5916028525421049 0.0617066316675656 28.12656531193935 0.10453447000471906 17.565497409792524 0.10453447000471906
145 0.99893829791182 0.530597337959611 0.3727582031134056 0.0983089428502466 0.17601882376892908 0.7101625203631249 0.9951022988797386 23.82384740647512 0.05 23.84916811806743 0.05 5.961561579485708 0.4877102975233581 5.9678977089453396 0.4877102975233581 0.2502350471681331 0.49075076675206736 1.177535221857183 0.010764613127516094 0.3769689113520026 0.035999072959719235 16.157568429247696 0.14374391661965266 16.17474118574037 0.14374391661965266
146 1.1752215269550823 0.5205003228241848 0.25144378151040836 0.1779179757133572 0.3526848207932715 0.487986309088687 0.5941888552630235 16.12724301235957 0.0674298378545421 13.722726007363175 0.0674298378545421 19.15444514504464 0.7973668263486938 16.29858261248199 0.7973668263486938 1.1877073552103783 0.8345226988780141 1.1858857542276382 0.05002769050426136 0.25518416952373135 -0.0054008966973070355 -2.059239728002636 -1.587123292697855 -1.7522140981692056 -1.587123292697855
147 1.6012393304762993 0.56431082078176 0.1599379236191759 0.5774550555822083 0.2312453780241058 0.7912054955221142 0.36487595713741455 95.58938810482026 0.05 59.697127272277626 0.05 218.75786160215938 0.5026894799836664 136.61784184197398 0.5026894799836664 2.2885161830126637 0.5246607261036008 1.3921911049326625 0.009672464598694532 1.512527751142581 0.08773291871223474 37.63982827005565 0.14208244093709888 23.50668482447245 0.14208244093709888
148 7.918055037859865 1.2444788971800325 0.08547036536683517 0.5518927184963371 0.10275013799760431 0.24560771661641898 0.18332129681207018 317.8248182568373 0.05 40.139253482979164 0.05 440.6621818616291 0.23600008298848268 55.6528313777336 0.23600008298848268 1.386493931715319 0.25430521790158106 1.1525306197398226 0.007499782489877021 5.028997866324055 0.2086754084911573 91.82977036512482 0.1808857706276217 11.597516047317734 0.1808857706276217
149 2.747080319257505 0.8181671760845125 0.1652465745085128 0.2575040696712754 0.21475022451660028 0.4760969001074134 0.3199814814775507 67.65335543715932 0.05 24.627367086028638 0.05 63.069467170570604 0.4908682174243012 22.958727026815637 0.4908682174243012 0.9322444801596498 0.5296507606917052 1.3933915358813689 0.00755624572681367 1.0704910291611294 0.042932304177057845 18.38992141570135 0.28451921924490287 6.694351558192472 0.28451921924490287
150 0.9548674906510042 0.44946763820885594 0.3617705920698317 0.1636049685677313 0.587781687226024 0.8249716077345091 0.8279228553749536 8.575664508226456 0.09643820263088514 8.98099955458719 0.09643820263088514 13.986218892439462 1.096263689916953 14.647287743458536 1.096263689916953 1.630919549035853 1.1921073232269708 1.1395026188630324 0.015441573140224601 0.13569423577575995 -0.0035274276451815654 -1.4263640433954274 -1.8521057853434408 -1.493782181675249 -1.8521057853434408
151 0.6023010325644795 0.3539218222773851 0.3678122467344675 0.2313872536002618 0.48641460362221234 0.7062463109918257 0.8293891922757133 7.987144588485876 0.09972831683683583 13.261050797934352 0.09972831683683583 22.029017078947252 1.009998414923503 36.57476226655635 1.009998414923503 2.7580591330102986 1.0778839035670083 1.3751527478055257 0.013950076004519144 0.12638200080930512 0.005331650764821877 2.4348314434493603 1.0189538861269503 4.0425490108863436 1.0189538861269503
152 5.670443867558272 1.2635570064192096 0.1276028809015018 0.36545853885181306 0.17709228150465853 0.6106615188924589 0.23924070776311085 41.719330178880966 0.06229814670868596 7.357330599384906 0.06229814670868596 196.1914074842034 0.4062568471794471 34.598950640646166 0.4062568471794471 4.702649986061349 0.44856076893850694 1.333968966736077 0.03020115989577692 0.6601322458886212 0.04674774719516721 21.768166791476386 0.37183261254150063 3.838882334417657 0.37183261254150063
153 6.28743516920969 1.2159748815142162 0.11678002378678287 0.424130496408931 0.16476095438441365 0.3637404317670075 0.21496169523021805 66.19441803511813 0.06287703588120504 10.528047805451735 0.06287703588120504 254.29189660293832 0.3480040951339616 40.444456246361895 0.3480040951339616 3.8415912421501885 0.37218387166441297 1.0777829904979634 0.01716611854916207 1.0474058461157074 0.06088316091859867 29.084569581836266 0.40841654925936544 4.625824171399305 0.40841654925936544
154 1.4690269086938528 0.5412706090305623 0.23239958073360195 0.30707236358235407 0.33494399448155143 0.4418741403688915 0.5356710889211451 12.167233223317433 0.13133053754277899 8.282512152303333 0.13133053754277899 59.33416360290475 0.6956755349328916 40.390113517838955 0.6956755349328916 4.876553487048809 0.7478319846708712 1.0879584157466888 0.036974733211549586 0.1925242719321557 0.01289379519613098 6.0563516479876816 0.7721564346006623 4.122696195791628 0.7721564346006623
155 0.8520356070424346 0.43878473718129335 0.3252388372842682 0.15176717214605356 0.4074705576486224 0.8966997834901365 0.7262183817718312 15.593910023993283 0.05086452896209807 18.301946415270702 0.05086452896209807 11.749411441044652 0.863294483368251 13.78981270727514 0.863294483368251 0.7534615387011107 0.8814889670364955 1.2211555715264946 0.025893151138076758 0.24674517803683582 0.0162855286143856 6.946242660422352 0.35813930961425505 8.152526259476387 0.35813930961425505
156 1.7334517522587463 0.5802180836383185 0.27277697069241735 0.20886153441719052 0.4302034381890598 0.6446388636574824 0.5312206263745504 8.627522165983075 0.13325036382056493 4.977076607261276 0.13325036382056493 29.425042878209194 0.9686416033037614 16.974826579319192 0.9686416033037614 3.410601828903712 1.1328395440334031 1.4551718255220834 0.06763301539101742 0.13651479943171416 0.0030530496421776426 1.6439945519392196 2.174937418483752 0.9483936024161267 2.174937418483752
157 12.67770222202795 1.6105955284890752 0.077496436541395 0.3260235106127308 0.1098782920092628 0.6593557788222694 0.16474861576804084 160.8115883434555 0.05 12.684600531477995 0.05 199.0184060926829 0.25286593386836537 15.698302626707976 0.25286593386836537 1.237587465821348 0.29566277120492657 1.2676205193043308 0.011594743157254013 2.544550151714823 0.0680549098064188 31.671849105891024 0.4174075007026515 2.4982326096017684 0.4174075007026515
158 2.2916819775624107 0.6328647080263893 0.20861551421161847 0.34355821535876957 0.2693448754851495 0.7968870181116005 0.4386871388292661 28.822604451181125 0.08828890778256272 12.57705245901476 0.08828890778256272 86.84013090727323 0.5989982048135982 37.89362213322563 0.5989982048135982 3.012917554149573 0.6454296025390655 1.0799503036034412 0.0154484663109771 0.4560651335296408 0.03379242319845725 15.777292705784905 0.45363853686515526 6.884590820305141 0.45363853686515526
159 5.538231445775825 1.1274224678582732 0.107165135534921 0.2663692811815377 0.15509397077869996 0.6905035667283654 0.24961659609821815 91.92413406004168 0.05 16.59810265426068 0.05 92.99591640231209 0.32729645372235583 16.791626950376525 0.32729645372235583 1.01165942277542 0.35604200255437235 1.2564119524285395 0.014084872634154125 1.454531687061759 0.056245842934298684 25.372206135428126 0.3179307046066152 4.5812831016262905 0.3179307046066152
160 1.865664174041193 0.5957826882990709 0.1965948780762989 0.28446179069816413 0.2936706939156299 0.7601260061641708 0.462217405956344 23.494301835362577 0.08792519461316746 12.592996189915493 0.08792519461316746 56.04600671491866 0.6381948345587835 30.040779843844067 0.6381948345587835 2.38551488389243 0.708229355032448 1.1737552083383396 0.017132703642967054 0.37175445801736995 0.0130535139829371 6.753060471811899 1.262022283029952 3.6196549013342394 1.262022283029952
161 8.946373873945562 1.288106122222477 0.09206232029704954 0.8939350928296191 0.10880885664115038 0.558895979306128 0.12971937926134505 108.21075132110367 0.05 12.095487271803472 0.05 1196.664845655209 0.2783099908978378 133.7597626162533 0.2783099908978378 11.058650189981917 0.32041963883248603 1.4000812541870844 0.014300766554166225 1.7122377530660444 0.026114317715705597 13.923854711560008 0.9283555595729983 1.5563685251418247 0.9283555595729983
162 1.2927436796505904 0.5323267268071162 0.3020585854791179 0.0945875217032098 0.2813292348469685 0.8881163037298005 0.6436125152466584 9.432193181631785 0.09111147752699207 7.296259366884832 0.09111147752699207 5.536749566958584 0.5810892970730128 4.282944603879313 0.5810892970730128 0.5870055309873029 0.7577523241422114 1.3187657594680786 0.02132488722640651 0.14924724046667925 0.003868910941121223 1.6185205292953762 1.6146563097799629 1.2520042099396211 1.6146563097799629
163 1.4837171777807912 0.6063167393836904 0.2882649000709461 0.09717714472579696 0.2084684917465758 0.28133278385605615 0.6591333566912837 8.872918945831218 0.10124632906931952 5.980195605137173 0.10124632906931952 6.656359091946424 0.49550087491401223 4.486272176145051 0.49550087491401223 0.7501881999129266 0.5612748869242106 1.3561690396601611 0.0184563304383765 0.14039774753052978 0.007683153776691804 3.4234146429174483 0.813314658888638 2.307322914490941 0.813314658888638
164 6.331505976470505 1.035818282027459 0.11727847293536191 0.32619574925780676 0.13809030276342923 0.7178037933960236 0.22891608457800158 49.104056121416576 0.05665835719217521 7.7555097166297875 0.05665835719217521 128.12948548005878 0.31485410501344274 20.23681031909639 0.31485410501344274 2.609346265881598 0.4015602823158652 1.3193426049225845 0.009232439758501932 0.7769821269090976 0.029889790891634783 12.922199008360819 0.6545454000538817 2.0409360831977437 0.6545454000538817
165 1.8215933667803774 0.6089018101912637 0.23052596481487408 0.2046198743134161 0.4108817636318475 0.6595373608137775 0.4717043391223052 9.39658873709028 0.13806000081922296 5.158444748675455 0.13806000081922296 29.638198872884164 0.8383373447031027 16.27048023635976 0.8383373447031027 3.154144520116759 0.9956596764942323 1.0425677847477697 0.007904193768426318 0.14868386796732508 -0.009727838277071578 -3.944016805747169 -1.0436624052627925 -2.165146666469325 -1.0436624052627925
166 0.7345134543469264 0.4031532409580365 0.3287880224480996 0.15395234445717537 0.4799799711768119 0.8335415911522237 0.7902226902613362 4.690050256897761 0.15977564018380974 6.385247580070263 0.15977564018380974 11.108404477787921 1.0206422336105518 15.123486727230437 1.0206422336105518 2.368504359084542 1.054391741505171 1.3537685990333557 0.0197171151123121 0.07421148626592783 0.0027188855779052643 1.2398106776087197 1.9430673601856825 1.6879346052429567 1.9430673601856825
167 2.6148678974750577 0.7175477551225005 0.18023794627512735 0.38872699134597777 0.20485155112354095 0.6631027310732742 0.3060188706669416 26.782375451874177 0.10986285499447153 10.242343591328458 0.10986285499447153 126.05181971287593 0.4475102635025666 48.205807962456845 0.4475102635025666 4.706521269533434 0.4707033614664363 1.62670654527257 0.024479329622603282 0.42378224069292786 -0.001102133061733588 0.6695346087377271 12.609351468911834 0.25604911413851394 12.609351468911834
168 2.041947403084455 0.614699953255019 0.20620239500314122 0.2749033725971982 0.2575575410747876 0.8250621476267883 0.4383828831555063 12.779835743905052 0.11627903104325234 6.258650798057053 0.11627903104325234 54.00478376386829 0.5136010163409738 26.447686009096802 0.5136010163409738 4.225780741323237 0.619578263553413 1.597577610461832 0.019851909709831157 0.20221757909676769 -0.004764859333604578 -1.714900710259327 -2.608950052573892 -0.8398358878729643 -2.608950052573892
169 10.562303473508802 1.445912553536964 0.07553152184011863 0.4414441873314523 0.0927528327585261 0.5342163127259313 0.16518268478995723 122.3607330036525 0.05 11.58466363994787 0.05 327.5688146728056 0.21439331261642128 31.01300918823033 0.21439331261642128 2.677074635234717 0.2631226071869389 1.3836929930765207 0.0064919029125172336 1.9361353782790012 0.04021239781672151 18.317042300177594 0.6676844793964545 1.7341901173468806 0.6676844793964545
170 6.610621089122338 1.0976024614799198 0.10210172266011083 0.6609260749347393 0.10735604566964539 0.4927331003108393 0.27377348933148565 119.77442764560128 0.05 18.118483275752716 0.05 557.3907534633406 0.25035249793029785 84.3174560981142 0.25035249793029785 4.653670774471122 0.2818519159581796 1.6990130951669482 0.04996758047202244 1.895211910906089 0.016107866471351533 12.289849060821306 1.2073512042612933 1.8591065642900086 1.2073512042612933
171 1.5424782541285453 0.5606022570407401 0.1929784374055007 0.3023943842466153 0.27524561822426896 0.6473939094737792 0.41416761925828643 32.699909715360995 0.07093285798383452 21.199592038226484 0.07093285798383452 59.59518890706138 0.5066519118549003 38.63599940391438 0.5066519118549003 1.8224878730801557 0.5378511044548081 1.956389575912839 0.04873243654692462 0.5174163664981909 -0.010216128570246785 -3.2322640672736904 -1.9914190083497367 -2.0955005742365063 -1.9914190083497367
172 11.561241771420622 1.6135798201871934 0.10662368597240442 0.38099362480291976 0.12094826318267733 0.5961466043251109 0.17366183650618056 89.5062097110463 0.05 7.741920070584939 0.05 272.29194033098923 0.2687991816001127 23.55213615583186 0.2687991816001127 3.042156976706217 0.31711117208852224 1.7247526247286282 0.02576361011318557 1.4162724893224683 0.009967570348282247 6.62867726673709 1.9586894888722695 0.5733533990373918 1.9586894888722695
173 2.2182306321277174 0.7169213650542922 0.26161826595633525 0.13923313850649494 0.28927819134101507 0.6922408405179342 0.5742209371193242 8.423584112178593 0.15198846778350653 3.7974338602017803 0.15198846778350653 16.157183756566884 0.586512748759741 7.283815993952342 0.586512748759741 1.9180889679972755 0.5978861259268499 1.5579160372942489 0.041887190958669065 0.13328784544540606 0.004596203159614164 2.2642532685216303 1.749447830709897 1.0207474532753018 1.749447830709897
174 6.640001627296215 1.1698645366500033 0.12426821762532547 0.3581268775494477 0.14522060819099267 0.5394316358897184 0.19986739685124733 64.11765345529881 0.053814194914983265 9.656270744229817 0.053814194914983265 174.42885254544035 0.29079515077482504 26.269399065865464 0.29079515077482504 2.720449722431712 0.34489926999696074 1.787437822175237 0.026050401893943607 1.0145448807955104 0.00581633298310348 4.015814758454067 2.5966314929135668 0.6047912310662028 2.5966314929135668
175 1.1017701815203897 0.49180674167980065 0.2438508143682938 0.21845594889488407 0.38178274801819173 0.48219335734720553 0.5677643786438248 20.82449352324745 0.0890101187893189 18.900941296587508 0.0890101187893189 27.285451509526677 0.7340176080209919 24.765102529707303 0.7340176080209919 1.3102576290302823 0.7775251011579689 1.8574749755859374 0.04424700980823981 0.32950960262879386 0.01916439099743372 9.343672138018851 0.5466402489615815 8.480599942471699 0.5466402489615815
