plotting_scripts/clumpdata/GMC1_12_physprop_add.txt
# %ECSV 0.9
# ---
# datatype:
# - {name: # # # _idx, datatype: int64}
# - {name: area_pc2, unit: pc2, datatype: float64, description: projected area of structure}
# - {name: rad_pc, unit: pc, datatype: float64, description: equivalent radius in pc}
# - {name: e_rad_pc, datatype: float64, description: frac error in radius}
# - {name: vrms_k, unit: km / s, datatype: float64, description: rms linewidth in km/s}
# - {name: e_vrms_k, datatype: float64, description: frac error in linewidth}
# - {name: axratio, unit: '', datatype: float64, description: minor to major axis ratio}
# - {name: e_axratio, datatype: float64, description: frac error in axis ratio}
# - {name: mlumco, unit: solMass, datatype: float64, description: CO-based mass with alphascale=2.4 from GMC1_12CO_3p5as.pbcor.fits.gz}
# - {name: e_mlumco, datatype: float64, description: frac error in luminous mass}
# - {name: siglum, unit: solMass / pc2, datatype: float64, description: average surface density from mlumco}
# - {name: e_siglum, datatype: float64, description: same as e_mlumco}
# - {name: mvir, unit: solMass, datatype: float64, description: virial mass}
# - {name: e_mvir, datatype: float64, description: frac error in virial mass}
# - {name: sigvir, unit: solMass / pc2, datatype: float64, description: virial surface density}
# - {name: e_sigvir, datatype: float64, description: same as e_mvir}
# - {name: alpha, unit: '', datatype: float64, description: virial parameter}
# - {name: e_alpha, datatype: float64, description: frac error in virial parameter}
# - {name: 8um_avg, unit: MJy / sr, datatype: float64}
# - {name: e_8um_avg, datatype: float64}
# - {name: flux12, unit: Jy km / s, datatype: float64, description: 12CO flux within the structure}
# - {name: flux13, unit: Jy km / s, datatype: float64, description: 13CO flux within the structure}
# - {name: mlte, unit: solMass, datatype: float64, description: LTE mass using H2/13CO=3000000.0}
# - {name: e_mlte, unit: '', datatype: float64, description: fractional unc in mlte}
# - {name: siglte, unit: solMass / pc2, datatype: float64, description: LTE mass divided by area in pc2}
# - {name: e_siglte, unit: '', datatype: float64, description: 'fractional unc in siglte [same as e_lte]'}
# schema: astropy-2.0
# # # _idx area_pc2 rad_pc e_rad_pc vrms_k e_vrms_k axratio e_axratio mlumco e_mlumco siglum e_siglum mvir e_mvir sigvir e_sigvir alpha e_alpha 8um_avg e_8um_avg flux12 flux13 mlte e_mlte siglte e_siglte
0 140.87968054374048 5.1373175646552465 0.05 1.0076354327918562 0.05 0.5315383857166702 0.02870097608158326 10971.091226303703 0.05 77.87561118792703 0.05 6063.902218842126 0.0622650087949481 43.04312868568295 0.0622650087949481 0.5527164156928746 0.08073746361559236 1.2948992443407912 0.00767123164274342 173.59750297500972 11.898655682855754 6052.785450167005 0.01346977163076013 42.964219018708874 0.01346977163076013
[from data line 108]
109 3.6725672717346316 1.0938566327177113 0.14004158504057668 0.20966925636962483 0.25687921442052536 0.3731323513321961 0.31798322172423005 85.1158040467527 0.05 23.176104819599587 0.05 55.903478227935175 0.5479656147036197 15.221907208667895 0.5479656147036197 0.6567931637845813 0.565318413911728 1.3952026171684264 0.019498756779814292 1.3468022384259624 0.0444141172849376 18.819632092553864 0.27574201118262553 5.124380494646447 0.27574201118262553
110 1.39557556325916 0.5717792369218511 0.29905534882168716 0.1570390970997078 0.38408221279303595 0.6105263970709561 0.597071341510475 31.317166999155866 0.05 22.440323421842713 0.05 16.392790004024157 0.7564454307926421 11.746257555371079 0.7564454307926421 0.5234442184526465 0.8090380990411462 1.4121623101987337 0.013145414227344719 0.49553705067681425 0.021241511371833825 9.061059806307984 0.3392693661713417 6.492704547754635 0.3392693661713417
111 1.4984074468677298 0.5447303934831744 0.2371461175333858 0.23522194715387718 0.3895797759671461 0.5478802326831801 0.5705721194384911 29.032270512644395 0.05 19.375417930105353 0.05 35.03855638305368 0.7428018788453361 23.383864286244883 0.7428018788453361 1.2068830912757367 0.8101130242594804 1.3258144282827191 0.039013958299068605 0.45938273253761064 0.023383163930434357 10.00609259645936 0.3584375185388105 6.6778182512213835 0.3584375185388105
112 3.305310544561169 0.914195353550267 0.1631934239580565 0.2599186373097243 0.2725049605909691 0.4046882883323796 0.3525901042604439 120.875296382123 0.05 36.57002715857401 0.05 71.79972288364223 0.5169164184755285 21.722534665248755 0.5169164184755285 0.5939983191988363 0.5517634769999566 1.280087883207533 0.01298017545899049 1.912630982140344 0.20854497583102583 94.38149274500583 0.058545922002462475 28.55450084722264 0.058545922002462475
113 34.345849125262276 4.374142691754716 0.05 0.40534930636720445 0.08122930357114101 0.9158628672007211 0.08619825735338311 1736.6791058983383 0.05 50.56445393341477 0.05 835.5274648048386 0.16259213060869732 24.32688333770983 0.16259213060869732 0.4811064185473932 0.1712283557749969 1.340397339891021 0.014197319573381875 27.479778791863925 2.7627176325861793 1291.0642227274739 0.015761533048656233 37.59010930313154 0.015761533048656233
114 14.734339894199342 3.1953515949561306 0.1019604407714901 0.415452539179069 0.11772198791027731 0.38292968089667134 0.17204744755505907 658.9481259019763 0.05 44.72193058077837 0.05 641.1658795957056 0.27533234281850566 43.515073237052285 0.27533234281850566 0.9730141939747836 0.2697917044478825 1.342259722954017 0.021667619806905097 10.426652125085841 1.2558880302680524 589.7784037395444 0.020911725092059668 40.02747377720871 0.020911725092059668
115 11.722834731376944 1.9788382464899077 0.08978457808417188 0.414779379661669 0.14371241157873121 0.16328710046290362 0.18145558181126137 543.6395897828363 0.05 46.37441388879679 0.05 395.77971071178257 0.2985728806828877 33.76143396890617 0.2985728806828877 0.7280185588946563 0.2975000719723007 1.333697383714499 0.025815440682447746 8.60210555621632 1.1272962812055158 531.5414556273946 0.020992909333046723 45.34239949699953 0.020992909333046723
116 9.28425006294515 1.7865970933782576 0.09990140294652024 0.42413176350262893 0.14105877819217402 0.19710483230725478 0.16178068936705367 456.6047525699844 0.05 49.18057457245397 0.05 373.6260385017457 0.3265224496313154 40.242996038306195 0.3265224496313154 0.8182701480849777 0.3332310948507889 1.3749365757537793 0.021207171696155786 7.224937015912385 0.9784033382811778 463.5028619002999 0.021954556565948483 49.92356504379499 0.021954556565948483
117 2.3210625157362874 0.822591349475243 0.280329773640526 0.24912978103798855 0.313310571581044 0.27379778083055734 0.4799022020388539 61.83820713892998 0.05 26.642198010471798 0.05 59.353228362674606 0.7759062541001621 25.571576793073397 0.7759062541001621 0.9598148314573149 0.7993143152915141 1.3727978603749336 0.020503531440561863 0.9784768591766871 0.05873727803018547 26.0248705632634 0.1530087459549474 11.212481519485394 0.1530087459549474
118 1.1311507196942665 0.5035555809742418 0.28425112163745475 0.13066019748411825 0.4939338509652743 0.5719560221094986 0.6654289976373376 7.478237846979861 0.11769366292357179 6.61117719926936 0.11769366292357179 9.994082950143405 1.039534928287561 8.83532386634087 1.039534928287561 1.3364221832259033 1.1742215038788786 1.0663562672478812 0.00806371465161925 0.1183294695625586 0.005992800798147731 2.7779878620474525 1.026057611002442 2.4558954113544673 1.026057611002442
119 1.1899117960420207 0.5307914436461997 0.32067231242723043 0.14139159020103179 0.5346778265357716 0.8841287382163183 0.6804895718844202 25.37419058171281 0.05 21.32442981581867 0.05 12.336159808742181 1.1028293041195931 10.367289281252356 1.1028293041195931 0.48616958909549834 1.2224890990413506 1.356694186175311 0.031579821307202605 0.4015002565811713 0.010428085824781129 4.3708031474748985 0.6179363404662237 3.6732160837579824 0.6179363404662237
120 10.679825626204309 1.7104747886012517 0.13045697583390828 0.3263846272222299 0.11539423406563414 0.7268863896763317 0.2281844818312196 568.4790936840033 0.05 53.22924863952531 0.05 211.82878893582836 0.2855465555512157 19.834480107622685 0.2855465555512157 0.37262370998215855 0.30301953019547556 1.3511382715246207 0.02304701755926833 8.99514400998064 0.8834274860565646 420.7263804308869 0.02692643155133124 39.39449904487029 0.02692643155133124
121 1.4396463705199756 0.5933481773861184 0.3551058118709185 0.06301640566577173 1.1385765758199429 0.5842537534819603 0.7734141494717842 3.0827708254855914 0.24661795880321924 2.1413389347636445 0.24661795880321924 2.739212877212378 2.276094194483948 1.9026984218513476 2.276094194483948 0.8885554691795499 2.484149040125419 1.1512066515124575 0.02553149000851868 0.048779225276317825 -0.0012075389886569037 -0.4527051791651237 -5.329419067578966 -0.31445581945350537 -5.329419067578966
122 5.038762296819915 1.195083484548859 0.15365856250642934 0.19833189195234727 0.1976628125177603 0.6511969662740323 0.3837394979820877 173.96984066481505 0.05 34.526304361412656 0.05 54.650264698817686 0.38929234090030923 10.845969998090364 0.38929234090030923 0.3141364301420008 0.4130156198952685 1.5119430890236234 0.008294423550114189 2.7527553388892168 0.1981768171694984 89.87833333211027 0.07224377144633849 17.837383078942754 0.07224377144633849
123 0.9695577597379428 0.4672030859343888 0.35076207870808707 0.18796927965922636 0.4126903730264641 0.7149610165741535 0.8148751243181379 34.25245098675196 0.05 35.327911764648135 0.05 19.190592008321143 0.9068192898557278 19.793139517039272 0.9068192898557278 0.5602691619278168 0.9151202866869801 1.394355367530476 0.0235801068440945 0.5419825583032851 0.10136543337008334 49.65368639981948 0.05492647521802062 51.212716211193175 0.05492647521802062
124 2.820531664692197 1.0742290047124823 0.27480636002424697 0.13190312312020724 0.31038234182453334 0.2678038453467929 0.3826342548243422 79.47238565979852 0.05 28.17638484780893 0.05 21.72780961174685 0.604834057052926 7.703444667449954 0.604834057052926 0.27340074708161133 0.6093671491199093 1.6147402059286833 0.026781315110940593 1.257505515706974 0.18781082636381802 90.0241773304598 0.045870334103147496 31.917449627456705 0.045870334103147496
125 1.2927436796505904 0.5734645870235671 0.33363969715433167 0.12608738753362628 0.5440246164042878 0.5195729881917943 0.8738841086316529 24.16942002633504 0.05 18.69621983599075 0.05 10.598851630583527 1.0540254725434806 8.198726319395535 1.0540254725434806 0.438523209039977 1.082493112882711 1.268197168003429 0.011631637569565714 0.38243701261996893 0.03318522283388705 14.646106110018268 0.18734449988233556 11.32947415683896 0.18734449988233556
126 7.433276157990894 1.2395741467004284 0.10560144784568563 0.29639846930850255 0.12437104706743175 0.25229519925418775 0.1787197215792156 114.11105031236714 0.05 15.351380452843243 0.05 126.59989289470302 0.2754771834869462 17.031506727838444 0.2754771834869462 1.109444637904471 0.3814835476677914 1.083094669542765 0.014390897734216767 1.805599167811144 0.09412561113230025 45.65666622610702 0.33243698791037785 6.142199651364406 0.33243698791037785
127 2.1594695557799635 0.7862657913082642 0.27340826448051664 0.17966851717048307 0.3788001795987437 0.4900147420627695 0.632133769937665 66.90772874631074 0.05 30.983409128055435 0.05 29.50681022307735 0.705511709358106 13.663915818632596 0.705511709358106 0.4410075005677777 0.7062564455358359 1.3893866263279298 0.01912623056064534 1.0586926227751532 0.05583111003074274 25.04186512482646 0.1571273073401146 11.596303850545263 0.1571273073401146
128 1.204602065128959 0.5761358691402467 0.3297389858344271 0.0999512123988232 0.05 0.3231506337109436 0.6804745603655753 33.34149217020068 0.05 27.678428532854372 0.05 6.691291698855747 0.371468421337953 5.55477355763906 0.371468421337953 0.20068962914731697 0.4035018579367585 1.550990558252102 0.03800989211117639 0.5275683160959405 0.08982819822481053 43.34645137375625 0.06135267613808531 35.98404205717162 0.06135267613808531
129 1.2339826033028363 0.5498700506727264 0.4349685584332848 0.14476471996466073 0.4221533787992023 0.5448421558331877 0.8062366003222866 33.997501414129665 0.05 27.551037853477915 0.05 13.396595693130529 0.8107203921262803 10.856389431482787 0.8107203921262803 0.3940464780027271 0.8190128560493172 1.6752420450959886 0.00630226566238428 0.5379484375589101 0.07308931341095183 34.892553142817384 0.0773446946512591 28.276373629113692 0.0773446946512591
130 4.78902772234196 1.0087334912031527 0.1284825454319348 0.27477374670230603 0.17305387776450668 0.49432425805308694 0.27695730661518825 169.3537761974414 0.05 35.36287238584264 0.05 88.53924758850661 0.3889615191733248 18.4879379953158 0.3889615191733248 0.5228064562627938 0.4215830409859172 1.2993316058000903 0.013357639715598738 2.67971457312233 0.10686307565275029 45.29577721164406 0.16983518364753095 9.458240761549243 0.16983518364753095
131 1.6453101377371149 0.6659796076714913 0.2572782906985872 0.156443681707112 0.26339138191856576 0.21611850777417263 0.60159505453185 36.51912440309206 0.05 22.19589095422387 0.05 18.948982851299153 0.5831978344236018 11.516967176389448 0.5831978344236018 0.5188783455524129 0.6170247791083238 1.450961051242692 0.014180663776011376 0.5778485283474141 0.036085358975162726 15.545029903790148 0.20119257861777953 9.448084921648924 0.20119257861777953
132 3.7460186171693244 0.8000688465812342 0.14045324424444736 0.2764743726191459 0.20899917244958288 0.5738999902930996 0.3323802508265005 51.28572769570491 0.05 13.690729528316899 0.05 71.09614255788848 0.4198197942104962 18.979121521721698 0.4198197942104962 1.3862753977037292 0.558933240290174 1.286481853092418 0.009246497149802604 0.8115030776881745 0.04360597207244502 20.022843429566404 0.38003154419721247 5.345099818189544 0.38003154419721247
133 1.057699374259574 0.4862554535803063 0.3122349584845009 0.16091657992694597 0.36534264004129835 0.6824249744461655 0.7164643310712392 20.75822334468348 0.05 19.62582549433288 0.05 14.637772328016908 0.7321894416792549 13.839255921148533 0.7321894416792549 0.7051553538547836 0.7321093185937341 1.4137395454777613 0.01141616208872971 0.3284610135218042 0.00884697287546241 3.7274572545359828 0.6868775575283396 3.5241178592407993 0.6868775575283396
134 1.9244252503889472 0.5973689447369598 0.2101275583713818 0.28436374961199057 0.26080378255855846 0.773288932076567 0.4146288273114694 11.977822636286374 0.12387424331738195 6.22410386366814 0.12387424331738195 56.15649857882515 0.5538029007426821 29.180919636902143 0.5538029007426821 4.688372860748588 0.6073754296123902 1.1040065274893782 0.027620730863247202 0.18952718821560852 0.004673085514866139 2.290408790725187 2.0082632630907638 1.1901781013641712 2.0082632630907638
135 1.9684960576497628 0.6802187010326255 0.2883319715396112 0.39562914853710973 0.2864678027016508 0.23612488126639022 0.5480807793513667 35.29429955063568 0.05 17.929575938686124 0.05 123.775316620935 0.7223056806969506 62.87811252653129 0.7223056806969506 3.506949229672578 0.7282774117563937 1.269705962778917 0.05074038335175131 0.5584679169997572 0.019878528880755916 8.489600519777577 0.43760805376756984 4.312734326688734 0.43760805376756984
136 1.865664174041193 0.701883580614538 0.22363921828686548 0.24756512932312122 0.3662302132260899 0.2806160949881728 0.43588396175501426 40.068556472539775 0.05 21.476832234896676 0.05 50.00954958712147 0.7174993280347668 26.80522587234785 0.7174993280347668 1.2480996070171524 0.7359703698732235 1.1707982406841488 0.010639484518317215 0.634011838231574 0.0388118960303893 16.558002767428533 0.2297937569604073 8.87512500792811 0.2297937569604073
137 1.3074339487375288 0.513218770406182 0.23737869587698274 0.1825817813881406 0.38403618955433916 0.591462140670853 0.6208769204933164 8.354759746686938 0.1507970386066757 6.390196426178452 0.1507970386066757 19.88961274583434 0.8090924535277716 15.21270941835337 0.8090924535277716 2.3806325195313396 0.9602950376259516 1.2363510480087794 0.009976277274884435 0.13219883138205907 0.012910995024639778 5.9422341292166765 0.7305845411090842 4.5449593342398344 0.7305845411090842
138 4.348319649733804 1.167269713770296 0.16053903268948538 0.31611913508571177 0.22764067752546227 0.29195036463146645 0.3941673054073655 179.15907392034245 0.05 41.20190978400363 0.05 135.60687343669917 0.5372919363428812 31.186040668606502 0.5372919363428812 0.7569076489923842 0.5481771187952661 1.3879479000697266 0.027522131363059095 2.8348653506418606 0.36771636565393645 175.81039434336728 0.03528617315454315 40.431800903627234 0.03528617315454315
139 2.1888500939538407 0.6688741367251728 0.20926756538146096 0.3502849051030842 0.2938831790669857 0.5112957984525235 0.37478427010207177 64.28333098457068 0.05 29.368539747028613 0.05 95.41049832729956 0.5528171539787856 43.589325093960326 0.5528171539787856 1.484218332590762 0.5869115614785189 1.2640223871141472 0.010997188172148077 1.0171665146185875 0.018494654013497612 7.853761327479758 0.6083114170670205 3.5880763827426283 0.6083114170670205
140 5.699824405732149 1.2125222088580785 0.08937599986422197 0.55039802120971 0.16859373340778844 0.4615777412619685 0.19269368806262932 78.26083659518176 0.05 13.730394311178621 0.05 427.0240598866935 0.3896920348991078 74.91880968425058 0.3896920348991078 5.456420841698284 0.42431487916359106 1.2174935552877248 0.01666355978174014 1.2383349794313254 0.008576807185979042 6.965835540821273 2.134838451804551 1.222114059130652 2.134838451804551
141 2.335752784823226 0.7187812963661995 0.17254141572582035 0.38362646914794046 0.2913804650210782 0.7805678999647672 0.3803037082161138 31.20058571266803 0.06772157121621881 13.357828754565459 0.06772157121621881 122.97669366126743 0.6239824825115383 52.649704395225434 0.6239824825115383 3.9414867013646018 0.6772323982988103 1.2599971286905636 0.014621290896053196 0.4936923490826921 -0.002299527998845339 0.18256229984300143 43.820050269161 0.07815994099598948 43.820050269161
142 2.174159824866902 0.7247887302781216 0.27039725093914524 0.14526525418646338 0.31695012997230865 0.4628095111428035 0.4952221340190214 16.12676625836641 0.11054081656931294 7.417470451765735 0.11054081656931294 17.780494869736255 0.5959512966203792 8.178099266839661 0.5959512966203792 1.10254558073674 0.6380259108193058 1.0789150160712164 0.011001712783098434 0.2551766731174818 0.010575927404456033 5.226530734393713 1.3821392221002715 2.4039312448953343 1.3821392221002715
