plotting_scripts/clumpdata/GMC104_12_physprop_add.txt
# %ECSV 0.9
# ---
# datatype:
# - {name: # # # _idx, datatype: int64}
# - {name: area_pc2, unit: pc2, datatype: float64, description: projected area of structure}
# - {name: rad_pc, unit: pc, datatype: float64, description: equivalent radius in pc}
# - {name: e_rad_pc, datatype: float64, description: frac error in radius}
# - {name: vrms_k, unit: km / s, datatype: float64, description: rms linewidth in km/s}
# - {name: e_vrms_k, datatype: float64, description: frac error in linewidth}
# - {name: axratio, unit: '', datatype: float64, description: minor to major axis ratio}
# - {name: e_axratio, datatype: float64, description: frac error in axis ratio}
# - {name: mlumco, unit: solMass, datatype: float64, description: CO-based mass with alphascale=2.4 from GMC104_12CO_3p5as.pbcor.fits.gz}
# - {name: e_mlumco, datatype: float64, description: frac error in luminous mass}
# - {name: siglum, unit: solMass / pc2, datatype: float64, description: average surface density from mlumco}
# - {name: e_siglum, datatype: float64, description: same as e_mlumco}
# - {name: mvir, unit: solMass, datatype: float64, description: virial mass}
# - {name: e_mvir, datatype: float64, description: frac error in virial mass}
# - {name: sigvir, unit: solMass / pc2, datatype: float64, description: virial surface density}
# - {name: e_sigvir, datatype: float64, description: same as e_mvir}
# - {name: alpha, unit: '', datatype: float64, description: virial parameter}
# - {name: e_alpha, datatype: float64, description: frac error in virial parameter}
# - {name: 8um_avg, unit: MJy / sr, datatype: float64}
# - {name: e_8um_avg, datatype: float64}
# - {name: flux12, unit: Jy km / s, datatype: float64, description: 12CO flux within the structure}
# - {name: flux13, unit: Jy km / s, datatype: float64, description: 13CO flux within the structure}
# - {name: mlte, unit: solMass, datatype: float64, description: LTE mass using H2/13CO=3000000.0}
# - {name: e_mlte, unit: '', datatype: float64, description: fractional unc in mlte}
# - {name: siglte, unit: solMass / pc2, datatype: float64, description: LTE mass divided by area in pc2}
# - {name: e_siglte, unit: '', datatype: float64, description: 'fractional unc in siglte [same as e_lte]'}
# schema: astropy-2.0
# # # _idx area_pc2 rad_pc e_rad_pc vrms_k e_vrms_k axratio e_axratio mlumco e_mlumco siglum e_siglum mvir e_mvir sigvir e_sigvir alpha e_alpha 8um_avg e_8um_avg flux12 flux13 mlte e_mlte siglte e_siglte
0 1.8215933667803774 0.6138902300080662 0.29104980335297465 0.21980460844574076 0.33761158480112213 0.7380458572797365 0.6010960925332312 16.145413729954473 0.14537111666236935 8.863346795388866 0.14537111666236935 34.48047377089051 0.7118288263271016 18.92874359321692 0.7118288263271016 2.135620328323896 0.7552621392996127 1.331056438146099 0.017644099119505527 0.2554717049976108 0.0006747534979158664 1.3745690423397758 4.675756040742973 0.7545970837439387 4.675756040742973
[from data line 37]
38 169.43756364874898 7.627404359149773 0.05 1.1189124689375425 0.05 0.2793185360896182 0.02492725275629884 28891.269233397816 0.05 170.51277539194675 0.05 11101.404144588334 0.0395710760918641 65.51914407599722 0.0395710760918641 0.3842477135533838 0.042666024745522266 1.9226121309520012 0.011993829164682689 457.1516162084919 75.38960351377494 38979.31304506225 0.0020950552022046456 230.05118939191055 0.0020950552022046456
39 158.06729537545857 7.564474504271548 0.05 1.101112751378062 0.05 0.27338558648449973 0.027680015814095925 26950.361605899274 0.05 170.49928982389338 0.05 10662.308962773406 0.044478918004282005 67.45423800316905 0.044478918004282005 0.3956276772345604 0.04684485481115272 1.9277078008230735 0.012274667874519465 426.4403382080746 71.55552744283148 37141.73894537232 0.0021114641394451798 234.97421688116594 0.0021114641394451798
40 144.50817700821432 7.44229784550253 0.05 1.0836210410446758 0.05 0.2621306234403004 0.029554146017435484 24881.83647024792 0.05 172.18289639646866 0.05 10159.464588221099 0.04905629926914241 70.3037350449975 0.04905629926914241 0.40830847033212864 0.04955837938573582 1.9492761785814139 0.01221160365982558 393.70964824884453 67.024955791912 34929.06796403422 0.002144068751899161 241.70997577561815 0.002144068751899161
41 150.06109872307707 7.508665394409193 0.05 1.090579604924269 0.05 0.2682924566153472 0.0292325989439729 25726.047587025965 0.05 171.43715330580676 0.05 10382.128748782734 0.04141805200500277 69.18601047925104 0.04141805200500277 0.40356485828855415 0.043728851037966136 1.940456752968488 0.01220305230201813 407.0677647971143 69.08739282941471 35953.6292673597 0.0021234377706982432 239.59326949690384 0.0021234377706982432
42 109.39843389043122 5.576315879831372 0.05 0.9723776916498142 0.05 0.475445271346103 0.036388750215706644 17863.303745889894 0.05 163.28664964053337 0.05 6129.517030114765 0.053368804525563605 56.02929413280108 0.053368804525563605 0.3431345689077858 0.0572343930783251 1.8811992141277467 0.013465864249039379 282.6541646782359 48.14880946602012 24822.005066276415 0.00256010861029452 226.89543335818746 0.00256010861029452
43 80.95807293811822 5.170692672595205 0.05 0.9241649898976793 0.05 0.47016185665293764 0.047489076509443215 13290.012957278817 0.05 164.15920580813827 0.05 5134.009470261527 0.0695298738846828 63.415658055322055 0.0695298738846828 0.3863058288027987 0.07128292685234837 1.9307083474423834 0.014948848059328402 210.29021363051967 37.919798002567326 19807.982522894228 0.0027180163901691415 244.6696395310054 0.0027180163901691415
44 8.153099343250881 1.3853386645589059 0.08320065178284462 0.514403882057801 0.1468388649319137 0.5220826800900314 0.19534431187542348 474.3127041555646 0.05 58.17575429743778 0.05 426.16064967918584 0.3414157851694824 52.269772725382126 0.3414157851694824 0.8984803610476647 0.34515984010602785 1.6304126363616807 0.013650796461990267 7.505133686383121 0.49922380192844246 219.63257656411523 0.057110239921909174 26.93853801081507 0.057110239921909174
45 55.925854413974974 4.017096722910967 0.05 0.8805082430920304 0.05 0.3040484170511094 0.047253284028093305 9369.518277292771 0.05 167.53464699774847 0.05 3620.6626038549966 0.07883195912340409 64.7404074876369 0.07883195912340409 0.3864299632810099 0.08301192703864159 1.9765265538431323 0.018307644439038585 148.25553106348664 29.16323448706706 15406.230210023416 0.002894207435825709 275.4759917655124 0.002894207435825709
46 46.30372816203024 3.79107324662649 0.05 0.8235590177589301 0.05 0.3166195615052576 0.06685027171706602 7213.628319560636 0.05 155.78936310091592 0.05 2989.2383469665438 0.09182334595471307 64.55718503931968 0.09182334595471307 0.41438763054382194 0.09556350524587251 2.002476710126485 0.019616361049476803 114.14251124875983 23.236713543211273 12371.78159465601 0.003132204645255267 267.1875912748006 0.003132204645255267
47 41.52939070877522 3.6822794775157175 0.05 0.7968503469794466 0.05 0.30257895244384564 0.056158313493203535 6258.990498703367 0.05 150.7123122174974 0.05 2718.186149457154 0.105891730300832 65.45210760539277 0.105891730300832 0.4342850736105547 0.10809779178308448 2.0256893730096106 0.020238218055904308 99.03710979271541 20.55864740883796 10987.760609705492 0.0032706793816068796 264.57793919388666 0.0032706793816068796
48 49.38868467028733 3.8741861392237977 0.05 0.8364670388271841 0.05 0.3142319180108923 0.04743853973877066 7777.354842564274 0.05 157.4724027271615 0.05 3151.280505796847 0.09820689720163536 63.80571839145749 0.09820689720163536 0.40518666945095144 0.10122357807614377 1.9910269748731995 0.019295901519358016 123.0624553142706 24.767044634151247 13155.387976417338 0.003065948429003042 266.3644125013869 0.003065948429003042
49 26.574696778271793 3.327880555730001 0.05 0.7156361281685731 0.0725043893206602 0.2928026582008292 0.08072216148133589 3503.0412835707025 0.05 131.8186737105082 0.05 1981.3498231711092 0.152801432833483 74.55775844603862 0.152801432833483 0.5656084706919268 0.15257553575577876 2.09231946038699 0.02395027472064531 55.429239004371524 12.078570837130941 6543.179748129507 0.004059434271564619 246.21841606408813 0.004059434271564619
50 12.134162265811225 1.8082680850295938 0.08704219797865953 0.5181539443879125 0.09402297044209545 0.317764010008692 0.1578973543480107 1182.8637974702815 0.05 97.48211467412757 0.05 564.4030472540094 0.23028503835840075 46.51355692219898 0.23028503835840075 0.47714965024803674 0.2264457228869652 1.860481151512691 0.01630812229623857 18.716660334607447 2.475009660472831 1277.3094663959778 0.012676596798649334 105.26556662217041 0.012676596798649334
51 6.023010325644796 1.1279709822291069 0.09033346193221817 0.6420840382472182 0.12635198231287575 0.5209523352014461 0.22278339688615087 707.1598610267816 0.05 117.40970424968953 0.05 540.618110645957 0.27686539570638885 89.75878861507363 0.27686539570638885 0.7644920766020156 0.279033323413914 1.9617258752264628 0.043969048069525715 11.189514856219933 1.9680437762016894 1044.619345932252 0.011549684966905619 173.4380798725295 0.011549684966905619
52 1.3074339487375288 0.603448110446255 0.2419930221833015 0.3279124063683728 0.4804328407895226 0.31995826590115195 0.6292825748294486 69.1645849774376 0.05 52.90101656318746 0.05 75.43354950012532 1.0075097701063156 57.695877924054756 1.0075097701063156 1.0906383595698976 1.007400761821109 2.040174924925472 0.04860831329565443 1.0944034250482335 0.1146507367929176 55.97869490078474 0.06773077005900646 42.81569631478387 0.06773077005900646
53 29.74779490105052 2.4739605990834534 0.05 0.974563683397869 0.05 0.37377533994247103 0.07290070004488432 5799.010443612878 0.05 194.939169874675 0.05 2731.6316837432073 0.09594422350479774 91.82635865378856 0.09594422350479774 0.4710513475194496 0.11078461893646181 2.207355237831304 0.018669061311454946 91.75875880024785 16.455355543214427 8941.95173491666 0.00396288997687955 300.5920863936332 0.00396288997687955
54 10.547613204421863 1.790534102447519 0.07067393934003435 0.7536721863900985 0.10693182316799324 0.27173009395232195 0.16352178831390657 744.596522916583 0.05 70.5938403775014 0.05 1182.3784049689616 0.2316670834603633 112.0991433847114 0.2316670834603633 1.5879451066163832 0.24491614380200158 1.655791982634818 0.024190685149088117 11.781881832030985 0.8399356967526587 383.0780172941432 0.043181755454161544 36.31892920888926 0.043181755454161544
55 1.6159295995632383 0.5688737035229368 0.205035730212536 0.4251397112334828 0.3196178952391174 0.4915185770166403 0.37646487139356677 119.67078508838604 0.05 74.05692990630982 0.05 119.5330829287567 0.6648966692148677 73.97171446148688 0.6648966692148677 0.9988493251755001 0.6798442472832783 1.7870035767555237 0.017115594860847665 1.8935718918712985 0.4313675852889377 230.37152681189013 0.021158260419500936 142.56284857592567 0.021158260419500936
56 1.3808852941722218 0.595460195744193 0.3497951595681264 0.1433553170466588 0.5050828391321335 0.507999335570741 0.5976663353287378 31.235982350842868 0.05 22.62025852738726 0.05 14.226211548097414 0.9018520358876125 10.302239880558206 0.9018520358876125 0.45544306525431033 0.9356441782689129 1.1202446513987603 0.02435940992637399 0.49425242674112907 0.029664471129773273 12.854940090943723 0.23244274060483752 9.309201962824636 0.23244274060483752
57 4.274868304299111 0.8323345786114593 0.12476278827728594 0.4909132455238295 0.14281176205283314 0.7339389014172971 0.21476077923875414 87.3690950146498 0.05 20.437844816595927 0.05 233.19345295676712 0.36123155937098 54.549856593769505 0.36123155937098 2.6690611012700303 0.45734176482046557 1.8396655956084786 0.010861806638550008 1.3824565916184917 0.08333103411926523 35.96329843545469 0.250943476481209 8.412726632838593 0.250943476481209
58 4.348319649733804 1.0338362924631894 0.12321762007415014 0.41814872146147497 0.1895313634784677 0.37936081898701596 0.223150469130608 241.6683120660932 0.05 55.57740265964295 0.05 210.1465361068582 0.37488430298573283 48.32821711249379 0.37488430298573283 0.8695659530629146 0.39179659727683525 1.5796245207657684 0.031262095340663945 3.823960041461957 0.3309970636552044 154.06947805245085 0.059102970136699066 35.431957736106796 0.059102970136699066
59 1.0136285669987584 0.5002489174024373 0.3039579386189052 0.24347840581415248 0.3866397991753442 0.44814557524712045 0.8188456977831975 48.60378277935627 0.05 47.95028905239587 0.05 34.47592855428449 0.8776588658567104 34.01238843964697 0.8776588658567104 0.7093260356049411 0.8947657567423106 1.663906064586363 0.02312834089212046 0.7690662367084167 0.1048986840741813 51.84670009588661 0.06123687164146727 51.14960428690258 0.06123687164146727
60 1.3808852941722218 0.6080908917212066 0.30789293292958286 0.13975752750202355 0.603715809908651 0.5762847049311052 0.8475875880176075 31.348238911134494 0.05 22.701551709931376 0.05 13.807906307476348 1.3611048637312324 9.999314472932788 1.3611048637312324 0.44046832572058636 1.3921406517627746 1.2024098951765831 0.0642834629088937 0.496028723678969 0.033225084041147414 14.876107584492667 0.18570654298079656 10.77287711533652 0.18570654298079656
61 13.632569712678954 2.076886752176818 0.05626675920037151 0.5446254946165996 0.09474351497796359 0.15164543346500117 0.10302064642665389 1489.9781186216908 0.05 109.29547033498304 0.05 716.172542309687 0.21717582147697131 52.533935817222456 0.21717582147697131 0.4806597716832142 0.21995177665830462 2.2392944394257563 0.023268100522501674 23.57618708367391 5.732898978627956 3167.910770622441 0.005365467981983417 232.37810899849126 0.005365467981983417
62 4.965310951385223 0.9872347812080217 0.09017421753937013 0.5901639125766561 0.1465734556010634 0.7168472268228138 0.2003280925304157 587.5396504068158 0.05 118.32887328897377 0.05 399.73728870335975 0.29810320516725264 80.50599300167515 0.29810320516725264 0.6803579782684954 0.3016349596316576 2.1803346755941946 0.033314886756874336 9.296742502950526 2.254648879407234 1235.7500626378676 0.008720038931213482 248.8766715190552 0.008720038931213482
63 7.359824812556202 1.3081056434212495 0.08497764711852435 0.4595020012124972 0.13121005866923008 0.22923954875324737 0.18484352216434105 753.1240388715528 0.05 102.32907141847838 0.05 321.08982921089006 0.27452563308536254 43.62737393736546 0.27452563308536254 0.42634388578539684 0.2712871780982228 2.3018319092824786 0.03073502636369092 11.916814337224858 2.9550870665613873 1651.8189080017091 0.007238539975976584 224.43725904774658 0.007238539975976584
64 8.035577190555374 1.2787570818091563 0.11773328014335664 0.39010084683761875 0.13313412063830576 0.48563609898872195 0.1877894310408626 551.9873737908804 0.05 68.6929340234152 0.05 226.2302907062719 0.2573271918771212 28.15358316415303 0.2573271918771212 0.40984685782319885 0.26212879103527603 1.6042627490634673 0.028926351359233392 8.73419435795039 1.5167456468180542 760.6257589685015 0.015086097814635583 94.65726492709247 0.015086097814635583
65 1.9391155194758856 0.6912291191506729 0.24505481639761365 0.3860253566702436 0.2628227644502584 0.4773642103789227 0.4697450719601414 77.13828851541459 0.05 39.78014086353346 0.05 119.74643880010409 0.6337385417797656 61.75312280130159 0.6337385417797656 1.5523605864832624 0.6331362635476678 1.8431697289148967 0.01185422517836823 1.2205727482174122 0.17425035325209665 80.67819998135305 0.0528645877854706 41.60566978658351 0.0528645877854706
66 1.586549061389361 0.5711837862100735 0.1250490205994325 0.6320478338475423 0.19679654885111147 0.7240389017421457 0.3283484456492153 380.3206961002537 0.05 239.7156856701312 0.05 265.26788880888154 0.38543231112999854 167.19803708848633 0.38543231112999854 0.6974847583339406 0.3980292700632151 2.2374727438997337 0.02132740238771452 6.017881314868272 1.6728124266292141 1101.953599635402 0.007719256460728438 694.5600526657571 0.007719256460728438
67 2.908673279213829 0.7243681618187696 0.15245815692585882 0.47914255460670896 0.1821033766403787 0.6552421324546257 0.280362838213542 50.11323513147314 0.07323318127791932 17.22889796169132 0.07323318127791932 193.32933500866662 0.40105653721248874 66.46650085805466 0.40105653721248874 3.8578498175474603 0.4674173163917385 1.456904821323626 0.01451764335791549 0.7929505490554928 0.02623623793461332 12.94910104271705 0.6734452097064876 4.451892598338511 0.6734452097064876
68 1.6306198686501765 0.5899632689901554 0.2429113660202104 0.28859624586899113 0.28122758772320894 0.4921695189121307 0.4541070763196141 89.94399502379055 0.05 55.15938861841907 0.05 57.12355715802866 0.6118632340394115 35.03180493275567 0.6118632340394115 0.6351013999647142 0.6237946788959831 1.6973730766021453 0.03327373378043777 1.4231995607486096 0.14766190899594392 71.6878404951645 0.0615124544122407 43.96355145268009 0.0615124544122407
69 50.03505651011262 5.039537658928878 0.05 0.7892723473549077 0.05316688309351455 0.3841134807959711 0.07038039956511657 3486.0661561360484 0.05 69.67247364718129 0.05 3649.6682127748554 0.11461308737005511 72.9422222604509 0.11461308737005511 1.0469302788046178 0.11775033136967569 1.4778562634045842 0.014823122136813503 55.16063526437129 9.729540900648233 4722.868468705996 0.00638671732796467 94.39118886078312 0.00638671732796467
70 47.09700269272492 4.842603595182405 0.05 0.7774828192739747 0.056057595163171346 0.36750011531078214 0.0696779445809998 3285.4836555835664 0.05 69.7599309454798 0.05 3403.0586756718735 0.11463128075914117 72.25637473948092 0.11463128075914117 1.0357862136640041 0.11313596263743299 1.485355587021976 0.015149879493400001 51.986784206557715 9.354502052172775 4548.176361691502 0.006419383915936055 96.57039942361469 0.006419383915936055
71 1.1311507196942665 0.4826083481802472 0.27991783230828937 0.2609658607323633 0.3888593791723241 0.902949674227662 0.563159552735608 34.41137757014166 0.08247016990386247 30.421567144865143 0.08247016990386247 38.209481103136156 0.8242416530990685 33.77930141216161 0.8242416530990685 1.1103734811328816 0.861537294418119 1.5244228359940764 0.023080639777418605 0.5444972667609921 0.01170471542384205 5.169143736375421 1.0482786112387195 4.5698098815448445 1.0482786112387195
72 1.806903097693439 0.6289620521726604 0.1904127142653124 0.25093745128745854 0.3192730022958712 0.8031656597684002 0.38602314276696253 50.615851751036814 0.05 28.01248822676176 0.05 46.04307541605663 0.5935629295312044 25.481762400447412 0.5935629295312044 0.9096572283822821 0.6573817572284466 1.4530983281329395 0.006376017835360367 0.8009035335253546 0.017471737229743576 7.464415691950183 0.6095541384843215 4.131054787320202 0.6095541384843215
