plotting_scripts/clumpdata/GMC1_13_physprop_add.txt
# %ECSV 0.9
# ---
# datatype:
# - {name: # # _idx, datatype: int64}
# - {name: area_pc2, unit: pc2, datatype: float64, description: projected area of structure}
# - {name: rad_pc, unit: pc, datatype: float64, description: equivalent radius in pc}
# - {name: e_rad_pc, datatype: float64, description: frac error in radius}
# - {name: vrms_k, unit: km / s, datatype: float64, description: rms linewidth in km/s}
# - {name: e_vrms_k, datatype: float64, description: frac error in linewidth}
# - {name: axratio, unit: '', datatype: float64, description: minor to major axis ratio}
# - {name: e_axratio, datatype: float64, description: frac error in axis ratio}
# - {name: mlumco, unit: solMass, datatype: float64, description: CO-based mass with alphascale=2.4 from GMC1_12CO_3p5as.pbcor.fits.gz}
# - {name: e_mlumco, datatype: float64, description: frac error in luminous mass}
# - {name: siglum, unit: solMass / pc2, datatype: float64, description: average surface density from mlumco}
# - {name: e_siglum, datatype: float64, description: same as e_mlumco}
# - {name: mvir, unit: solMass, datatype: float64, description: virial mass}
# - {name: e_mvir, datatype: float64, description: frac error in virial mass}
# - {name: sigvir, unit: solMass / pc2, datatype: float64, description: virial surface density}
# - {name: e_sigvir, datatype: float64, description: same as e_mvir}
# - {name: alpha, unit: '', datatype: float64, description: virial parameter}
# - {name: e_alpha, datatype: float64, description: frac error in virial parameter}
# - {name: 8um_avg, unit: MJy / sr, datatype: float64}
# - {name: e_8um_avg, datatype: float64}
# - {name: flux12, unit: Jy km / s, datatype: float64, description: 12CO flux within the structure}
# - {name: flux13, unit: Jy km / s, datatype: float64, description: 13CO flux within the structure}
# - {name: mlte, unit: solMass, datatype: float64, description: LTE mass using H2/13CO=3000000.0}
# - {name: e_mlte, unit: '', datatype: float64, description: fractional unc in mlte}
# - {name: siglte, unit: solMass / pc2, datatype: float64, description: LTE mass divided by area in pc2}
# - {name: e_siglte, unit: '', datatype: float64, description: 'fractional unc in siglte [same as e_lte]'}
# schema: astropy-2.0
# # _idx area_pc2 rad_pc e_rad_pc vrms_k e_vrms_k axratio e_axratio mlumco e_mlumco siglum e_siglum mvir e_mvir sigvir e_sigvir alpha e_alpha 8um_avg e_8um_avg flux12 flux13 mlte e_mlte siglte e_siglte
0 46.58284327468207 3.1046712115545416 0.05 0.817729123653166 0.05 0.5887130910273316 0.052704438405212696 4608.231023102818 0.05 98.92549915705568 0.05 2413.47864961754 0.10534248693662714 51.81046239247646 0.10534248693662714 0.5237321300772145 0.13137712153210981 1.3380773915585866 0.01340264371081761 72.91685391978496 10.641756628853397 5386.054406296584 0.006100828701303752 115.62313563680476 0.006100828701303752
[from data line 37]
38 1.9244252503889472 0.8341310531602093 0.3462762069065701 0.2090085266865345 0.3471023919102746 0.2268027392970565 0.6704801778442688 26.921366399904315 0.05 13.989302205665414 0.05 42.361488582507846 0.8341906634671697 22.012540405997132 0.8341906634671697 1.5735266907796481 0.8461037123522078 1.439815812438499 0.016779270181215316 0.4259815281592201 0.07619115381878766 34.89115117730353 0.07770436945305216 18.130686640206807 0.07770436945305216
39 2.2916819775624107 0.7131973310287559 0.20522548692841888 0.30782600093513934 0.24565736515964684 0.31941973812789487 0.46955663925440166 155.2500955600335 0.05 67.74504363173816 0.05 78.5650200035678 0.5256440421419919 34.282688773044725 0.5256440421419919 0.5060545677615224 0.5329241317307546 2.744476217489976 0.1654642955996079 2.4565496044889175 0.557766399762201 315.6563158032203 0.017221400671225393 137.74001754771135 0.017221400671225393
40 5.024072027732976 1.2496533522877211 0.15308914170943458 0.29861490963538373 0.22222040708151242 0.4429162232239157 0.4081147632779804 220.21937711404607 0.05 43.83284632434224 0.05 129.5452370358847 0.5397799053042378 25.784908401151984 0.5397799053042378 0.5882553966574725 0.5803494767224524 1.3900764807623032 0.02271138985646306 3.4845699783060406 0.7803657991589399 399.5212726784561 0.017079723588816223 79.52140623643348 0.017079723588816223
41 1.1605312578681437 0.5273979008259495 0.3107854119560116 0.1862445806503471 0.47994375254362814 0.21445955107686715 0.7501751496008273 37.49820669630392 0.05 32.31124232292273 0.05 21.267409890314386 1.0035109745375892 18.325581276786885 1.0035109745375892 0.5671580527185758 0.9942981516048716 1.5815987149371376 0.036432349819208225 0.5933407303471713 0.17637432960630245 93.11273044867902 0.030841538513008644 80.23285009981025 0.030841538513008644
42 1.2339826033028363 0.5192322235324643 0.23106979484803106 0.22871214050787286 0.33683329735581224 0.5177148797365434 0.6173807120969426 55.782809214544166 0.05 45.205507002479436 0.05 31.57540933790484 0.7421040718964595 25.58821271336497 0.7421040718964595 0.5660419362614716 0.8255257776888286 1.4759253689220972 0.01046985256363614 0.8826611913043007 0.15165364043643864 75.27123155205864 0.04561483445676869 60.99861647205576 0.04561483445676869
43 2.3798235920840414 0.8458427277186538 0.24442842319941777 0.14155549993410513 0.32838187116083944 0.32093522799839497 0.551664560498272 51.19196101483711 0.05 21.510821720196358 0.05 19.70389257594271 0.6401921624907598 8.279560149535186 0.6401921624907598 0.384902085900399 0.6457407622203278 1.5191018824224118 0.006371588436975071 0.8100193749075062 0.14348019494718814 67.37147585949728 0.05197393156009444 28.309441121431707 0.05197393156009444
44 3.6725672717346316 0.9253001424073184 0.18261336805405673 0.21943776417511196 0.41377246193294054 0.3869276575642778 0.3046388798817102 85.41928620742588 0.05 23.258739700928757 0.05 51.798154160400806 0.9280226168113923 14.104072254593566 0.9280226168113923 0.6063988176466143 1.016917570988571 1.3647372527122497 0.013382002327160044 1.351604389416871 0.12837021292952355 56.470544137024945 0.0890265552766057 15.376313068964617 0.0890265552766057
45 15.792039268458916 1.8664490950043917 0.08254600232174919 0.45150598618492915 0.09438028845238804 0.833667023137544 0.1257250812730109 778.2830221970652 0.05 49.283250184889816 0.05 442.33580052683624 0.24952480388987777 28.010049431063887 0.24952480388987777 0.5683482588096783 0.2816095829398851 1.3052935011442317 0.022978043600982823 12.31490877656854 1.4448366330240954 674.789950688116 0.021174898379948334 42.72975384729816 0.021174898379948334
46 11.37026827329042 1.5983744633781525 0.09518755607751926 0.44644471477610514 0.10577316729260021 0.7364886365214309 0.1651135441751035 588.8803301008941 0.05 51.79124326241417 0.05 370.3589292315676 0.26522859390996556 32.57257615473923 0.26522859390996556 0.628920529860648 0.3200684470938378 1.2688145038385417 0.02271613427279113 9.317957067050163 1.2087675155763438 570.2798277879408 0.021400826261348548 50.15535377714607 0.021400826261348548
47 25.208501753186514 2.5509928802414947 0.055639158024139816 0.4947183812539722 0.07592504937156022 0.16766499228516787 0.1042953219662465 1238.5521413022743 0.05 49.132318668867875 0.05 725.8288991061097 0.1667155777827533 28.793020156954007 0.1667155777827533 0.5860301515791961 0.20058269705718457 1.3466483028757545 0.018596714622183992 19.59782862071946 2.4200653739082987 1110.8680184328343 0.016379800989641646 44.067197222159926 0.016379800989641646
48 11.605312578681437 1.6694650698387246 0.10134831190169538 0.3825782370776817 0.1092735060754144 0.20427194239797802 0.14920183308235424 578.6735128594604 0.05 49.86281144399884 0.05 284.0709184941745 0.251052871449695 24.477661981806772 0.251052871449695 0.49090015731057907 0.30482903245582527 1.4305134865302074 0.014651385574615308 9.156452616708767 1.3049261071292693 611.8842001129233 0.01945502889899266 52.72449112977221 0.01945502889899266
49 1.3221242178244674 0.6177442688897025 0.3186749465600179 0.19323497415571633 0.4917157076889038 0.2669458337211248 0.7089016491638944 32.21482783663558 0.05 24.365961535478505 0.05 26.815698083633706 1.097860885238632 20.28228340583495 1.097860885238632 0.832402340301759 1.1295566286607621 1.2520682745509677 0.013031643340772368 0.5097408664181077 0.10246643650386578 48.569581104750476 0.05754080609255591 36.736019543360975 0.05754080609255591
50 5.817346558427658 1.0557344079191062 0.12146764240026141 0.4877756331517723 0.14910344048330482 0.5576545732297673 0.23210234876166558 301.8055791739609 0.05 51.88028186780993 0.05 292.01408133938617 0.312747970148967 50.19712654325914 0.312747970148967 0.9675569356226814 0.3450348000990928 1.361405603512369 0.014596491509873698 4.775522818859542 0.7420994500742852 348.4072858044358 0.024800738018253485 59.891100230171794 0.024800738018253485
51 4.4658418024293125 0.9414411940603257 0.1419205980069787 0.6581391422655953 0.12575016663006044 0.340935369268577 0.27759855227097296 148.91716544034367 0.05 33.34582191409831 0.05 474.0646311157425 0.3182262815198578 106.1534761168348 0.3182262815198578 3.183411594720779 0.396716190490448 1.278733896973886 0.015399639350921996 2.356342565261827 0.2502911617686517 111.30892332156232 0.05824811731867588 24.924511043139255 0.05824811731867588
52 5.024072027732976 0.9688118406561955 0.14738602147080157 0.1887015873097217 0.16789759338584936 0.9254008684896649 0.2335087009130775 225.9255160192281 0.05 44.96860609722847 0.05 40.10508676872959 0.4130018480959766 7.982585947683219 0.4130018480959766 0.17751464055665286 0.6021303683499157 1.4336575991229008 0.012083907447064404 3.57485903780231 0.4333473449868172 214.04403252898658 0.03293615419367995 42.60369504009085 0.03293615419367995
53 6.18460328560112 1.3080118155365652 0.17327239569962577 0.1961332560942726 0.16435557665871314 0.5049511110861348 0.4238677450526696 254.86013937901782 0.05 41.20880962120538 0.05 58.4955810431084 0.3747410772031417 9.45825921919628 0.3747410772031417 0.22952032116766644 0.4988790911334533 1.4111742792106865 0.016079770505885348 4.0326964271875525 0.4800966745829345 234.5439879141145 0.03242590793091765 37.92385333109005 0.03242590793091765
54 0.99893829791182 0.4795503512427684 0.39873214480554814 0.16558324355014323 0.5896965932685511 0.6692649803572955 0.8218309160127363 28.23018649356062 0.05 28.260190396717178 0.05 15.285368040513363 1.2030907910685014 15.301613795832923 1.2030907910685014 0.5414547312324698 1.2677582954218571 1.6749894794295817 0.044474550134035465 0.44669119962581194 0.1075812581930464 54.07772217785544 0.04663467388854252 54.13519763022349 0.04663467388854252
55 2.908673279213829 0.782593119922314 0.19759165885785177 0.15213391445520433 0.3007683754559113 0.4968770316181754 0.4034304186928106 62.147929257815576 0.05 21.36641805112372 0.05 21.057025398458798 0.6174895465496884 7.239391769759098 0.6174895465496884 0.33882102991888047 0.7842778779483027 1.311014437916303 0.006701279020868074 0.9833776347623161 0.12686549348061785 56.933120184264595 0.07760678942621432 19.57357005034707 0.07760678942621432
56 1.1458409887812053 0.5180778580318146 0.34298060926891694 0.09102159559887425 0.4359542964750737 0.6659986200449419 0.8808116630664298 19.09240715389487 0.05 16.66235310206773 0.05 4.9899114155712825 0.8709072996368151 4.354802685910977 0.8709072996368151 0.2613558036632031 1.0070691181298215 1.2910530658868642 0.025312125735333046 0.3021024778349869 0.04270913546124656 19.683186770467973 0.12201496181013342 17.177939140931198 0.12201496181013342
57 2.1300890176060867 0.6485588108416196 0.20357549632293948 0.22845355427527236 0.23209278891741636 0.7582644746586942 0.3518990953549022 78.49410056380715 0.05 36.85015035288207 0.05 39.35084998461509 0.5361242704846834 18.47380539468711 0.5361242704846834 0.5013223885867338 0.6120394566351612 1.2944747604172806 0.00998976503131368 1.2420260224584367 0.18824121265859062 86.09027529355231 0.05204932558579325 40.41628053193072 0.05204932558579325
58 1.7922128286065004 0.6013791570034905 0.30420837746044943 0.17760209516232323 0.5746544343556386 0.5755148203640746 0.6159034236932797 33.897448188950385 0.05 18.91374040398242 0.05 22.052277918964624 1.2338912434532041 12.304497304659366 1.2338912434532041 0.6505586437079663 1.4060301746140844 1.2961429142561116 0.017137405064290165 0.536365290264088 0.07693393215566956 34.612704332540005 0.09137595915828957 19.312831478531724 0.09137595915828957
59 4.759647184168083 0.9788395923774466 0.11420964826087664 0.274279585527693 0.1620205241764109 0.36444965141925867 0.2505322535458302 260.23979010866816 0.05 54.67627747163665 0.05 85.60663220167125 0.3663994518569767 17.98591973086216 0.3663994518569767 0.32895289442834447 0.4261733408808123 1.4416795715137765 0.03461122185436377 4.117819994252506 0.6984025953290913 338.96348776347423 0.022831976618317904 71.21609536332053 0.022831976618317904
60 1.204602065128959 0.5458531806567052 0.2803915937813528 0.2362852645014488 0.4642224007638662 0.3749597756869096 0.724279423961868 27.729535248139367 0.05 23.01966437785475 0.05 35.42893012372278 1.0297163518121084 29.4113144492492 1.0297163518121084 1.2776604370280615 1.1526711380316335 1.3161434894654809 0.021669492108218308 0.43876931375594924 0.04529012842908676 19.852572243851927 0.14062398117179778 16.480606184023603 0.14062398117179778
61 1.8362836358673158 0.6423815942930595 0.272243364945706 0.18986365740049665 0.5752712578396637 0.5104061023749289 0.613869963160103 50.22397644246348 0.05 27.350881672885805 0.05 26.920659164391328 1.2150593214217462 14.660403566509009 1.2150593214217462 0.5360121016150842 1.305927063423395 1.4913343105316161 0.01064798949375232 0.7947028113635485 0.07227298186627136 32.04818613094548 0.11034111539870627 17.4527428687826 0.11034111539870627
62 8.109028535990067 1.4766333086722594 0.11217436352367252 0.3956479347145961 0.14437232374585443 0.7921912594754655 0.220695852694817 415.55689892202827 0.05 51.246200093842816 0.05 268.71962346121785 0.3383562844210767 33.13832504948864 0.3383562844210767 0.6466494098841522 0.39285080229148267 1.2866322907848635 0.023230022009637277 6.575429637437646 0.9406565252175495 449.25583104659955 0.022127843870473465 55.40192996641711 0.022127843870473465
63 1.7922128286065004 0.6029344900944891 0.2809992152614529 0.20934160351443679 0.35903467307236137 0.7357735242195672 0.6440762210295715 45.432900009158374 0.05 25.350170071310014 0.05 30.717801969775252 0.8382924111728445 17.13959496298175 0.8382924111728445 0.6761136084991967 1.0529369195818987 1.4175974912330753 0.018979487097214167 0.7188927677098734 0.06250436247380524 27.97300885389241 0.12060349117995146 15.608084267336858 0.12060349117995146
64 2.0713279412583323 0.6941150086243787 0.2446183095545693 0.15152809190706346 0.26963195947002333 0.671266667019695 0.47457196169709037 59.014375299618635 0.05 28.491082519635874 0.05 18.527919691351237 0.5430270082385873 8.944947500730144 0.5430270082385873 0.313956042020002 0.5787001522643705 1.5187102099682421 0.008934067834099044 0.9337947639890701 0.1185841235629319 54.54009040432481 0.06840739345252574 26.330977976955058 0.06840739345252574
65 1.2339826033028363 0.5241078902346394 0.3826244004813411 0.21754842916222605 0.4602811922729383 0.7769396954218133 0.819205839263081 23.252465606972173 0.05 18.84343064864562 0.05 28.836431591452612 1.066436982578505 23.36858843412378 1.066436982578505 1.2401451131619394 1.133686975697764 1.280328821568262 0.0163468367324598 0.36792783545535496 0.03251288977566496 13.949189053080962 0.19606117879085552 11.304202357265842 0.19606117879085552
66 1.6600004068240537 0.5846777083266994 0.30859800300730705 0.1309967577470738 0.4596062254279299 0.7197780209822445 0.6303538205265595 26.205888294333498 0.05 15.786675826466292 0.05 11.663974057618523 0.9388906824936798 7.026488674140914 0.9388906824936798 0.4450898182352638 1.15077956121757 1.2649238584315883 0.012833721623163775 0.41466037344923934 0.05220743861868438 23.368442801322928 0.13399623181666723 14.077371731511743 0.13399623181666723
67 7.095399968991308 1.3546967245381178 0.10293594056051136 0.3151304832635368 0.16251554984359717 0.21805249072254054 0.1833284434780554 399.03678900366214 0.05 56.23880130049804 0.05 156.39822765334944 0.3124660543512199 22.042200346259442 0.3124660543512199 0.3919393699108633 0.3455664996979868 1.391768565335876 0.014908957064020548 6.314029014465819 1.0008247486887094 474.3877617347784 0.02058938925779287 66.85849477238392 0.02058938925779287
68 2.5707970902142425 0.8013142999102004 0.18799823518986844 0.2549100599128234 0.3141343480770461 0.29088238719553633 0.4097703262455693 109.93701321260772 0.05 42.763784676388404 0.05 60.532102482229234 0.620497189109611 23.546044420481536 0.620497189109611 0.5506071223270902 0.6435514057639831 1.3608497388022287 0.01614594346995292 1.7395525490750672 0.3576300550161793 174.070835533776 0.028872597175460247 67.71084197830233 0.028872597175460247
69 1.39557556325916 0.5771665053603586 0.3256837959227957 0.08260492133243466 0.6010392108381943 0.3861943561691297 0.8507551988797807 17.921327079287277 0.05 12.841531158251778 0.05 4.57848588049312 1.2447457688236125 3.280715140784455 1.2447457688236125 0.25547694432655843 1.4284504759994257 1.4510455896979884 0.012243554558707574 0.28357229863693456 0.02904763242235662 12.6497962843332 0.18686903923226095 9.064214520059004 0.18686903923226095
70 7.829913423338236 1.3583453903517255 0.09508785807479089 0.3341717850048445 0.13591573982285454 0.37823615353705853 0.19337073547204076 298.1017888298287 0.05 38.072169219814285 0.05 176.34318715842406 0.32207410520997665 22.521728865201325 0.32207410520997665 0.5915536027161833 0.3552155653427104 1.213556729382914 0.02796373950433794 4.716916851851512 0.6382315349107734 290.01986225962725 0.0304897084974513 37.03998327684945 0.0304897084974513
71 1.2339826033028363 0.5262330429627323 0.2931068554814013 0.18877582530688988 0.40775962192230764 0.5622195841364556 0.6768696814049564 45.21135647682414 0.05 36.63856877383275 0.05 21.801169194951754 0.9437687627354598 17.667322972462884 0.9437687627354598 0.48220559819140313 0.9929973353638932 1.428964464437394 0.017366029696536996 0.715387202171764 0.13052714920639152 63.83607509773269 0.04900642565282106 51.73174640134407 0.04900642565282106
