plotting_scripts/clumpdata/GMC1_13_physprop_add.txt
# %ECSV 0.9
# ---
# datatype:
# - {name: # # _idx, datatype: int64}
# - {name: area_pc2, unit: pc2, datatype: float64, description: projected area of structure}
# - {name: rad_pc, unit: pc, datatype: float64, description: equivalent radius in pc}
# - {name: e_rad_pc, datatype: float64, description: frac error in radius}
# - {name: vrms_k, unit: km / s, datatype: float64, description: rms linewidth in km/s}
# - {name: e_vrms_k, datatype: float64, description: frac error in linewidth}
# - {name: axratio, unit: '', datatype: float64, description: minor to major axis ratio}
# - {name: e_axratio, datatype: float64, description: frac error in axis ratio}
# - {name: mlumco, unit: solMass, datatype: float64, description: CO-based mass with alphascale=2.4 from GMC1_12CO_3p5as.pbcor.fits.gz}
# - {name: e_mlumco, datatype: float64, description: frac error in luminous mass}
# - {name: siglum, unit: solMass / pc2, datatype: float64, description: average surface density from mlumco}
# - {name: e_siglum, datatype: float64, description: same as e_mlumco}
# - {name: mvir, unit: solMass, datatype: float64, description: virial mass}
# - {name: e_mvir, datatype: float64, description: frac error in virial mass}
# - {name: sigvir, unit: solMass / pc2, datatype: float64, description: virial surface density}
# - {name: e_sigvir, datatype: float64, description: same as e_mvir}
# - {name: alpha, unit: '', datatype: float64, description: virial parameter}
# - {name: e_alpha, datatype: float64, description: frac error in virial parameter}
# - {name: 8um_avg, unit: MJy / sr, datatype: float64}
# - {name: e_8um_avg, datatype: float64}
# - {name: flux12, unit: Jy km / s, datatype: float64, description: 12CO flux within the structure}
# - {name: flux13, unit: Jy km / s, datatype: float64, description: 13CO flux within the structure}
# - {name: mlte, unit: solMass, datatype: float64, description: LTE mass using H2/13CO=3000000.0}
# - {name: e_mlte, unit: '', datatype: float64, description: fractional unc in mlte}
# - {name: siglte, unit: solMass / pc2, datatype: float64, description: LTE mass divided by area in pc2}
# - {name: e_siglte, unit: '', datatype: float64, description: 'fractional unc in siglte [same as e_lte]'}
# schema: astropy-2.0
# # _idx area_pc2 rad_pc e_rad_pc vrms_k e_vrms_k axratio e_axratio mlumco e_mlumco siglum e_siglum mvir e_mvir sigvir e_sigvir alpha e_alpha 8um_avg e_8um_avg flux12 flux13 mlte e_mlte siglte e_siglte
0 46.58284327468207 3.1046712115545416 0.05 0.817729123653166 0.05 0.5887130910273316 0.052704438405212696 4608.231023102818 0.05 98.92549915705568 0.05 2413.47864961754 0.10534248693662714 51.81046239247646 0.10534248693662714 0.5237321300772145 0.13137712153210981 1.3380773915585866 0.01340264371081761 72.91685391978496 10.641756628853397 5386.054406296584 0.006100828701303752 115.62313563680476 0.006100828701303752
1 1.6012393304762993 0.607728187038908 0.3313538288324411 0.15350471814730204 0.33419745091636854 0.4726604494124453 0.7374731868956428 27.253054172317707 0.05 17.01997549873516 0.05 16.64798793623698 0.6992681368464866 10.39693918290461 0.6992681368464866 0.6108668713228911 0.7410064841571158 1.4189490725141052 0.04099778603580206 0.4312298617361602 0.06547787785913867 29.75183259409875 0.10484412465628665 18.580503256342617 0.10484412465628665
2 40.98585075255849 3.01168175060076 0.05 0.7804066275140316 0.05 0.5746205938617974 0.052425495534933655 3848.5102850986564 0.05 93.89850922780755 0.05 2132.3568750716104 0.12483190003458575 52.02665885710572 0.12483190003458575 0.5540733211310483 0.13852379464932194 1.34705576341212 0.014567367208113344 60.89565434007293 9.787454848138793 4994.47162314378 0.005870239398988769 121.85843483636864 0.005870239398988769
3 24.26832453162245 2.389087475468279 0.05173378984524586 0.7304998192177862 0.07119503389590742 0.41812622137107835 0.12889096683113 2196.953087650301 0.05 90.52759636486633 0.05 1482.1125770838582 0.16671214029661252 61.071895389919284 0.16671214029661252 0.6746218594357956 0.1751797614826514 1.3801571705872442 0.021298027342015614 34.762773600077345 6.915496550690513 3618.7830994338574 0.005919245076414654 149.1154898113572 0.005919245076414654
4 4.774337453255021 1.1834065371779638 0.1766009525925994 0.37778061408361835 0.1868916784726208 0.35058103616440844 0.3846171281977313 326.1826749995407 0.05 68.31998747326872 0.05 196.346071347339 0.4507642999627916 41.12530236283891 0.4507642999627916 0.6019512573671041 0.48912580047736776 1.5735771942138672 0.019835151162498135 5.161245717175105 1.4912346361547268 840.9421155404922 0.009614436030804025 176.13797176551887 0.009614436030804025
5 7.550798310686404 1.1906470082246758 0.1171091545999581 0.23018580179280324 0.15347622212937825 0.4068452222428334 0.19922493794165924 291.7378784043307 0.05 38.63669328731021 0.05 73.34136775706051 0.32668675149139964 9.713061419381685 0.32668675149139964 0.2513947388601144 0.43893740976553874 1.4050927978545311 0.017897482382846764 4.6162195008031635 0.7337224803901091 354.2061846288871 0.03409368582543749 46.9097663657087 0.03409368582543749
6 2.7617705883444437 0.7307308850908557 0.15659167887609235 0.33559337048100235 0.21983066978382715 0.7600027639780045 0.345956150401021 235.26195049226928 0.05 85.18518934380359 0.05 95.67382230951334 0.4198880771844149 34.64220479184169 0.4198880771844149 0.40666934074686756 0.4852825444216634 1.5889785828742575 0.022524046706302217 3.7225911842871513 1.1412335067372255 653.1189021712124 0.01052132198279517 236.48557375749579 0.01052132198279517
7 3.9369921152995255 1.032020475203014 0.15243477472568642 0.2585830189736957 0.2684580843569803 0.46734484443376345 0.2497448096063147 187.61919040554326 0.05 47.65546511420159 0.05 80.22269219905915 0.6526308041846861 20.376645380443144 0.6526308041846861 0.4275825517936408 0.6634915899000996 1.343763980847686 0.007283058887059879 2.9687312539293322 0.47836806379960184 240.3333863604955 0.026767691893769156 61.04492448093485 0.026767691893769156
8 69.38214089761065 4.240954030787454 0.05 0.6665039554345269 0.05 0.5437823514878362 0.06485872304586683 5037.567190160108 0.05 72.60610763790353 0.05 2190.170589550075 0.09888141718601341 31.566777289017022 0.09888141718601341 0.43476751909694433 0.11921900613257642 1.5853075238574543 0.0281169151020281 79.71031465888856 10.845695660391687 5221.452544805656 0.006831679817950681 75.25643454143498 0.006831679817950681
9 65.25417528418095 4.18640288637389 0.05 0.6604653580903702 0.05016710005802426 0.5369190579067574 0.08330442868215189 4771.595917666647 0.05 73.12322769978196 0.05 2123.000144097195 0.1187289642324058 32.534318836328275 0.1187289642324058 0.44492454531551384 0.13163041731772462 1.5957033654850166 0.029458671847637428 75.50180220477849 10.539693333246127 5086.5505541187695 0.006779104734126687 77.94980983158425 0.006779104734126687
10 1.336814486911406 0.6212816990573392 0.32262421014383047 0.23758544340934912 0.4685462531713847 0.26138976393622687 0.656679079973444 45.99290565199822 0.05 34.404852806660436 0.05 40.769664089819074 1.1095217330128015 30.497622885591138 1.1095217330128015 0.8864337556383064 1.1511528788994052 1.5683321297823727 0.03926705244837337 0.7277537541595109 0.18307491777486853 98.80885365536643 0.03041664162166718 73.91366163577096 0.03041664162166718
11 49.550277630243656 3.6222846266693014 0.05 0.6166100981504936 0.05205201301400251 0.6567840688804872 0.08758274010778562 3585.9283895463964 0.05 72.3694913741044 0.05 1601.078972759805 0.10219501674932717 32.31220992761029 0.10219501674932717 0.44648938819504264 0.1329993247367422 1.6523411112442379 0.035843329611187975 56.740774924475105 8.583335429607766 4182.588314007093 0.00704550072713697 84.41099654816456 0.00704550072713697
12 32.3332822603517 3.223995389102261 0.05888360179867814 0.585534808325185 0.07173136797072321 0.6069154316309342 0.13726964737700298 2163.747561300318 0.05 66.92013337456889 0.05 1285.0166739508413 0.1631474943248207 39.74284650731477 0.1631474943248207 0.5938847474326452 0.1919495015037754 1.749247064973917 0.048324124763179675 34.23735798245417 6.165027035954379 3082.3003388324346 0.007174324955271656 95.32902703824995 0.007174324955271656
13 2.7176997810836276 0.763830788021051 0.2105849006585284 0.26305014497084417 0.2806680041625108 0.7047344740714107 0.42720776160860335 88.52999313112724 0.05 32.57533953799257 0.05 61.444521451838526 0.6406309392368902 22.609017331317872 0.6406309392368902 0.6940531595978918 0.6673438658069697 1.5551782388944884 0.013542248445889197 1.4008255585885774 0.19377475838099623 89.44285315482546 0.10228109839091204 32.91123389617448 0.10228109839091204
14 45.892400627595954 4.271499085217157 0.05 0.5154432294026755 0.06515582475898721 0.4467406734459061 0.07967961731219306 2761.521202684355 0.05 60.17382322387818 0.05 1319.3223263415648 0.13675293316353918 28.748165454396208 0.13675293316353918 0.4777520176412583 0.15799149755045566 1.365613225327564 0.007875905520273304 43.69603477646813 5.511887718420071 2640.267381333338 0.009851751064173426 57.531690328391676 0.009851751064173426
15 24.54743964427428 2.70354670163519 0.059084598207685926 0.573576460613547 0.08301779187785713 0.44383184927632213 0.13638077635811996 1684.16855687765 0.05 68.60872585017168 0.05 1034.0116480082168 0.1806243546779996 42.12299380271218 0.1806243546779996 0.6139597154843063 0.20345949924642437 1.8174990733749918 0.05851262682658347 26.648893990080293 5.110196983567526 2589.8849763506137 0.00744072901592193 105.50529969241445 0.00744072901592193
16 1.865664174041193 0.758651407158192 0.25401993314614 0.2341449342673523 0.37401531356903966 0.24451740720993526 0.5401902528524586 51.47529096827641 0.05 27.590866397341166 0.05 48.35269841409065 0.9375158115811436 25.917150088890033 0.9375158115811436 0.939338030044159 0.960918271222602 1.8887123667349026 0.169395430204674 0.8145025186730931 0.14623991558597488 71.33021082908314 0.04588534371591544 38.23314604073445 0.04588534371591544
17 1.9097349813020084 0.7377905778385566 0.33981360996856136 0.17529247753087734 0.3816810569384954 0.594822987562653 0.4855568824119606 0.0 inf 0.0 inf 26.355337296587177 0.8461592805418402 13.80052078148497 0.8461592805418402 inf 0.8895873462419963 1.2857622449214643 0.011455157291783858 nan 0.21126776262945524 nan nan nan nan
18 6.434337860079075 1.0810097069766595 0.10353083343064373 0.6562874638515283 0.11296969484663828 0.4878226095229186 0.18861199093356298 343.43056159936623 0.05 53.37465471468818 0.05 541.2859152442138 0.28428352283700137 84.12457148116896 0.28428352283700137 1.5761145796793081 0.36275414771606074 1.312551552574384 0.013842672341482077 5.434161757196987 0.6833175837991466 312.21366907985237 0.03100695175434994 48.52304555173225 0.03100695175434994
19 1.6159295995632383 0.5478700675316225 0.2954105043061996 0.1947662691887352 0.4608403145105293 0.8402768570784281 0.6146376924384191 27.41158132692042 0.05 16.963351209315903 0.05 24.160948511754153 0.9558230169775614 14.951733366530632 0.9558230169775614 0.8814138893922957 1.0950235714958914 1.3488550641319967 0.028148030615456326 0.4337382881117347 0.05787811125978623 25.59285076674101 0.13012193173534872 15.837850097961182 0.13012193173534872
20 3.657877002647693 1.0624809664595016 0.20216828864265526 0.4066103840586946 0.27298105605748546 0.5428088158810745 0.37218996267601034 0.0 inf 0.0 inf 204.2147021402968 0.6076417811930778 55.82875039058978 0.6076417811930778 inf 0.6069690578638575 1.238693192780736 0.01695818647739178 nan 0.3383416512897414 nan nan nan nan
21 3.1877883918656607 1.0070949621664511 0.21829605696714058 0.2321456931503837 0.26737114537129636 0.27826734002423764 0.4559270594501089 137.80947994402783 0.05 43.23043533745177 0.05 63.09582173454154 0.6279186577837003 19.792976816009595 0.6279186577837003 0.4578481956405923 0.6649788565867044 1.3998286965805264 0.0558589472599478 2.180583698436953 0.5581702097501078 304.9680474048591 0.016929828234052587 95.66759455648052 0.016929828234052587
22 2.585487359301181 0.6870961793887901 0.17270439310587368 0.31279551611127343 0.1955831428050465 0.9607801929910647 0.2685760542094124 129.17651839052203 0.05 49.96215430170834 0.05 78.15332991242686 0.46704935497830724 30.227697548500313 0.46704935497830724 0.6050118929212536 0.5644169488644957 1.3231668533249334 0.021511812463418878 2.0439827781818805 0.30564987660667187 143.55448640440426 0.03918166058066664 55.523182462282435 0.03918166058066664
23 4.113275344342788 0.8544213204030165 0.13032894671389675 0.38571472542176777 0.17416828395132763 0.6954920691259097 0.2542774695837387 183.84089046058827 0.05 44.694525668804225 0.05 147.77924069730267 0.36862167076459446 35.92738835258173 0.36862167076459446 0.8038431511458737 0.46277287874749884 1.3895247949021203 0.02420274087057858 2.90894671130126 0.4443598385806654 203.28059238914355 0.03678784844298916 49.420613834842456 0.03678784844298916
24 11.67876392411613 1.4994407881910488 0.07724732280101768 0.4077533656054883 0.10591313271640776 0.33424796527889583 0.13053844875384768 616.116142076492 0.05 52.75525270309125 0.05 289.8233318199743 0.2643672523374994 24.8162676892117 0.2643672523374994 0.47040373076930714 0.32447416566644255 1.3227173040497977 0.01337445209363302 9.748913280675378 1.4066532512619825 651.3604877501455 0.02053701994869517 55.7730674224106 0.02053701994869517
25 14.16141939980874 2.163354567672654 0.09481538962186674 0.4420893407101901 0.10885992891717365 0.30233587641829324 0.20974552584951223 991.8831659322461 0.05 70.0412252422693 0.05 491.5375583117065 0.2361801685830361 34.70962510427063 0.2361801685830361 0.49555993608352317 0.2584965615256794 1.9176455915468857 0.08372911610602222 15.694742246433908 3.3809678528090283 1760.6068972061257 0.008258225416384634 124.32418301444444 0.008258225416384634
26 10.532922935334923 1.630636527631271 0.11205758695229996 0.420000685152422 0.10574791283674044 0.1897767579907481 0.14918950957282462 718.0429428280586 0.05 68.17128989135877 0.05 334.39985460040873 0.2821127455781822 31.7480586019094 0.2821127455781822 0.4657101054198141 0.29952681291429073 1.982479972819404 0.10097808900768078 11.361720106823855 2.5559073964148933 1351.567908267333 0.00905127399498446 128.3184085334197 0.00905127399498446
27 0.7345134543469264 0.3804892559358702 0.3917274891708072 0.1709622081721926 0.5250878153049441 0.917323744890496 0.6228837975268173 13.664900639153108 0.05 18.604016792725602 0.05 12.928601538275569 1.0722335862801389 17.601585732382123 1.0722335862801389 0.9461174932536376 1.2015239649760605 1.3836776113510132 0.01578804792748277 0.21622211049145496 0.03172072915458791 14.336334407561646 0.16172807137231426 19.518137241350367 0.16172807137231426
28 34.3164685870884 4.142963899064896 0.05 0.5119168154759709 0.07700437736419592 0.41423366660929584 0.07356822940043865 2116.6142392808924 0.05 61.67925565852863 0.05 1262.1729124717538 0.16577139980575573 36.78038459198122 0.16577139980575573 0.5963169334533863 0.1860016104367182 1.3569529776091445 0.009447292838605582 33.49155551750112 4.590228461917795 2209.0276978002194 0.010155629966334666 64.37223259713174 0.010155629966334666
29 21.668146903234327 3.10631053622671 0.06241312086172408 0.36072004283393666 0.1029566151327553 0.37617050447209976 0.1111431341781923 1229.4655421073894 0.05 56.74068703696445 0.05 469.8879771446281 0.23060953041933355 21.6856558727913 0.23060953041933355 0.38218881379888653 0.2362248208015273 1.3553491181842352 0.013256828883966783 19.454049422955077 3.0212896289994684 1486.855403184363 0.011100458493724031 68.61940754898728 0.011100458493724031
30 7.609559387034158 1.4620247252849659 0.16011474308677892 0.23070289166095426 0.15113722967341944 0.5149449758105299 0.2931375872332881 258.71735310155617 0.05 33.99899257536274 0.05 90.46273399215629 0.34374860827133696 11.888038372667769 0.34374860827133696 0.349658547861868 0.40579344382462806 1.3736724091772867 0.007961178498553587 4.0937302927696475 0.4631632046340628 211.82170936875613 0.038451641255170955 27.836264702747016 0.038451641255170955
31 4.935930413211345 1.0102453253997254 0.13801614064826312 0.28021236767085006 0.22575679624782843 0.3040924600071006 0.2747912702483781 139.53034125823206 0.05 28.268295858622693 0.05 92.21686726645132 0.464927981692711 18.682772962039085 0.464927981692711 0.6609090641854263 0.5251696836037664 1.1943010719759124 0.013953805429841296 2.207812988562192 0.3165502572604789 142.4629589389678 0.04670877060536545 28.862432614053116 0.04670877060536545
32 11.943188767681022 1.5417411273883919 0.10273856187274162 0.5593032694631583 0.10095869144149645 0.3637282082709774 0.16883432286293043 417.46657755638245 0.05 34.95436484149625 0.05 560.6800319315307 0.26682715551769665 46.945589058155406 0.26682715551769665 1.3430537007619636 0.3171848235366795 1.2163164971939313 0.006650701597210442 6.605647182504104 0.8371156618867671 377.5191623757396 0.029131032968888356 31.609578456745897 0.029131032968888356
33 9.37239167746678 1.409034760781653 0.09010526494908594 0.5248118663459956 0.13146690519509868 0.280476036216641 0.21177799669260178 561.785923974112 0.05 59.940508603024426 0.05 451.1676117462437 0.2713835394225967 48.13793824162796 0.2713835394225967 0.8030952583408519 0.3478262427777371 1.4176860541385543 0.025350510623366015 8.88923759363965 1.1791780496650277 558.8509257491778 0.020942636445228112 59.62735499976747 0.020942636445228112
34 1.4543366396069144 0.6104886137310803 0.30806305594619837 0.10634960362020926 0.3883097658215291 0.4867954906921514 0.6825606868414494 37.717951235939786 0.05 25.934814683713387 0.05 8.027091897045837 0.9054862449183178 5.519418048365639 0.9054862449183178 0.21281887361361165 0.9527822867277294 1.24732441492755 0.006802320488472479 0.5968177744021282 0.10199747040411122 50.17176378769586 0.05601621371766837 34.498040152008095 0.05601621371766837
35 12.883365989245087 3.0579203172163685 0.10428602151355633 0.30679032807045276 0.16373754371671126 0.3477451788329313 0.18123978222479334 569.4754177275269 0.05 44.202378338310005 0.05 334.594199405717 0.38917009864948837 25.971023386670307 0.38917009864948837 0.5875480995139426 0.39916088304822184 1.3645839702036389 0.01701275243086892 9.010908952323398 1.7195483965097076 869.4550724442771 0.012600903574101372 67.48663921913652 0.012600903574101372
36 11.193985044247158 2.675883880141962 0.1182514696330185 0.30922332831410443 0.16156744206362897 0.3774005764224147 0.2000051731987417 479.7774003811508 0.05 42.860285991512846 0.05 297.45459322642523 0.425404026740903 26.572716691210328 0.425404026740903 0.6199845865814388 0.4301928361358188 1.353097758268121 0.01762628603578657 7.591601706914695 1.4886742110537812 755.7423027664927 0.013281522062818601 67.51324928336274 0.013281522062818601
