plotting_scripts/clumpdata/GMC104_13_physprop_add.txt
# %ECSV 0.9
# ---
# datatype:
# - {name: # _idx, datatype: int64}
# - {name: area_pc2, unit: pc2, datatype: float64, description: projected area of structure}
# - {name: rad_pc, unit: pc, datatype: float64, description: equivalent radius in pc}
# - {name: e_rad_pc, datatype: float64, description: frac error in radius}
# - {name: vrms_k, unit: km / s, datatype: float64, description: rms linewidth in km/s}
# - {name: e_vrms_k, datatype: float64, description: frac error in linewidth}
# - {name: axratio, unit: '', datatype: float64, description: minor to major axis ratio}
# - {name: e_axratio, datatype: float64, description: frac error in axis ratio}
# - {name: mlumco, unit: solMass, datatype: float64, description: CO-based mass with alphascale=2.4 from GMC104_12CO_3p5as.pbcor.fits.gz}
# - {name: e_mlumco, datatype: float64, description: frac error in luminous mass}
# - {name: siglum, unit: solMass / pc2, datatype: float64, description: average surface density from mlumco}
# - {name: e_siglum, datatype: float64, description: same as e_mlumco}
# - {name: mvir, unit: solMass, datatype: float64, description: virial mass}
# - {name: e_mvir, datatype: float64, description: frac error in virial mass}
# - {name: sigvir, unit: solMass / pc2, datatype: float64, description: virial surface density}
# - {name: e_sigvir, datatype: float64, description: same as e_mvir}
# - {name: alpha, unit: '', datatype: float64, description: virial parameter}
# - {name: e_alpha, datatype: float64, description: frac error in virial parameter}
# - {name: 8um_avg, unit: MJy / sr, datatype: float64}
# - {name: e_8um_avg, datatype: float64}
# - {name: flux12, unit: Jy km / s, datatype: float64, description: 12CO flux within the structure}
# - {name: flux13, unit: Jy km / s, datatype: float64, description: 13CO flux within the structure}
# - {name: mlte, unit: solMass, datatype: float64, description: LTE mass using H2/13CO=3000000.0}
# - {name: e_mlte, unit: '', datatype: float64, description: fractional unc in mlte}
# - {name: siglte, unit: solMass / pc2, datatype: float64, description: LTE mass divided by area in pc2}
# - {name: e_siglte, unit: '', datatype: float64, description: 'fractional unc in siglte [same as e_lte]'}
# schema: astropy-2.0
# _idx area_pc2 rad_pc e_rad_pc vrms_k e_vrms_k axratio e_axratio mlumco e_mlumco siglum e_siglum mvir e_mvir sigvir e_sigvir alpha e_alpha 8um_avg e_8um_avg flux12 flux13 mlte e_mlte siglte e_siglte
0 28.61664418135625 2.658560954533718 0.07080496616139485 0.737841755247948 0.05765722056580905 0.5835423280332999 0.07014678225299206 1860.4954715330941 0.05 65.01445311834318 0.05 1682.6043028870745 0.12238726614089511 58.798099882839914 0.12238726614089511 0.9043850569013033 0.15303022389017604 1.516318893836509 0.027460964538203642 29.438948539267013 3.992906572567139 1889.7377198621673 0.014168234979733955 66.03631466659994 0.014168234979733955
1 23.122483542841245 2.2536032032295226 0.05770935741061473 0.7410425264758197 0.06078857225349559 0.5221619487935882 0.08303938055553821 1709.699124011424 0.05 73.9409813328962 0.05 1438.7079062680205 0.12854986060665638 62.221166839729314 0.12854986060665638 0.8414977150438121 0.15063110497429175 1.5494838397869464 0.030778955566862047 27.052870473400894 3.7630256391408685 1788.9764991967606 0.014261736858849714 77.36956524943146 0.014261736858849714
2 4.260178035212173 1.052359066617485 0.1560330736393243 0.2712039842337601 0.19955944857403876 0.34298852851116346 0.3145830531071098 200.77345131544894 0.05 47.127948563644864 0.05 89.98393759263449 0.4628370162000485 21.12210730370402 0.4628370162000485 0.4481864360206398 0.5373503723549113 1.4525131057048666 0.05780315298444434 3.1768735151946528 0.5872040103429675 285.1027297105721 0.026170006796424165 66.92272655135007 0.026170006796424165
3 4.421770995168497 1.1847791920493558 0.18210415958304246 0.2037470253919745 0.2971984191088811 0.4143486128606598 0.3638057268628583 81.03669581338049 0.05 18.326750956104746 0.05 57.17799043335188 0.6940825954484366 12.931015761745265 0.6940825954484366 0.7055814635511194 0.7358754439193484 1.3659644225903127 0.040686080351324504 1.2822579829859884 0.1342604114577052 58.70969732456248 0.08904761435318376 13.277416987155679 0.08904761435318376
4 5.817346558427658 1.1333971634281388 0.08647711205884454 0.3622873892617018 0.1620679454662056 0.6720330821679658 0.19736963179487474 418.0641992916537 0.05 71.86510122660636 0.05 172.9408029767176 0.35547702254965236 29.728468338572036 0.35547702254965236 0.41367044408428066 0.373985616261079 1.7915731057374165 0.03556626910142432 6.615103619440772 1.2649123091684227 632.6691255704555 0.018869375290281456 108.75561894346838 0.018869375290281456
5 327.71052279142464 11.53616592792251 0.05 1.2369058645413145 0.05 0.7778650808294909 0.02722623883032108 48560.49910111062 0.05 148.18107971472597 0.05 20518.410149569052 0.03680844789064571 62.61138633814406 0.03680844789064571 0.42253293375025835 0.04305924662696704 1.7741590043603679 0.010535797331885017 768.3813626712675 120.41218884185949 60037.91013320314 0.0019107063585207392 183.20409616939583 0.0019107063585207392
6 314.51866115135385 11.50861527968401 0.05 1.2133182049580709 0.05 0.7733757153639815 0.0281919095054933 46184.693654540664 0.05 146.84245915798138 0.05 19696.1532944078 0.03699308834017363 62.62316271570781 0.03699308834017363 0.42646495485569524 0.04585694438295309 1.7781219606252543 0.010652191177334954 730.7885634509443 117.85599196266962 58908.72813341134 0.0018806811717367246 187.29803795350338 0.0018806811717367246
7 329.42928427459645 11.539213524493274 0.05 1.2381436067981384 0.05 0.7782588107812287 0.028591877088959654 48749.336765976295 0.05 147.98118774814563 0.05 20564.92662303394 0.031130968368635558 62.4259214487198 0.031130968368635558 0.4218503878679813 0.03788299504710371 1.7751029632030388 0.010525099611002476 771.3693703164399 120.62495516888961 60132.50518627829 0.0019133180024494191 182.53539699328832 0.0019133180024494191
8 3.643186733560755 0.9108283154568225 0.2281527623250489 0.2569407688568299 0.4252206437838437 0.41201670569668114 0.29925423117077127 82.69050372348096 0.05 22.69730040509382 0.05 69.90552111840903 0.8886772410072412 19.18801484273226 0.8886772410072412 0.8453875350932046 0.9731652997962337 2.339154722229127 0.04310984283842139 1.3084264152431433 0.12854212960847602 57.125489493094655 0.0928472309711091 15.680088249899205 0.0928472309711091
9 307.30573902966705 11.518070831942488 0.05 1.2047151633396398 0.05 0.771165055802091 0.031159920548085685 45117.846772580364 0.05 146.81745585045752 0.05 19433.78590154014 0.0377273849408297 63.23925470088282 0.0377273849408297 0.43073389560227654 0.0466477211040185 1.770906733192343 0.010575266538642585 713.9076156347571 116.4548475236178 58285.651961792006 0.001872349423733313 189.66665622917364 0.001872349423733313
10 304.8377738230614 11.511452316553973 0.05 1.20213646825584 0.05 0.7701527424952213 0.02843952584380107 44833.53108673871 0.05 147.0734106356572 0.05 19339.5595417244 0.03649482075775827 63.442136121062745 0.03649482075775827 0.43136373765226 0.04468686058774711 1.7722076564448452 0.01060771251394787 709.4089321590233 116.11186168182195 58133.09193547128 0.0018691958870343116 190.70173360212826 0.0018691958870343116
11 287.958654642169 11.453217607342175 0.05 1.1788267547037725 0.05 0.7635886290487048 0.030840242481176647 41600.77533758059 0.05 144.46787643620462 0.05 18502.75489967141 0.03690605608006993 64.2549011859491 0.03690605608006993 0.44476947243232534 0.044580575355638384 1.777377945934555 0.010779856808138115 658.2563330709313 112.24150009313676 56409.113644946614 0.0018347379095001236 195.8931004002753 0.0018347379095001236
12 282.2735205055238 11.420264419562121 0.05 1.1737818575879415 0.05 0.7594252967139614 0.03499038845702071 41069.73930395042 0.05 145.49625211177656 0.05 18291.943877999063 0.04161899433218065 64.80219556280026 0.04161899433218065 0.44538738711301235 0.05350405183592148 1.7796660389901449 0.010898553107388622 649.8537010226663 111.50724592398504 56080.2266021096 0.001830990676779903 198.67335236289787 0.001830990676779903
13 274.51705842762027 11.391120084404148 0.05 1.1618799770113115 0.05 0.7558782044285514 0.032379987320716966 39573.5134753738 0.05 144.15684658011094 0.05 17877.13338990027 0.04207882524865435 65.12212207247512 0.04207882524865435 0.45174491269331013 0.04911606008644296 1.7819276293316553 0.010923028919026271 626.1786700715655 109.53187768547437 55195.52099734397 0.001817223942797087 201.06408437236308 0.001817223942797087
14 268.2736940656714 11.368823783673468 0.05 1.1500959418253462 0.05 0.752487280399032 0.0333318457839667 38188.552549154505 0.05 142.3492254138277 0.05 17482.05944151429 0.04168232824978461 65.16501553534657 0.04168232824978461 0.4577827195469692 0.0477912060790346 1.781580966941473 0.010972099039486793 604.2641551856478 107.64323567120366 54346.171999510836 0.001805992959493753 202.57734247401572 0.001805992959493753
15 234.3391724748434 11.196211918231917 0.05 1.0962928422674691 0.05 0.730061120571105 0.036974641567464536 31631.27861468448 0.05 134.98075580206353 0.05 15643.473210420167 0.04574753513656461 66.75569024679181 0.04574753513656461 0.4945570933436074 0.050497798027751443 1.7864128728971678 0.011262366704330564 500.50729289058455 97.37868207722117 49682.62980266452 0.0017660998115413646 212.0116294598506 0.0017660998115413646
16 283.12555611256624 11.424583945806246 0.05 1.1746532380465367 0.05 0.759436953148309 0.028923563222321664 41242.87467162783 0.05 145.66991139164534 0.05 18326.041641924974 0.038955151163523424 64.72761376100867 0.038955151163523424 0.44434443010666247 0.04855315817582365 1.779774113293473 0.010889646333977755 652.5932477720064 111.7347635198403 56183.232656547305 0.0018324613816018782 198.43928406876043 0.0018324613816018782
17 207.42659950757198 11.039775375147194 0.05 1.0456745928497513 0.05 0.7098094571751615 0.03952724131504792 26428.793013848383 0.05 127.41274781821613 0.05 14033.379322197248 0.051517265028477706 67.65467570462181 0.051517265028477706 0.530988279141008 0.05897200236441572 1.7903343928856486 0.011845183390983416 418.18745437532823 87.61404096747346 45163.30081110807 0.0017549736913070743 217.731481489477 0.0017549736913070743
18 185.1120807645124 10.646894531413594 0.05 1.003519784285773 0.05 0.6659961593179816 0.04151925862322853 23203.406553974703 0.05 125.34787820516465 0.05 12464.754964329824 0.05703264460521283 67.33625872957842 0.05703264460521283 0.5371950422596303 0.06294300164178086 1.79375671311112 0.012726362564424628 367.1516193143146 80.25871438620808 41592.14839443871 0.0017768450896377887 224.6862993634086 0.0017768450896377887
19 189.10783395615965 10.93559186621467 0.05 1.0111153276849856 0.05 0.7068148288878817 0.042550074181366054 23592.20868039242 0.05 124.75532180153752 0.05 12997.283644593903 0.06250374491388207 68.7294829235209 0.06250374491388207 0.5509142370123233 0.06730745505437659 1.7900890180820686 0.012563946429380742 373.3036802140525 81.26929620189333 42077.78745262896 0.0017731557248156496 222.50684475812744 0.0017731557248156496
20 197.27562356849748 10.954890560070005 0.05 1.024386872943642 0.05 0.6970726377474976 0.046817779570408675 24534.938481868932 0.05 124.36882995506022 0.05 13364.261591699586 0.055988459380293565 67.74411024512253 0.055988459380293565 0.5447032851366486 0.05813736217188914 1.7919992941188763 0.012115766775200609 388.2206594936323 83.65826179010132 43310.08022213647 0.0017561441250114245 219.5409622268839 0.0017561441250114245
21 311.2133506067927 11.504123457824006 0.05 1.2037769153448372 0.05 0.7723805165295511 0.02935348925290513 45511.82340674398 0.05 146.23994542010055 0.05 19380.031143154905 0.03550227583193024 62.272492826443376 0.03550227583193024 0.42582409783834674 0.04311027153379525 1.7793955761839935 0.010675065326220175 720.1415672787043 117.07227685081065 58561.03963130364 0.0018736663438888208 188.1700753426015 0.0018736663438888208
22 2.673628973822812 0.7735030624307467 0.18941543520981685 0.19088505285219926 0.2707499467914552 0.5650386939269402 0.33162571227407256 73.07918558163938 0.05 27.33333095098427 0.05 32.765348991929685 0.5387558529649651 12.255009693839861 0.5387558529649651 0.4483540522674043 0.6063084146070705 1.886319881612128 0.010517131517757886 1.1563448260814357 0.11062431923693686 49.546833404523824 0.09786032728717409 18.531678811694167 0.09786032728717409
23 198.24518132823545 10.977904470634858 0.05 1.0251526728263889 0.05 0.7004774409035938 0.04460725880698345 24677.927644895928 0.05 124.481853629706 0.05 13412.367958601551 0.05483380578286754 67.65545507204351 0.05483380578286754 0.5434965265965352 0.06382472874123138 1.791417522216647 0.012082795452537135 390.48322489250114 83.97941191719873 43460.14059343378 0.0017557498910680685 219.22419653407175 0.0017557498910680685
24 156.15756039415652 10.352010688803649 0.05 0.945371156901794 0.05 0.6519744981980008 0.055326593439053405 18364.28377534887 0.05 117.60099049316392 0.05 10755.691154564436 0.06357550933822409 68.87717205248371 0.06357550933822409 0.5856853055713634 0.07159194702824377 1.805754405254479 0.013679793084549826 290.58128467169644 68.53547749781218 36019.32628161689 0.0018041134433832307 230.66014985570146 0.0018041134433832307
25 151.89738235894438 9.992069024569105 0.05 0.9135247497099447 0.05 0.6018642257066925 0.05210484861658082 18033.81134982248 0.05 118.72364796390825 0.05 9694.04378515603 0.05576664910901483 63.81968954704111 0.05576664910901483 0.5375482529516121 0.06325267842874338 1.8122168623617125 0.013895448965795837 285.35218133576717 67.49588645211968 35515.666061872726 0.0018111770176284835 233.81354905739366 0.0018111770176284835
26 147.0642838293416 9.9638489276327 0.05 0.9052766502695239 0.05 0.5970644977198141 0.04856396963568006 17456.721926785074 0.05 118.7013017181143 0.05 9492.895219195527 0.05882022281818391 64.54929077281201 0.05882022281818391 0.5437959806548738 0.06578786549718943 1.8131160037094343 0.014133285850910515 276.2207786367288 65.97551914784432 34785.841109104964 0.0018167314935014533 236.53493699035477 0.0018167314935014533
27 137.45684784648378 9.882150162430694 0.05 0.8887707026479148 0.05 0.5833822672510962 0.056782260703929575 16228.64445755314 0.05 118.06355748589412 0.05 9074.857719053118 0.06250862756028532 66.01968444080873 0.06250862756028532 0.559187659991497 0.06519643671293399 1.8260631560132685 0.014452950489304797 256.7887137440727 62.62601506373689 33167.23003364146 0.0018309633492489654 241.29194400473733 0.0018309633492489654
28 117.77188726998617 8.005093380510926 0.05 0.8771797709953313 0.05 0.35755206563306224 0.05006155483196198 14229.905033976805 0.05 120.8259913620596 0.05 7160.651427627868 0.06548046265640295 60.80102470645165 0.06548046265640295 0.5032114698257191 0.07074628392063202 1.8729157042173252 0.01468771736422734 225.16228943538195 55.62967941668515 29667.463035363653 0.0019043907514754098 251.9061528440355 0.0019043907514754098
29 26.14867897475058 3.0168218125827204 0.05125427697217839 0.9395795972059343 0.08931269657794266 0.5246238239325912 0.12722753998699643 1201.6081543217397 0.05 45.9529200493082 0.05 3096.1766438990803 0.20715049632183372 118.40661805090723 0.20715049632183372 2.5766941017862433 0.20918453237784548 1.6331680936090063 0.01385801637920821 19.013255656343073 1.906974045692111 852.423056269127 0.026408700460056653 32.599086825465825 0.026408700460056653
30 8.07964799781619 1.478317868665788 0.08751932731132442 0.5335983755820427 0.1556821703270083 0.4857526045355383 0.1740830688982018 296.8736923401466 0.05 36.74339431871131 0.05 489.3343908834326 0.31995367204459935 60.563825430970816 0.31995367204459935 1.648291524338815 0.35022662218070405 1.6299466841871089 0.013558346460094298 4.697484426947487 0.524254722045107 232.63950456069682 0.044343864450072774 28.79327225933306 0.044343864450072774
31 285.38785755195477 11.45053802119621 0.05 1.1773150628911826 0.05 0.7634187718564108 0.030906162834008977 41331.73313072813 0.05 144.82653006077422 0.05 18451.012784063063 0.04067028069834364 64.6524100301081 0.04067028069834364 0.44641275326404434 0.04880627722732396 1.7794865808908131 0.010807698092648312 653.9992737683349 111.87576043630688 56245.683497186255 0.0018325618703977442 197.085061640882 0.0018325618703977442
32 109.14869931595325 7.899765985201692 0.05 0.8577421556787037 0.05 0.3478124862574309 0.051099217816303284 12850.49967683281 0.05 117.73387825387097 0.05 6756.731354921234 0.06484902237900515 61.90391087815433 0.06484902237900515 0.5257952239088751 0.06883596381646338 1.888224569175638 0.01490511554592767 203.33570739728322 51.6421675400266 27708.709713633405 0.0019304322649034773 253.8620238929726 0.0019304322649034773
33 101.31878589261503 7.468599899097825 0.05 0.8424369247337434 0.05 0.30514210387150476 0.04726376133689377 12286.571164133946 0.05 121.26646658751065 0.05 6162.017085647383 0.07087839825752038 60.81811019901417 0.07087839825752038 0.5015245509369685 0.08058844878290133 1.9196856743324593 0.01434900188032599 194.4125698626189 49.69122145559267 26744.65864039154 0.0019495242324692106 263.9654473232384 0.0019495242324692106
34 3.701947809908509 0.8571847046717926 0.1516908080136209 0.5108672782351381 0.1484467475068789 0.679568271882065 0.3344510716710602 136.72057544048738 0.05 36.93206454033352 0.05 260.07553549390013 0.32091386021784074 70.25370125364564 0.32091386021784074 1.9022413755646275 0.37064205899714336 1.6574363330053905 0.02041108220042457 2.163353738999839 0.2906867475584745 129.29183236246195 0.05487945255726863 34.92535254451826 0.05487945255726863
35 1.7628322904326235 0.6262782347362382 0.24688888056507793 0.2875794916040406 0.24704636017423273 0.6674643634390308 0.4705904422263755 49.778944016651685 0.05 28.238048671343115 0.05 60.21324843666438 0.536253643502914 34.15710545095995 0.536253643502914 1.2096128117246177 0.5616984679336211 1.641973121960958 0.030470684937255035 0.7876610143759073 0.11362657210242107 50.36961892310394 0.08762118595221378 28.573120197805398 0.08762118595221378
36 1.2192923342158977 0.5031194570472842 0.22362174425814327 0.29517401924163983 0.38273475270797 0.7788067131685709 0.5593461223042367 80.02916571082469 0.05 65.63574908579231 0.05 50.96080578620218 0.758795277179957 41.79539586704123 0.758795277179957 0.6367779213186182 0.8411352777276626 1.644036301647324 0.023510932904666472 1.266315586196105 0.2545186954876031 131.52676990762302 0.031969192481147976 107.87139902114224 0.031969192481147976
