plotting_scripts/clumpdata/GMC104_13_physprop_add.txt
# %ECSV 0.9
# ---
# datatype:
# - {name: # _idx, datatype: int64}
# - {name: area_pc2, unit: pc2, datatype: float64, description: projected area of structure}
# - {name: rad_pc, unit: pc, datatype: float64, description: equivalent radius in pc}
# - {name: e_rad_pc, datatype: float64, description: frac error in radius}
# - {name: vrms_k, unit: km / s, datatype: float64, description: rms linewidth in km/s}
# - {name: e_vrms_k, datatype: float64, description: frac error in linewidth}
# - {name: axratio, unit: '', datatype: float64, description: minor to major axis ratio}
# - {name: e_axratio, datatype: float64, description: frac error in axis ratio}
# - {name: mlumco, unit: solMass, datatype: float64, description: CO-based mass with alphascale=2.4 from GMC104_12CO_3p5as.pbcor.fits.gz}
# - {name: e_mlumco, datatype: float64, description: frac error in luminous mass}
# - {name: siglum, unit: solMass / pc2, datatype: float64, description: average surface density from mlumco}
# - {name: e_siglum, datatype: float64, description: same as e_mlumco}
# - {name: mvir, unit: solMass, datatype: float64, description: virial mass}
# - {name: e_mvir, datatype: float64, description: frac error in virial mass}
# - {name: sigvir, unit: solMass / pc2, datatype: float64, description: virial surface density}
# - {name: e_sigvir, datatype: float64, description: same as e_mvir}
# - {name: alpha, unit: '', datatype: float64, description: virial parameter}
# - {name: e_alpha, datatype: float64, description: frac error in virial parameter}
# - {name: 8um_avg, unit: MJy / sr, datatype: float64}
# - {name: e_8um_avg, datatype: float64}
# - {name: flux12, unit: Jy km / s, datatype: float64, description: 12CO flux within the structure}
# - {name: flux13, unit: Jy km / s, datatype: float64, description: 13CO flux within the structure}
# - {name: mlte, unit: solMass, datatype: float64, description: LTE mass using H2/13CO=3000000.0}
# - {name: e_mlte, unit: '', datatype: float64, description: fractional unc in mlte}
# - {name: siglte, unit: solMass / pc2, datatype: float64, description: LTE mass divided by area in pc2}
# - {name: e_siglte, unit: '', datatype: float64, description: 'fractional unc in siglte [same as e_lte]'}
# schema: astropy-2.0
# _idx area_pc2 rad_pc e_rad_pc vrms_k e_vrms_k axratio e_axratio mlumco e_mlumco siglum e_siglum mvir e_mvir sigvir e_sigvir alpha e_alpha 8um_avg e_8um_avg flux12 flux13 mlte e_mlte siglte e_siglte
0 28.61664418135625 2.658560954533718 0.07080496616139485 0.737841755247948 0.05765722056580905 0.5835423280332999 0.07014678225299206 1860.4954715330941 0.05 65.01445311834318 0.05 1682.6043028870745 0.12238726614089511 58.798099882839914 0.12238726614089511 0.9043850569013033 0.15303022389017604 1.516318893836509 0.027460964538203642 29.438948539267013 3.992906572567139 1889.7377198621673 0.014168234979733955 66.03631466659994 0.014168234979733955
[from data line 37]
38 2.747080319257505 0.7733389279252758 0.17315229952610525 0.28502240299925724 0.32766320540444027 0.7612271345140045 0.37934978018684185 94.93275193005911 0.05 34.55769067419114 0.05 73.03596672222986 0.6855385685869079 26.58676057275617 0.6855385685869079 0.769344248821929 0.7664468927068028 1.6028094693301196 0.017876520133738385 1.5021376578620016 0.14740398767673116 65.80415740958823 0.08326891338946033 23.954216754526534 0.08326891338946033
39 1.1899117960420207 0.5160305023777427 0.3374346530834403 0.22176203215277135 0.4795190613334105 0.5924994379966734 0.721605423713143 45.59631202134394 0.05 38.31906883603476 0.05 29.502490165804907 0.9919409548183735 24.79384628670666 0.9919409548183735 0.6470367636749786 1.0828237114029302 1.868017162805722 0.01576480722854262 0.7214784042545254 0.05187246488912223 24.04190408650426 0.13619853832200002 20.204778342793436 0.13619853832200002
40 2.4679652066056725 0.7445662645051773 0.2008546328710332 0.40343797420186384 0.26237857237567896 0.5646209211779284 0.3183518508860278 155.54512734590062 0.05 63.02565649206633 0.05 140.88534482672307 0.570827222570235 57.085628456039046 0.570827222570235 0.9057522227194094 0.5906657649959706 1.7347374381054015 0.05348869695215316 2.4612178275294423 0.3133952517288189 150.14945053645596 0.040219697834955014 60.8393708852017 0.040219697834955014
41 1.9097349813020084 0.7640648217282707 0.20219656480080364 0.37047364148248313 0.3132392867459564 0.30616265139103477 0.4818643135934082 81.94216191533697 0.05 42.90760902304408 0.05 121.91404714992645 0.7107295213060074 63.83820181521133 0.7107295213060074 1.4878060854177684 0.7412269927935118 2.045217941357539 0.044398321335815887 1.2965852555770008 0.15212351692351947 74.2319361758752 0.0565767470998241 38.87028142787947 0.0565767470998241
42 1.2339826033028363 0.5158167893881547 0.3866113411864696 0.16206122677136167 0.5072062305349224 0.8134052329810897 0.8824353877472956 44.421200873768015 0.05 35.998239160642726 0.05 15.74934997092068 0.9914492239333319 12.763024315550721 0.9914492239333319 0.3545457948261169 1.09660404573301 1.9658318474179222 0.03949868435693759 0.7028845050721672 0.08656937585442939 42.55427806900084 0.0730046472660944 34.48531442428887 0.0730046472660944
43 9.548674906510042 1.5808705562439744 0.0931407653088673 0.47530830430434423 0.14542616256762966 0.37141235915968707 0.20954413060977004 488.76572733051916 0.05 51.1867596410986 0.05 415.1987434626583 0.3047697183691464 43.482341531973866 0.3047697183691464 0.8494841602956492 0.30910579314376074 1.6216142291289108 0.027752407483689498 7.7338260898453 0.8341869177213974 383.81163120879484 0.03673454560719358 40.19527682810961 0.03673454560719358
44 2.7176997810836276 0.754643977032745 0.20272217775210608 0.15012198298877436 0.24996050909219336 0.8240219616002592 0.4665324597314178 61.933568649228725 0.05 22.788966272254683 0.05 19.77149961580475 0.5356114279889935 7.275085994936963 0.5356114279889935 0.31923720927150173 0.6303876016888664 1.6794132471084595 0.020203603629370626 0.9799857731930371 0.13355825365235016 59.868855603300474 0.07503932030541273 22.029238115267088 0.07503932030541273
45 7.021948623556615 1.090217471901557 0.09888046627786923 0.43728132924111707 0.114942554235647 0.6622942477300838 0.17436337903024882 681.1575437509968 0.05 97.00406258540676 0.05 242.35050127097566 0.255286641059265 34.51328317298699 0.255286641059265 0.35579214161881034 0.2990515004582262 1.856282532713902 0.026701747796628192 10.77807552451149 1.8241246970997589 967.4730038539361 0.012647544865010366 137.77842244649054 0.012647544865010366
46 104.18338836456805 7.62575263472323 0.05 0.8473354119229297 0.05 0.3203162737224857 0.04363902368188433 12405.453486466899 0.05 119.07323884549234 0.05 6365.0576674943195 0.06710017371831617 61.094746172212474 0.06710017371831617 0.5130854486245067 0.07790806563419682 1.9031914660168179 0.014826213061928956 196.29367312217678 50.16794162911071 26981.01960137212 0.0019436860705915409 258.97621516165003 0.0019436860705915409
47 98.86551095509628 7.469899459113313 0.05 0.81069759361412 0.05 0.3023811967987406 0.04891491498608777 11659.004064875246 0.05 117.92791998182913 0.05 5707.441119779087 0.07177360221884556 57.72934428439205 0.07177360221884556 0.4895307599191714 0.07311859219073419 1.92153124490429 0.014465701013495232 184.48247003331392 47.78908199608947 25794.880935124573 0.0019660285726026947 260.9087910023582 0.0019660285726026947
48 94.7522356107535 7.409072322393492 0.05 0.7978694897356886 0.05 0.29974716827264697 0.05370225982653263 11094.925056967906 0.05 117.09407155886393 0.05 5483.23003335928 0.07363906418453321 57.86913625853261 0.07363906418453321 0.49421064182093477 0.07662684196345096 1.915373059335605 0.014418229705502269 175.55694864139417 46.029922960867474 24913.36745738209 0.0019827559991508806 262.93171128676414 0.0019827559991508806
49 55.19134095962805 4.251494133749507 0.05 0.8061135259826386 0.05 0.3855567839814453 0.05648540050652343 6626.177152833178 0.05 120.05827431662088 0.05 3211.758753221462 0.09523324561554868 58.193163952490906 0.09523324561554868 0.48470764954543943 0.099086813470631 1.9194629359886244 0.018729704549399703 104.84716214036075 26.932408255920397 14450.630673090438 0.0026325270914979737 261.8278596213297 0.0026325270914979737
50 96.14781117401266 7.435335698853216 0.05 0.7987630689854672 0.05 0.30021926079196154 0.052432563159289056 11220.890571001477 0.05 116.70458676062216 0.05 5514.999161461566 0.06589372646564581 57.35959138456382 0.06589372646564581 0.4914938904862117 0.0732177873214536 1.921534210821433 0.014594198456564593 177.5501231775841 46.431242431449775 25115.483144541937 0.0019786087590431866 261.21741969858056 0.0019786087590431866
51 0.9107966833901887 0.43539661607308516 0.3611785741647055 0.20865833475447793 0.48406988575271637 0.9303693464064429 0.7560625612902386 17.902389618418642 0.05 19.655747484479136 0.05 22.037658001407877 1.070903371863894 24.19602355091895 1.070903371863894 1.23098974333207 1.1629763226739096 1.0885827483669404 0.01714501152961311 0.2832726847420971 0.030933064913162337 13.537438343096335 0.18485186281496857 14.86329341111231 0.18485186281496857
52 0.6169913016514181 0.35624826000922744 0.39842610367582415 0.26490210429052985 0.4572132238826472 0.7699342331839351 0.8906930661767966 33.63184753175549 0.05 54.50943545190608 0.05 29.062467446050164 0.9526609813924182 47.1035286368909 0.9526609813924182 0.8641353234790067 0.983211149288199 2.200606567519052 0.03482397751993007 0.5321626912787828 0.059170066527350136 28.59996115804189 0.09350033925876204 46.35391306407756 0.09350033925876204
53 47.91965776159348 4.1515426715553305 0.05 0.7776905204703243 0.051952015048420834 0.37603601712342066 0.06571650522819542 4992.0531774462115 0.05 104.17547642519328 0.05 2918.9861352586627 0.10877090675801611 60.914169082362775 0.10877090675801611 0.5847265707117187 0.11690724698434092 1.9334929407848893 0.019615119265791667 78.99013716706276 21.57656546283929 11724.880163855763 0.0027998376567488284 244.6778777550659 0.0027998376567488284
54 1.2927436796505904 0.539394037710519 0.2738260325010476 0.22827611514380922 0.4698417750593108 0.5676434128572241 0.6180802662881087 37.02801612274065 0.05 28.642968212189427 0.05 32.676535389696646 0.8782915471522947 25.276886597139374 0.8782915471522947 0.8824813968261304 0.8764556525611354 1.8507456901398571 0.017236871212249042 0.5859007981450467 0.12216140721421262 57.737940600248024 0.053843787779373556 44.66310027975054 0.053843787779373556
55 2.89398301012689 0.8500674685202086 0.189101324828108 0.2804402069544844 0.3567727095402756 0.5492267696775932 0.4862757291452716 106.48849767310283 0.05 36.79651791336319 0.05 77.72180351798114 0.7929143845884059 26.856344092556835 0.7929143845884059 0.7298610198875248 0.7956718205315484 1.5751104318551001 0.046530806967471715 1.68498625612093 0.22545312799181172 107.60752295891372 0.06082978142739209 37.18319098016942 0.06082978142739209
56 2.79115112651832 0.7765608263594069 0.1304043300521567 0.3883906174880472 0.16410008276315743 0.648380881173052 0.2523150429719218 220.9484093147329 0.05 79.16031748174947 0.05 136.1826729632363 0.35649477178147443 48.790863264043494 0.35649477178147443 0.6163550730489717 0.4094155087461263 1.5510160333231875 0.030972495711506523 3.496105641823581 0.7209957233361387 357.9179286079626 0.020145890256503277 128.23308820774216 0.020145890256503277
57 41.83788635960092 3.901229155767979 0.05 0.7740249941864759 0.05286829389551371 0.34408066276502103 0.06595789940270397 4380.981153413383 0.05 104.71325237987409 0.05 2717.192119554328 0.11031975858909776 64.94573115381077 0.11031975858909776 0.6202245625816637 0.11404302090499187 1.964772753417492 0.02016203490981233 69.32103972160381 19.317954706424096 10554.492702167901 0.002904892914390783 252.27117382199842 0.002904892914390783
58 29.439299250224806 3.638411919640624 0.05 0.7372918066133219 0.06244567292155624 0.2831682223302042 0.09035747123652213 2481.089078215137 0.05 84.27812962280991 0.05 2299.3209518569993 0.14155351894213036 78.10379358263567 0.14155351894213036 0.9267385730104865 0.14391165820967458 1.9968861587152271 0.023411124045634155 39.25870688773144 11.865614381113401 6628.809822242304 0.003453650911436684 225.16873672499813 0.003453650911436684
59 1.6159295995632383 0.6919605816955984 0.2856096841038142 0.1547213130932231 0.4495946287621894 0.28766742672341533 0.5306447924025521 28.2757569360405 0.05 17.498136641400105 0.05 19.25708536968732 0.9094328396872798 11.917032384883738 0.9094328396872798 0.6810457952813312 0.9623231621289543 1.246303299340335 0.03772775427547076 0.4474122729834769 0.07816385602063995 35.72727341839776 0.08770861160895387 22.10942446258445 0.08770861160895387
60 8.461594994076592 1.683256308014434 0.07927787351670326 0.32541077255711176 0.17915222805182754 0.8843212027059132 0.23927086068952233 615.9663778525207 0.05 72.79554011787594 0.05 207.21587214754607 0.3761474369119274 24.488984912726774 0.3761474369119274 0.33640776444645365 0.3852269148388454 2.1275484108676515 0.04210282865183673 9.746544694736869 2.9070730739633057 1645.8423257333188 0.006634355316266256 194.50733896924459 0.006634355316266256
61 13.999826439852416 2.426929075416439 0.0935777232213045 0.6125011027978812 0.09309123959943737 0.39060637125144804 0.13347913590349883 1051.387621447459 0.05 75.10004684447664 0.05 1058.472916804481 0.20863994292694318 75.60614564416265 0.20863994292694318 1.0067389944607372 0.22209761057457345 1.9573252279886044 0.030979513445394385 16.636291346635176 5.428424962244003 3074.021067837269 0.004943924062651141 219.57565553003204 0.004943924062651141
62 0.8520356070424346 0.4202475687087283 0.29218576476123254 0.32165543435297034 0.36100927184873155 0.4678537268216855 0.6566424192527636 46.97459559463462 0.05 55.13219777010458 0.05 50.54706127329355 0.8808381500306611 59.325057374950894 0.8808381500306611 1.0760510150952096 0.891115576568275 1.7473923954470405 0.017907702033372084 0.7432873247589956 0.16004626730246926 83.69736734419473 0.038017817415484496 98.23224129649113 0.038017817415484496
63 37.31328348082386 3.82187280877206 0.05 0.6256910381865955 0.05381000009625612 0.2322760159305775 0.07489527408547372 4017.0026612729293 0.05 107.65610223869356 0.05 1739.4222233488335 0.12509710024764154 46.61670217907148 0.12509710024764154 0.4330149541891606 0.1342622389370011 1.912818363801701 0.02311953491807897 63.56173804571761 17.665862271347585 9745.957328416338 0.003056455646511325 261.1927018812216 0.003056455646511325
64 15.98301276658912 1.8069298174492572 0.05 0.6411986510885109 0.07659076360327219 0.42503739679330715 0.09599715322020246 2565.1845485978783 0.05 160.49443156049645 0.05 863.6452726863118 0.13934306876535452 54.03519882632362 0.13934306876535452 0.3366795863316647 0.15651727714730787 2.170848093817339 0.012685187224096084 40.58936401347399 10.378620709186993 5939.605530322044 0.003810332814721115 371.6198952639387 0.003810332814721115
65 9.519294368336165 1.6878615142862465 0.07891947588788767 0.561948929562164 0.10328507274666605 0.2874767841075186 0.18249274369862045 793.0493813259894 0.05 83.30968143646166 0.05 619.6399679954596 0.2235327984904091 65.0930566929998 0.2235327984904091 0.7813384419510083 0.23981264241850334 1.972417515921004 0.03581556509784873 12.548559936189639 4.221080199072665 2409.78440277796 0.005518540922226316 253.14737726711937 0.005518540922226316
66 11.987259574941838 1.9277223128421703 0.09696134171950696 0.589673480822221 0.09731889908481407 0.2924809644290019 0.1476670070991365 870.3745391442942 0.05 72.60829997906484 0.05 779.2495918129255 0.2581685697799972 65.00648350369157 0.2581685697799972 0.8953037534611733 0.2627666944533373 1.9828107469514304 0.031535326369080005 13.772089665362921 4.575616805072217 2605.3817750013386 0.005324373369104848 217.3459045174618 0.005324373369104848
67 0.9107966833901887 0.45244037203763765 0.3640978498164218 0.1820138988728397 0.6325353271774063 0.7430340615252206 0.7830760217564693 29.971616362703564 0.05 32.90703283101835 0.05 17.42526420673155 1.2767698143998256 19.131892467889568 1.2767698143998256 0.5813922077427699 1.3511040374258185 1.4754603697407631 0.02005252571618464 0.47424615772847256 0.05734583589971375 26.97187840359201 0.11398173535346158 29.61350090032899 0.11398173535346158
68 2.276991708475472 0.8734645776916289 0.30335063280973434 0.13319746729206294 0.42586495299353644 0.5451248436045846 0.5484602630183741 62.04836185851614 0.05 27.250148354760483 0.05 18.01549281602922 0.8749793522529818 7.911971198213648 0.8749793522529818 0.2903459862019966 0.9030011314538168 2.030343243383592 0.06868186417486777 0.9818021876185928 0.28218920759645183 155.9142667392282 0.0223673307963909 68.47379643890686 0.0223673307963909
69 2.409204130257918 0.7346174458199545 0.2362664766155412 0.4415442527014768 0.3337457998947638 0.886405600534046 0.46312740890297605 121.91073444663135 0.05 50.60207763863503 0.05 166.50168225732511 0.684881114309607 69.1106578169033 0.684881114309607 1.365767198541604 0.7103975018636642 2.0788362149785207 0.04370417949363085 1.9290150187629436 0.5680706751655047 321.84063883093677 0.015189347520052429 133.58794914421884 0.015189347520052429
70 3.011505162822398 1.0125944928538726 0.2646503166929017 0.12782260741118237 0.3404439491442931 0.5386559246760191 0.4262226422070137 99.60750472847384 0.05 33.07565464544022 0.05 19.233566407249064 0.7051889206964106 6.386695478623476 0.7051889206964106 0.19309354711453733 0.6923386355603417 1.6155311212307069 0.03342614081828759 1.5761070430661834 0.43342327467437025 229.5384228271555 0.02109463367236407 76.22049786294602 0.02109463367236407
71 4.715576376907268 0.9131145996335105 0.15430715657083208 0.5476827938848542 0.1519886547273023 0.7055876257088521 0.2180612312740469 252.79967240708095 0.05 53.60949589218207 0.05 318.4141776052388 0.31053211300316746 67.52391482079487 0.31053211300316746 1.2595513853851024 0.3547041541473098 2.539622970087877 0.01809303014796103 4.000093733631041 0.45564700880685005 203.3889753273381 0.04376023337986629 43.131307621981875 0.04376023337986629
72 0.7198231852599878 0.3901455825699144 0.3637933326965404 0.1930171739036386 0.7048175148009443 0.8900993026167784 0.7278144411917752 8.219492920819066 0.06940721776035605 11.418766565361917 0.06940721776035605 16.89769685400159 1.3585918047042564 23.474788253588184 1.3585918047042564 2.0558077021030816 1.502187460788385 2.3539294612650967 0.024178455438822986 0.130058479340524 0.022517219327689925 10.591371936009171 0.23902278953454556 14.713852169382054 0.23902278953454556
