plotting_scripts/clumpdata/GMC104_12_physprop_add.txt
# %ECSV 0.9
# ---
# datatype:
# - {name: # # # _idx, datatype: int64}
# - {name: area_pc2, unit: pc2, datatype: float64, description: projected area of structure}
# - {name: rad_pc, unit: pc, datatype: float64, description: equivalent radius in pc}
# - {name: e_rad_pc, datatype: float64, description: frac error in radius}
# - {name: vrms_k, unit: km / s, datatype: float64, description: rms linewidth in km/s}
# - {name: e_vrms_k, datatype: float64, description: frac error in linewidth}
# - {name: axratio, unit: '', datatype: float64, description: minor to major axis ratio}
# - {name: e_axratio, datatype: float64, description: frac error in axis ratio}
# - {name: mlumco, unit: solMass, datatype: float64, description: CO-based mass with alphascale=2.4 from GMC104_12CO_3p5as.pbcor.fits.gz}
# - {name: e_mlumco, datatype: float64, description: frac error in luminous mass}
# - {name: siglum, unit: solMass / pc2, datatype: float64, description: average surface density from mlumco}
# - {name: e_siglum, datatype: float64, description: same as e_mlumco}
# - {name: mvir, unit: solMass, datatype: float64, description: virial mass}
# - {name: e_mvir, datatype: float64, description: frac error in virial mass}
# - {name: sigvir, unit: solMass / pc2, datatype: float64, description: virial surface density}
# - {name: e_sigvir, datatype: float64, description: same as e_mvir}
# - {name: alpha, unit: '', datatype: float64, description: virial parameter}
# - {name: e_alpha, datatype: float64, description: frac error in virial parameter}
# - {name: 8um_avg, unit: MJy / sr, datatype: float64}
# - {name: e_8um_avg, datatype: float64}
# - {name: flux12, unit: Jy km / s, datatype: float64, description: 12CO flux within the structure}
# - {name: flux13, unit: Jy km / s, datatype: float64, description: 13CO flux within the structure}
# - {name: mlte, unit: solMass, datatype: float64, description: LTE mass using H2/13CO=3000000.0}
# - {name: e_mlte, unit: '', datatype: float64, description: fractional unc in mlte}
# - {name: siglte, unit: solMass / pc2, datatype: float64, description: LTE mass divided by area in pc2}
# - {name: e_siglte, unit: '', datatype: float64, description: 'fractional unc in siglte [same as e_lte]'}
# schema: astropy-2.0
# # # _idx area_pc2 rad_pc e_rad_pc vrms_k e_vrms_k axratio e_axratio mlumco e_mlumco siglum e_siglum mvir e_mvir sigvir e_sigvir alpha e_alpha 8um_avg e_8um_avg flux12 flux13 mlte e_mlte siglte e_siglte
0 1.8215933667803774 0.6138902300080662 0.29104980335297465 0.21980460844574076 0.33761158480112213 0.7380458572797365 0.6010960925332312 16.145413729954473 0.14537111666236935 8.863346795388866 0.14537111666236935 34.48047377089051 0.7118288263271016 18.92874359321692 0.7118288263271016 2.135620328323896 0.7552621392996127 1.331056438146099 0.017644099119505527 0.2554717049976108 0.0006747534979158664 1.3745690423397758 4.675756040742973 0.7545970837439387 4.675756040742973
1 66.12090116031031 3.8081878423226856 0.05 0.8508581812388741 0.05 0.7151596904858095 0.047729711754024885 4365.537230856212 0.05 66.02355918096087 0.05 3205.100381739307 0.07593758356826154 48.47333181331773 0.07593758356826154 0.7341823496739922 0.09329947984362744 1.412630791691668 0.01726845989059719 69.0766643672942 5.163799241023546 2418.589775389145 0.022748904430433026 36.5782941996702 0.022748904430433026
2 662.3842331300583 13.413489862172092 0.05 1.8809071685970655 0.05 0.6603253254556498 0.01326430395293304 100347.04973077106 0.05 151.4937172592211 0.05 55167.76936595033 0.016773829451546426 83.28665841766528 0.016773829451546426 0.5497697193287122 0.02010988378108802 1.7554197131543128 0.007336728454864355 1587.8092952576046 143.48093969699315 70764.64595604505 0.0031279629718869908 106.83322823318244 0.0031279629718869908
3 648.1640526539016 13.358880223916902 0.05 1.8636159272299073 0.05 0.657167146513387 0.012824101856075912 99107.01510665705 0.05 152.90421414279967 0.05 53937.62237668621 0.01720315307878221 83.21600396664876 0.01720315307878221 0.5442361705540176 0.021897989063975193 1.755938638821511 0.007420230519471274 1568.187661238295 143.69944757686838 70827.97505385437 0.0030359968335068118 109.27476580018576 0.0030359968335068118
4 639.0413955509129 13.343361851817063 0.05 1.8438519319269366 0.05 0.6559830738060306 0.014057067338276842 98444.98394622482 0.05 154.05102804233226 0.05 52738.316773676896 0.018645325358173447 82.5272308505329 0.018645325358173447 0.5357136002224856 0.023168615673281996 1.7538306469772167 0.007467356086576446 1557.7118829896856 143.7498060654261 70834.67007582249 0.0029937062641847523 110.84519808729519 0.0029937062641847523
5 644.2858216149499 13.356746242113266 0.05 1.8483765673801162 0.05 0.6565029372839714 0.013135722438882709 98804.4265342134 0.05 153.3549602047005 0.05 53050.62428941541 0.017084077189853514 82.34020136659241 0.017084077189853514 0.5369255826918378 0.020516190871503196 1.7544817396051564 0.007430951889173126 1563.3996764443148 143.67900271566344 70813.4702988942 0.0030189280712376873 109.9100242830038 0.0030189280712376873
6 10.709206164378186 1.8889043937783687 0.06986272110444856 0.9075891201106324 0.0890352062347656 0.7005362963991074 0.15703957271157465 179.15051791028685 0.05 16.728645910860468 0.05 1808.828759544657 0.21205544563362 168.9040935229473 0.21205544563362 10.096698466986647 0.2548471753883013 1.749545049765473 0.02103663747504032 2.8347302620483905 0.005426698546075368 9.499863441248108 2.0315918713579646 0.8870744754963548 2.0315918713579646
7 7.6830107324688495 1.226787522267724 0.09831473996034663 0.7050703669388959 0.14175031742194272 0.5346457770637983 0.19296573802627118 144.61980098120372 0.05 18.823324087005638 0.05 708.9950290628699 0.3477351481124948 92.28088489667412 0.3477351481124948 4.902475485739454 0.386401140810694 1.702664855789272 0.018367552554885737 2.288344603646656 -0.004970716161938948 3.4469878591679954 4.872040935759368 0.44865066302729795 4.872040935759368
8 584.6139485838055 13.105388933669007 0.05 1.7707707074658068 0.05 0.6485050037729877 0.01611444810178071 92072.63313947931 0.05 157.49304881027916 0.05 47773.107089739366 0.016812889013484777 81.7173575920777 0.016812889013484777 0.5188632654544448 0.020167208679423575 1.75358772395256 0.007806015885347255 1456.8808981230236 143.92068235177024 70799.958650119 0.0026634166540178 121.10548990770394 0.0026634166540178
9 3.5109743117783077 0.9081600314558063 0.20488708959671073 0.557963946868299 0.25531500736692075 0.6428336284173582 0.36584659422078725 23.2281096842938 0.08953472252838528 6.6158586254448455 0.08953472252838528 328.6877930615305 0.6366693022106256 93.61725944814738 0.6366693022106256 14.150432279204367 0.6834713208742501 1.8078094586168871 0.03722612740274943 0.3675424838214327 0.026030097592089033 12.18935861438471 0.5903806969791601 3.471788037153369 0.5903806969791601
10 1.865664174041193 0.6058080190688682 0.22873996916456601 0.3785736669190137 0.27467402612788194 0.6063883932360402 0.5319685576734589 9.848786634799453 0.14105376995746569 5.27897076646228 0.14105376995746569 100.93568548207071 0.6374737282972202 54.101743972193624 0.6374737282972202 10.24854017300234 0.6938556958258393 1.803085881894029 0.01144099456393523 0.15583907505311556 0.010113719991437025 4.787412443851559 1.0196274998997463 2.5660633411218923 1.0196274998997463
11 566.9121743340447 13.02034991950601 0.05 1.7427791697292412 0.05 0.645869668160013 0.016234253796807287 89530.84368703114 0.05 157.92718473933564 0.05 45974.42353854277 0.020856262560173484 81.09620082255105 0.020856262560173484 0.5135037451367425 0.024573922864305 1.7538121015390251 0.007916547449062767 1416.662137704098 143.59683958712137 70627.86077966935 0.0025693806837273846 124.5834257530919 0.0025693806837273846
12 556.9374816240135 12.958508914560898 0.05 1.7298327041557082 0.05 0.6426054630904067 0.015108555420705386 88128.11514942463 0.05 158.23699797048246 0.05 45078.780069412685 0.02049115539084684 80.940467389561 0.02049115539084684 0.511514174483136 0.02314999018210785 1.7540962830056972 0.007992565323042778 1394.4666575039214 143.3559547244394 70507.63412886768 0.0025226475116552176 126.59883102726265 0.0025226475116552176
13 543.3783632567691 12.896947813285008 0.05 1.7068832410562795 0.05 0.6413896476019053 0.014803698535274393 85910.05886256845 0.05 158.10356957840872 0.05 43682.09778040168 0.024136197608314106 80.3898365010166 0.024136197608314106 0.5084631341049429 0.026511528924343927 1.7543839087431865 0.008076297623587119 1359.3701616360047 142.84054415841996 70261.10058531546 0.0024560675446897483 129.3041926885008 0.0024560675446897483
14 24.15080237892694 3.0952321251873762 0.05389903011373011 0.7104127919817956 0.060422723662030865 0.6470974655529045 0.12412946396441206 1853.8199393404443 0.05 76.7601800658191 0.05 1816.0327892622488 0.12026727638939108 75.19554674700369 0.12026727638939108 0.979616601765736 0.12332553468521557 1.5232457671577333 0.030595778841907523 29.33331854988887 3.548902716092451 1687.5785420828229 0.015072811505785157 69.87670701803842 0.015072811505785157
15 17.319827253500524 2.4117263012632595 0.05261781591149795 0.7214288807045313 0.07245752980795885 0.6133880073511667 0.09807772383036824 1411.9999646861468 0.05 81.52506049970945 0.05 1459.2307865879313 0.12379205682399107 84.25204046379879 0.12379205682399107 1.0334495914185684 0.12093306482412462 1.5754693797122026 0.03604486244036883 22.34232355819044 3.010186575578859 1446.774993208861 0.015020319211899719 83.53287662938163 0.015020319211899719
16 538.648096610775 12.844909021601524 0.05 1.705224458812203 0.05 0.636218435722917 0.01577284082842698 85554.3238896645 0.05 158.83157190748548 0.05 43421.32329235325 0.02008135912459153 80.61167126657337 0.02008135912459153 0.50752926699943 0.02345001394990181 1.7544313875017679 0.00813307705101659 1353.740900123044 142.6819868601611 70189.59693999714 0.0024474315723663283 130.3069617838376 0.0024474315723663283
17 490.55215562013825 12.625948206162095 0.05 1.6300165846062324 0.05 0.6358112523586406 0.018161180801031688 77164.49059653445 0.05 157.30129755313357 0.05 38999.313772054455 0.023918473315160192 79.50085087844113 0.023918473315160192 0.5054049274551417 0.025039145395784158 1.7554576877984627 0.008370817246328353 1220.9872179714337 139.4143170328337 68697.35018179145 0.002255338555049677 140.04086903857706 0.002255338555049677
18 484.411623141798 12.601622546115703 0.05 1.623247268962798 0.05 0.6363588436526006 0.02031567999124696 76218.62050177131 0.05 157.34267482566256 0.05 38601.55007086181 0.024694209715112773 79.68749762959814 0.024694209715112773 0.5064582619934025 0.02641705971562615 1.7560828317739097 0.008408278136666256 1206.020672452316 138.97371108968133 68500.45843583932 0.0022373182454034145 141.4096094382684 0.0022373182454034145
19 4.230797497038296 1.1343796091103548 0.15034586384400844 0.3324874003286564 0.2059463516581193 0.20835287407372072 0.30724501397329873 205.72240057710442 0.05 48.624969812693045 0.05 145.78663485769908 0.46339243554959564 34.45842892734875 0.46339243554959564 0.7086570759855512 0.4641360979973078 1.4197087614900537 0.06343244582406221 3.255181679902393 0.5250574175111058 254.5980977953876 0.02934573029720861 60.17733015433025 0.02934573029720861
20 3.2318591991264767 1.0411319175666212 0.1696747553258616 0.2956542579971307 0.21967874520637443 0.48875299975445635 0.3105146872871016 113.78145277000903 0.05 35.206191161038966 0.05 105.79933850482308 0.48263869020016903 32.73636999205258 0.48263869020016903 0.9298469647656854 0.5055629247191756 1.3450818663293664 0.041905448272699666 1.8003838288585507 0.11160022906196275 48.345401742227686 0.12171788880333739 14.959006182971933 0.12171788880333739
21 481.517640131671 12.590440297128184 0.05 1.6191280612292491 0.05 0.6365739740092903 0.019453099722696293 75895.59993639697 0.05 157.61748607100526 0.05 38371.80535448297 0.02533887067720211 79.68930347804121 0.02533887067720211 0.5055866925966698 0.025242540116884867 1.7558371235776016 0.008445231984595672 1200.9094426116217 138.81555117813488 68429.63037295974 0.0022312325105434024 142.11240600499633 0.0022312325105434024
22 1.2633631414767135 0.554292250058247 0.3032244839415141 0.11522473752320041 0.443020636259525 0.8480018249829576 0.7172314276871498 19.468050194678717 0.05 15.40970252774907 0.05 8.555377495110035 0.9228561142640678 6.771906836786348 0.9228561142640678 0.43945733699867445 1.0071559058321833 1.4255207388900046 0.03303337502964989 0.30804637543727864 0.014601614843959585 6.191415339733539 0.4359763639634829 4.9007408372675405 0.4359763639634829
23 409.5206313365853 12.125971954356126 0.05 1.5374105807068208 0.05 0.6620943777136059 0.02037690044670286 64163.7003718798 0.05 156.68001917867628 0.05 33320.01637990807 0.02964515759918688 81.3634621317096 0.02964515759918688 0.5192969885899973 0.033211691496173194 1.7641108439762931 0.009173883731713867 1015.273470530115 130.79086093725928 64854.44810704318 0.0020643719312651385 158.3667418546717 0.0020643719312651385
24 2.409204130257918 0.6527405970231025 0.18774159345200056 0.43268202038920006 0.19699626494014025 0.4142547338296781 0.3192036013045008 23.080074343465323 0.0865323307699495 9.579957984296863 0.0865323307699495 142.06504649936085 0.4348093351795732 58.96762533117193 0.4348093351795732 6.155311477130654 0.49139176709376 1.9061350349972888 0.03114047211161012 0.3652000910642336 0.01034633627720415 5.2561587874751 1.3468944644437588 2.1816992265044806 1.3468944644437588
25 0.7051329161730493 0.40003020091431024 0.2858607935818175 0.2031346423429774 0.39865563537393134 0.7956861347622717 0.6218062599793464 11.923986576869632 0.07246085729232651 16.910267984062344 0.07246085729232651 19.189766196789876 0.7848457688121708 27.214395692854655 0.7848457688121708 1.609341479301439 0.8480900633426502 1.8631759136915207 0.044429929688253614 0.1886753265970148 0.0033129339165212934 1.4749252384680507 1.9693840752654947 2.0916981814902025 1.9693840752654947
26 419.6862975447468 12.201532083047988 0.05 1.5448783467693843 0.05 0.6521006514942266 0.02015911232774124 65039.73024476689 0.05 154.97225100095716 0.05 33854.14530564749 0.024531348115291552 80.66535768191949 0.024531348115291552 0.5205148480512248 0.02652206691973227 1.7612192740968295 0.00900756394899501 1029.1351057077375 131.59687081398448 65210.20981929406 0.002071663425444599 155.37845815026012 0.002071663425444599
27 405.7452321812421 12.1016836725704 0.05 1.5276526459116184 0.05 0.6614439366349409 0.020206889277170004 63537.271459846546 0.05 156.59400633810804 0.05 32832.49943059866 0.02897988970339571 80.9190024343471 0.02897988970339571 0.5167439311797913 0.0301068908702778 1.7630602549418948 0.00920193662470644 1005.3614220475746 130.26063743895932 64619.39946494989 0.002056933030056878 159.26101982163303 0.002056933030056878
28 421.31691741339694 12.200726543100874 0.05 1.545416172734992 0.05 0.6523872559057964 0.021807324121362978 65123.865428438585 0.05 154.57215871666253 0.05 33875.48443045626 0.026083088475387865 80.40380775219992 0.026083088475387865 0.5201700514488097 0.029064723408228445 1.7631683648131382 0.009006857722444778 1030.4664674956875 131.6654405763635 65240.07731891163 0.0020725095040905633 154.84798882380966 0.0020725095040905633
29 2.2035403630407795 0.6975874164635693 0.22199158480709671 0.287558094216921 0.3079653755168411 0.4579869386699363 0.49905630374829324 129.0554082156228 0.05 58.56729941517049 0.05 67.05925847463628 0.581428591943146 30.432507431857402 0.581428591943146 0.5196160269594841 0.6096372692979124 1.8961658596992492 0.04250627891857734 2.0420663334087825 0.32997049023598224 166.00385295265383 0.03691734463850098 75.33506339932731 0.03691734463850098
30 373.27973749910797 11.978343026894306 0.05 1.4785020959408404 0.05 0.65249530590458 0.022103130378542484 57031.91820825568 0.05 152.78600062879644 0.05 30440.343615479156 0.0334071649869657 81.54834178630416 0.0334071649869657 0.5337422371859264 0.03440891033355426 1.7704447985117664 0.009440199112476275 902.4259260159241 124.46457409932195 62038.45836250728 0.0019844011967084362 166.19830151551028 0.0019844011967084362
31 329.60556750363975 11.773513671084045 0.05 1.4218821117877072 0.05 0.6297810873484274 0.02734802679455202 48274.029187471504 0.05 146.45999323703302 0.05 27672.104499004286 0.03591548583371208 83.95520958152113 0.03591548583371208 0.5732296426208814 0.03676950180897999 1.7851495240978652 0.009822856291329132 763.8484356108075 114.16108345901654 57390.88355660105 0.0019236612232195215 174.1198851441346 0.0019236612232195215
32 270.31564146875587 11.112364601724268 0.05 1.2602868638552769 0.05 0.6674544524617912 0.034324429976426055 42233.23728302636 0.05 156.2367499474049 0.05 20518.906714460813 0.03924505194276162 75.90721203912452 0.03924505194276162 0.4858473570698169 0.04051943443374358 1.7972792157737607 0.011200194950384094 668.2639157574449 102.91512856673212 52110.65957591827 0.001959391369524794 192.77707828069364 0.001959391369524794
33 187.38907247298786 7.737942926566112 0.05 1.158513633773443 0.05 0.28948888631881325 0.026237649432149016 32724.49722826795 0.05 174.6339676929944 0.05 12073.598674020493 0.04179048382761251 64.43064429896734 0.04179048382761251 0.36894680427942905 0.04207299119790211 1.9135632588688427 0.011636302999027594 517.8054607049145 82.52777195968835 42385.55916634254 0.0020751170601050082 226.19013268477764 0.0020751170601050082
34 195.70376477619507 7.880723605244502 0.05 1.1731198155931 0.05 0.30134763092727285 0.02545854819459633 33995.55147367088 0.05 173.70923606169694 0.05 12608.393458309585 0.04423583839674556 64.42591164624973 0.04423583839674556 0.37088362776155065 0.04429094925470103 1.90083351567099 0.0116735311180783 537.9175995919559 84.989342840855 43559.58295050703 0.0020660030280473724 222.5791772596779 0.0020660030280473724
35 272.76891640627457 11.117531625454877 0.05 1.2627483998911915 0.05 0.6690243552447332 0.03400863134685793 42528.52651453115 0.05 155.91412348167708 0.05 20608.7163960174 0.03434109821390769 75.55375688526705 0.03434109821390769 0.4845857142258576 0.034362153372194594 1.7933050065089895 0.011250678725561474 672.9362759781294 103.34736883443837 52309.11191730395 0.001960399895363637 191.77079487822706 0.001960399895363637
36 275.5453772637059 11.126694726578371 0.05 1.265852277690544 0.05 0.6707526908449791 0.03353862280826755 42966.50681027534 0.05 155.93259896773733 0.05 20727.224109044277 0.035887840414323594 75.22254343322787 0.035887840414323594 0.48240421779150566 0.03799332598613571 1.7910263369178354 0.011215508379185484 679.8666137969269 104.01325878606235 52615.53246614001 0.0019614722433910314 190.95051780086743 0.0019614722433910314
