plotting_scripts/clumpdata/GMC104_12_physprop_add.txt
# %ECSV 0.9
# ---
# datatype:
# - {name: # # # _idx, datatype: int64}
# - {name: area_pc2, unit: pc2, datatype: float64, description: projected area of structure}
# - {name: rad_pc, unit: pc, datatype: float64, description: equivalent radius in pc}
# - {name: e_rad_pc, datatype: float64, description: frac error in radius}
# - {name: vrms_k, unit: km / s, datatype: float64, description: rms linewidth in km/s}
# - {name: e_vrms_k, datatype: float64, description: frac error in linewidth}
# - {name: axratio, unit: '', datatype: float64, description: minor to major axis ratio}
# - {name: e_axratio, datatype: float64, description: frac error in axis ratio}
# - {name: mlumco, unit: solMass, datatype: float64, description: CO-based mass with alphascale=2.4 from GMC104_12CO_3p5as.pbcor.fits.gz}
# - {name: e_mlumco, datatype: float64, description: frac error in luminous mass}
# - {name: siglum, unit: solMass / pc2, datatype: float64, description: average surface density from mlumco}
# - {name: e_siglum, datatype: float64, description: same as e_mlumco}
# - {name: mvir, unit: solMass, datatype: float64, description: virial mass}
# - {name: e_mvir, datatype: float64, description: frac error in virial mass}
# - {name: sigvir, unit: solMass / pc2, datatype: float64, description: virial surface density}
# - {name: e_sigvir, datatype: float64, description: same as e_mvir}
# - {name: alpha, unit: '', datatype: float64, description: virial parameter}
# - {name: e_alpha, datatype: float64, description: frac error in virial parameter}
# - {name: 8um_avg, unit: MJy / sr, datatype: float64}
# - {name: e_8um_avg, datatype: float64}
# - {name: flux12, unit: Jy km / s, datatype: float64, description: 12CO flux within the structure}
# - {name: flux13, unit: Jy km / s, datatype: float64, description: 13CO flux within the structure}
# - {name: mlte, unit: solMass, datatype: float64, description: LTE mass using H2/13CO=3000000.0}
# - {name: e_mlte, unit: '', datatype: float64, description: fractional unc in mlte}
# - {name: siglte, unit: solMass / pc2, datatype: float64, description: LTE mass divided by area in pc2}
# - {name: e_siglte, unit: '', datatype: float64, description: 'fractional unc in siglte [same as e_lte]'}
# schema: astropy-2.0
# # # _idx area_pc2 rad_pc e_rad_pc vrms_k e_vrms_k axratio e_axratio mlumco e_mlumco siglum e_siglum mvir e_mvir sigvir e_sigvir alpha e_alpha 8um_avg e_8um_avg flux12 flux13 mlte e_mlte siglte e_siglte
0 1.8215933667803774 0.6138902300080662 0.29104980335297465 0.21980460844574076 0.33761158480112213 0.7380458572797365 0.6010960925332312 16.145413729954473 0.14537111666236935 8.863346795388866 0.14537111666236935 34.48047377089051 0.7118288263271016 18.92874359321692 0.7118288263271016 2.135620328323896 0.7552621392996127 1.331056438146099 0.017644099119505527 0.2554717049976108 0.0006747534979158664 1.3745690423397758 4.675756040742973 0.7545970837439387 4.675756040742973
[from data line 73]
74 25.84018332392487 3.1428007803747 0.053246192458208004 0.7587925359885049 0.058959929193541184 0.3746263321741486 0.11611441252584286 1770.6347311935442 0.05 68.52252977455278 0.05 2103.6421704863533 0.12949001888196443 81.40972314769286 0.12949001888196443 1.1880723524881591 0.1289050869059868 1.5131581163053962 0.02312123748695879 28.01706576916629 5.360260722727792 2648.4305213576454 0.007909869774888351 102.49271408634011 0.007909869774888351
75 18.406907165933976 2.6859818664909327 0.0532064776443907 0.7922337785396283 0.07229017963835127 0.4154302317782335 0.12292013543420795 1118.7178381572014 0.05 60.777067438446934 0.05 1959.831360974964 0.17558990469024194 106.47260527298482 0.17558990469024194 1.7518549308226636 0.17002720006037877 1.572558500627851 0.02312362882056441 17.701669388644135 3.709410121127621 1863.9859951332307 0.008782927845197904 101.26557266410003 0.008782927845197904
76 4.9946914895590995 1.4775567054627678 0.1702295269340669 0.49397738348103515 0.1536920146739761 0.33691490977049543 0.27793260035813994 346.5642689464348 0.05 69.38652160416567 0.05 419.1478120913108 0.33646807696644043 83.91865903379562 0.33646807696644043 1.2094374684543563 0.34075476691328355 1.4682979019249187 0.027942841407509952 5.483747361517918 1.5074783574462693 786.8831677088255 0.011569372732547475 157.54389822749326 0.011569372732547475
77 0.5876107634775412 0.3530771164568998 0.24290161755536577 0.4071590924903292 0.38147733954291924 0.649816884131664 0.6355851928102597 52.717600787424495 0.05 89.71517212420734 0.05 68.04665198847634 0.7184168647017926 115.80225587729066 0.7184168647017926 1.2907767229935947 0.7177301448685897 2.0527556210756304 0.02650628878368928 0.8341598766595977 0.2551467848846442 142.1133974274088 0.023543279824249003 241.84954779651594 0.023543279824249003
78 1.7334517522587463 0.5915647933363171 0.14522024289560143 0.6917428016390391 0.19279960608850463 0.6820191914541328 0.28661747477164184 93.19274720530144 0.05 53.7613735622397 0.05 329.0792750156454 0.4798870486736779 189.84045825725693 0.4798870486736779 3.531168303158737 0.5076956385906966 2.580242241843272 0.01656635679592124 1.474605231022509 0.196845901427034 87.86916807335318 0.06763339717891918 50.690287721510956 0.06763339717891918
79 28.205316646921975 3.435713202130706 0.05 0.7110336512342565 0.07693024022163766 0.3102683025160767 0.07846651702810425 3622.99687014504 0.05 128.4508490189354 0.05 2019.3245700982488 0.1583318375549419 71.59375643168381 0.1583318375549419 0.5573630456979691 0.16036684684923072 2.07462864300857 0.023514495603698057 57.32731787636641 12.511165669705601 6774.210363668272 0.003986618957460823 240.17494462014972 0.003986618957460823
80 1.366195025085283 0.5552832865332873 0.2368772256825467 0.17495458408748588 0.36805227932661516 0.4886409997322151 0.7141820497529799 43.799448254059385 0.05 32.05944059950391 0.05 19.759418961259065 0.7472523238653201 14.463102703821958 0.7472523238653201 0.4511339696939616 0.7788382304138494 1.2764531309886644 0.03065301141896818 0.6930464086393909 0.01138237566577251 4.981630437053869 0.7016711201720129 3.6463538115598806 0.7016711201720129
81 1.4984074468677298 0.5586801511678507 0.20252919804042196 0.23357117395749358 0.3151810929788109 0.641499145275376 0.4631155630442418 38.17111927195478 0.05290018805765698 25.474459134428134 0.05290018805765698 35.43322195262014 0.6455343849264901 23.64725430769163 0.6455343849264901 0.928273066874771 0.6906360561683944 1.810353322356355 0.03608213453961526 0.6039883384970534 0.021675290019843824 9.371397218127699 0.617717691216678 6.254238283263783 0.617717691216678
82 34.63965450700105 3.8805001226950537 0.05 0.8068265791911414 0.06304375881276886 0.4135856499790567 0.05811254209422429 2265.6341988004187 0.05 65.4057966525766 0.05 2936.6826026909844 0.1361434730997484 84.77805695485355 0.1361434730997484 1.2961856791559134 0.13380931572662627 1.4958919162867532 0.01869630523961028 35.849528638209925 6.890679598447991 3385.2327628812113 0.007046275172097698 97.72709373290716 0.007046275172097698
83 3.0849565082570907 0.7748436656091229 0.17075080473558446 0.342844061997775 0.20033124925924 0.7700294750172838 0.26508017879466067 99.63629653456802 0.05 32.297472028498575 0.05 105.88056898398042 0.396979145358878 34.321575912199755 0.396979145358878 1.0626706598558289 0.4436499722600356 1.765197593825204 0.024918296690185696 1.576562684021554 0.09249600604751472 40.17898893193589 0.2041954772404547 13.02416705856117 0.2041954772404547
84 0.8961064143032502 0.4653254834978837 0.3154633610454229 0.22123116617101454 0.5265740602264449 0.5410811907058772 0.8796194413993157 21.634767592911704 0.05 24.14307859824147 0.05 26.47636563893936 1.1647388349786654 29.54600616214262 1.1647388349786654 1.2237878463558782 1.1777292529716783 1.5038931487036533 0.039756805345399306 0.34233072187352964 0.039504442446996024 17.636867963251127 0.13765802962863993 19.681666911138365 0.13765802962863993
85 17.731154787934802 1.773571549864583 0.062093028164915326 0.9113288076820197 0.0744427685793262 0.5664596024341221 0.09514342775612859 742.0062609124428 0.05 41.84759931244537 0.05 1712.4102815830993 0.15635455851823502 96.5763539974459 0.15635455851823502 2.3078110951211563 0.18687245365885777 1.3970597636729305 0.016411677253176465 11.740895229690798 0.26982247315510255 124.18363742726787 0.23327699125756263 7.003697103347655 0.23327699125756263
86 2.2476111703015946 0.6876134529675579 0.21151640910922728 0.4204840700496565 0.3517840044559448 0.5882738541250381 0.34571192985306287 107.96572412590294 0.05 48.0357659511968 0.05 141.33586300242436 0.7140628948325892 62.88270180800858 0.7140628948325892 1.309080860121933 0.7200781204152865 1.5107284534990397 0.04548494197328774 1.708360637131449 0.517930363903024 275.12187004588435 0.018943386922502414 122.40634575995956 0.018943386922502414
87 1.8803544431281314 0.5819389237583124 0.28162005318927635 0.47385520676638887 0.2260834098170964 0.7460541037335731 0.47996328438029884 9.415466600316627 0.14513318598616048 5.007282874101751 0.14513318598616048 151.9069472552557 0.6200721482380949 80.78633675178038 0.6200721482380949 16.13376731113329 0.5882244071942326 1.555771634913981 0.02755842815580241 0.14898258644275608 0.0021483102322099315 1.2843903942150885 3.460230849341102 0.6830576006076783 3.460230849341102
88 0.778584261607742 0.40348178233165327 0.2751723140068964 0.48640171636419927 0.35707218627296766 0.8596576610659955 0.6647852547164816 84.21274097031431 0.05 108.16137073772688 0.05 110.97446082518438 0.7493215134894818 142.53365537601164 0.7493215134894818 1.3177870657873942 0.7552739314683701 2.2505779221372784 0.030615062982791038 1.3325129548677124 0.2506659338909159 147.33764211941718 0.02679553215407502 189.23788905669824 0.02679553215407502
89 1.5130977159546684 0.7044014129464748 0.2461605632292268 0.23342071326552816 0.39776291598937363 0.18492417593969945 0.4259904184007185 45.61570267141902 0.05 30.147228556642435 0.05 44.617775873119726 0.8768042066312722 29.4877028777806 0.8768042066312722 0.9781231738226723 0.8999934528327577 1.801425035717418 0.02863061539161886 0.7217852883941324 0.027838204791818054 11.989269272094573 0.31035325843833 7.923658297593891 0.31035325843833
90 44.98160394420577 4.085510505498444 0.05 0.9405901303265649 0.05443278768007369 0.3925822916983716 0.06662111890267747 3634.1733084341513 0.05 80.7924349016523 0.05 4202.000326611628 0.12232707115928981 93.41597360164614 0.12232707115928981 1.1562465435700795 0.123004403817461 1.7666473908022602 0.015951826317262295 57.50416560125116 7.735757556338791 3669.2127854163086 0.008663770605233458 81.57140839102853 0.008663770605233458
91 1.9391155194758856 0.6585289114003099 0.2358487819202312 0.22023091812066706 0.5317729543161003 0.46317363626683217 0.5774966363712378 65.81459172520265 0.05 33.940521368727616 0.05 37.13131592031903 1.0398500425287087 19.1485837472721 1.0398500425287087 0.5641806010945775 1.0605948894188542 1.2120726533008344 0.016883732872909996 1.0413958664181258 0.13018935212934232 60.25062565604726 0.06883697275419902 31.071189442252578 0.06883697275419902
92 1.028318836085697 0.5029893756176897 0.3917624664678296 0.15608191027729632 0.4068118262241125 0.6064273865693606 0.9820416315924642 27.808144605397764 0.05 27.04233709386251 0.05 14.245341691142414 0.8943241463474707 13.85303972974706 0.8943241463474707 0.5122722818543345 0.9150026110805898 2.1614995173045566 0.007611169753593446 0.44001317338963286 0.008334565209171906 3.5810932823814685 0.7209676133775567 3.4824736810354713 0.7209676133775567
93 2.835221933779136 0.9320112830323735 0.2093062755060585 0.32499332501343575 0.2968276571975139 0.6889180535707465 0.4619263271990968 91.2842966983135 0.05 32.19652599704548 0.05 114.44029479600317 0.6677006436558217 40.36378719864901 0.6677006436558217 1.2536690201406513 0.6666304251151965 1.472928622843688 0.030309492841624236 1.4444074802911244 0.16407449140499425 73.783181860426 0.06678015258716619 26.02377647455577 0.06678015258716619
94 3.8488505007778944 0.985569414913201 0.13171177512143414 0.40740885358539075 0.2315876453548248 0.47901467947252113 0.21103663760140223 290.0220084093442 0.05 75.35288999942388 0.05 190.176591072526 0.45839353395318455 49.41126994516655 0.45839353395318455 0.6557315843565433 0.46965529472367173 1.5577748795502058 0.013746314924554009 4.589069054042682 0.6814217020835369 327.9742940163389 0.02702834478685363 85.21357063623327 0.02702834478685363
95 4.671505569646452 1.101840083570931 0.12895007845502796 0.3057979537856802 0.21330329304927953 0.49909527330737957 0.2630626384003533 209.458225508218 0.05 44.837413203399045 0.05 119.78339913710266 0.4168005340062281 25.641283597178308 0.4168005340062281 0.571872500334932 0.4211548556394157 1.3846049507459004 0.024138406795982843 3.314294358809065 0.694617520952257 334.84172145602673 0.02234013773995852 71.67747452377932 0.02234013773995852
96 1.1311507196942665 0.4934981357478826 0.32013410796828135 0.24221091208526274 0.25359765379164473 0.7212185783737256 0.6613861033916998 37.33188707799747 0.05 33.00345959916618 0.05 33.65749904217673 0.7177402292475605 29.75509669593267 0.7177402292475605 0.9015750790163957 0.699299282367694 1.4590539947732704 0.013329743308335057 0.5907090401033935 0.12469386430541007 60.02995958349651 0.052021727321739604 53.06981513455761 0.052021727321739604
97 1.1752215269550823 0.5428785887923653 0.27805019088395544 0.2187251493289393 0.5866806804302742 0.6650063868669556 0.6136794668596901 35.95246811063004 0.05 30.592077566669836 0.05 30.193195030701222 1.2827508317720104 25.691492487318285 1.2827508317720104 0.8398086867859295 1.2914804496796979 1.3040012463927269 0.028860608618888797 0.5688822570678965 0.13305461523946796 65.15260960778554 0.04677625616414144 55.438577420030285 0.04677625616414144
98 8.211860419598636 1.8141704111242802 0.11301135080518337 0.22105289340654488 0.1969792815890053 0.8520693260761296 0.2377255515289892 242.72071578988903 0.05 29.557335778699496 0.05 103.05745244720184 0.4357124057428243 12.54983002405183 0.4357124057428243 0.4245927345419228 0.4275080536555239 1.6840796018542459 0.025029703535610813 3.840612839895625 0.5849761503809555 283.00311977267506 0.026150926781632385 34.462728944741016 0.026150926781632385
99 3.0996467773440295 0.9812801145424304 0.22325108465237806 0.2678677284672812 0.30491836612904566 0.4087036607348962 0.523182504210133 67.95006683786927 0.05 21.921874238874768 0.05 81.8545270068741 0.6446441992395698 26.407695097765995 0.6446441992395698 1.2046276157782339 0.6705583772454957 1.6743335034609972 0.03705450254189856 1.0751859185531778 0.20835345571376795 104.89077110220356 0.03752259550686483 33.83958839080384 0.03752259550686483
100 28.410980414139114 3.8713046979786694 0.05 0.905897429979289 0.07082678483061386 0.3322234992638831 0.088001351092135 1931.5822872231015 0.05 67.98717464399162 0.05 3693.3828247569218 0.14672244326467693 129.99842916082048 0.14672244326467693 1.9121022434237764 0.14437331100278158 1.752279291355129 0.01818380281327023 30.56376746222813 4.929303825686579 2388.042259823063 0.009342547862865506 84.05349709912231 0.009342547862865506
101 25.75204170940324 3.8301099134230028 0.05 0.916801622674117 0.0742553071679768 0.31801376166292106 0.10280441273811428 1737.7935277044844 0.05 67.48177668064032 0.05 3742.578335731733 0.14850721586664842 145.33132471454283 0.14850721586664842 2.15363809110018 0.1519708841014028 1.7438355372146546 0.018595469546211402 27.49741487310377 4.54119874794784 2207.3013676670357 0.009546522106359272 85.71364525481681 0.009546522106359272
102 12.207613611245916 1.8262024681164404 0.08936827665997606 0.3937623312923937 0.09311094337770345 0.371555839790491 0.14501896856745208 722.2089426669945 0.05 59.16053420970665 0.05 329.17449365559634 0.2363596248947567 26.964688114993557 0.2363596248947567 0.455788448755579 0.23635700636463608 1.7793749962472742 0.0173985286104731 11.427639144589637 1.9127126010081146 933.1644997393272 0.014550597983090949 76.44118903629747 0.014550597983090949
103 1.4837171777807912 0.6704406051148323 0.32435954936818345 0.2924901547062051 0.33539279859919735 0.4395247177878839 0.4337121363142377 41.8706174211059 0.05 28.22007997759529 0.05 66.67940707081034 0.8235620115096969 44.94077986651291 0.8235620115096969 1.5925107193952905 0.8648037780968016 2.318789035967081 0.06511896986047151 0.6625261367330413 0.03629155963627943 15.580230742296107 0.240091547358243 10.50080903262143 0.240091547358243
104 1.5277879850416067 0.5881515679645056 0.24943499444216308 0.18368252149915312 0.371438725431073 0.2547041583374385 0.5692084901255039 46.14388169971795 0.05 30.203066231379808 0.05 23.06926934923259 0.7638540226267297 15.099784508780738 0.7638540226267297 0.49994210498709735 0.7958509587571766 1.314631204192455 0.05625793946846443 0.7301427859846557 0.21760237183810655 110.71412018970895 0.03178966155334847 72.4669399639858 0.03178966155334847
105 4.744956915081144 1.2095870892427873 0.1765202347571211 0.1892636988010548 0.2169978164813958 0.31680698113538236 0.3783286701717185 157.83538741880065 0.05 33.263818880450565 0.05 50.37101530287191 0.4999037272734122 10.615694979816377 0.4999037272734122 0.3191363871348913 0.5042760311506316 1.6926515973389333 0.03463324989172971 2.4974568619510986 0.33279997034270564 156.8695825315369 0.03788276648345479 33.06027543326055 0.03788276648345479
106 9.56336517559698 1.7199275501213858 0.09270215459827381 0.801644777786118 0.1089146984864247 0.3883374136129395 0.17153568926789214 601.1612511156284 0.05 62.86084867381442 0.05 1284.9404596596692 0.28378202296533184 134.36070212381685 0.28378202296533184 2.1374306099654476 0.2858531441509726 1.7112952474441763 0.03829389119755095 9.512280118645153 1.7296027561574867 850.4517806046553 0.014286898897391587 88.92808807246733 0.014286898897391587
107 17.319827253500524 1.875246572477615 0.05 1.1691038712355444 0.05816659256276912 0.5541774971754907 0.11354218447878499 722.5531403793027 0.05 41.71826484200452 0.05 2979.7065323829534 0.12015543143447098 172.04019929129043 0.12015543143447098 4.123857977862726 0.14205799217289983 1.2112486784593648 0.03144782120249184 11.43308622093631 0.32369355728614213 155.38964794659833 0.2122606947534147 8.971778163387421 0.2122606947534147
108 25.267262829534264 2.2731131185467994 0.05 1.3357515981004107 0.05296201250629067 0.45969759397049303 0.08359810541916315 804.8276718637975 0.05 31.85258637999581 0.05 4714.996436035996 0.1303740483512376 186.60495471336753 0.1303740483512376 5.858392548950435 0.15040863746760638 1.1545405892438667 0.02678353799012007 12.734929971384883 0.2921410041447632 144.87649001702766 0.24420992059636976 5.733762734588141 0.24420992059636976
