plotting_scripts/clumpdata/GMC104_12_physprop_add.txt
# %ECSV 0.9
# ---
# datatype:
# - {name: # # # _idx, datatype: int64}
# - {name: area_pc2, unit: pc2, datatype: float64, description: projected area of structure}
# - {name: rad_pc, unit: pc, datatype: float64, description: equivalent radius in pc}
# - {name: e_rad_pc, datatype: float64, description: frac error in radius}
# - {name: vrms_k, unit: km / s, datatype: float64, description: rms linewidth in km/s}
# - {name: e_vrms_k, datatype: float64, description: frac error in linewidth}
# - {name: axratio, unit: '', datatype: float64, description: minor to major axis ratio}
# - {name: e_axratio, datatype: float64, description: frac error in axis ratio}
# - {name: mlumco, unit: solMass, datatype: float64, description: CO-based mass with alphascale=2.4 from GMC104_12CO_3p5as.pbcor.fits.gz}
# - {name: e_mlumco, datatype: float64, description: frac error in luminous mass}
# - {name: siglum, unit: solMass / pc2, datatype: float64, description: average surface density from mlumco}
# - {name: e_siglum, datatype: float64, description: same as e_mlumco}
# - {name: mvir, unit: solMass, datatype: float64, description: virial mass}
# - {name: e_mvir, datatype: float64, description: frac error in virial mass}
# - {name: sigvir, unit: solMass / pc2, datatype: float64, description: virial surface density}
# - {name: e_sigvir, datatype: float64, description: same as e_mvir}
# - {name: alpha, unit: '', datatype: float64, description: virial parameter}
# - {name: e_alpha, datatype: float64, description: frac error in virial parameter}
# - {name: 8um_avg, unit: MJy / sr, datatype: float64}
# - {name: e_8um_avg, datatype: float64}
# - {name: flux12, unit: Jy km / s, datatype: float64, description: 12CO flux within the structure}
# - {name: flux13, unit: Jy km / s, datatype: float64, description: 13CO flux within the structure}
# - {name: mlte, unit: solMass, datatype: float64, description: LTE mass using H2/13CO=3000000.0}
# - {name: e_mlte, unit: '', datatype: float64, description: fractional unc in mlte}
# - {name: siglte, unit: solMass / pc2, datatype: float64, description: LTE mass divided by area in pc2}
# - {name: e_siglte, unit: '', datatype: float64, description: 'fractional unc in siglte [same as e_lte]'}
# schema: astropy-2.0
# # # _idx area_pc2 rad_pc e_rad_pc vrms_k e_vrms_k axratio e_axratio mlumco e_mlumco siglum e_siglum mvir e_mvir sigvir e_sigvir alpha e_alpha 8um_avg e_8um_avg flux12 flux13 mlte e_mlte siglte e_siglte
0 1.8215933667803774 0.6138902300080662 0.29104980335297465 0.21980460844574076 0.33761158480112213 0.7380458572797365 0.6010960925332312 16.145413729954473 0.14537111666236935 8.863346795388866 0.14537111666236935 34.48047377089051 0.7118288263271016 18.92874359321692 0.7118288263271016 2.135620328323896 0.7552621392996127 1.331056438146099 0.017644099119505527 0.2554717049976108 0.0006747534979158664 1.3745690423397758 4.675756040742973 0.7545970837439387 4.675756040742973
[from data line 109]
110 1.2339826033028363 0.5034134477281826 0.26851891278042056 0.1734381583618723 0.40424050031218883 0.7632659676966436 0.6322432592949937 8.172949262593487 0.12622884895037484 6.623228918072303 0.12622884895037484 17.604473252658597 0.8620819326198584 14.266386904919937 0.8620819326198584 2.153992724906779 0.9614948600426815 1.9811561476616633 0.027881578823769706 0.12932201597114262 0.009061941902466094 4.5130090332978465 0.7404268781185989 3.657271197518084 0.7404268781185989
111 1.7922128286065004 0.6350578233933372 0.16629673477849186 0.24000139051526048 0.3300759427722329 0.6826978676704899 0.44815632410052697 71.27975910265388 0.05 39.7719277336476 0.05 42.52552676482245 0.6446503130239519 23.72794463137915 0.6446503130239519 0.596600315435678 0.6587730813921492 1.7609184228005956 0.03016841307470309 1.127872303018857 0.11196357240840174 49.71857912762728 0.08650104977239575 27.741448076947968 0.08650104977239575
112 6.830975125426415 1.1677886260127726 0.09967511080592595 0.38477532199960635 0.13951724016701478 0.6827523892945477 0.19442704631946775 65.61339048510568 0.05643359554066018 9.605274397922779 0.05643359554066018 200.99607519286158 0.307916943979843 29.42421418645038 0.307916943979843 3.0633392621051634 0.35273018160999686 1.0154775284951734 0.016861103090328313 1.0382122362980803 -0.031992651297752264 -11.379116563692202 -0.9563804486504377 -1.6658114478175436 -0.9563804486504377
113 2.526726282953427 0.7854650580108963 0.15928942569705568 0.2734746163625667 0.23025898852501936 0.22766984583602543 0.3260215033591793 133.06171320297838 0.05 52.661704633651844 0.05 68.2919995767339 0.41218386032909077 27.027858156804026 0.41218386032909077 0.5132355350975992 0.42509695893289173 1.5578009832737059 0.012045576070997786 2.1054589918808135 0.43156116678752293 210.35006066058688 0.027174598540457093 83.25003862892262 0.027174598540457093
114 0.9842480288248814 0.47734863880975303 0.31465090685931113 0.22275183186060493 0.3289773037289196 0.7966049054709051 0.7495505756189678 40.274201405038845 0.05 40.91875241357936 0.05 27.535132619467237 0.8004221346328273 27.97580672052971 0.8004221346328273 0.6836915856517076 0.8161015504765917 1.9931577568623557 0.05136752258700481 0.637265823840151 0.08255074652132828 38.2743445647323 0.08680764604870592 38.88688973086287 0.08680764604870592
115 0.8079647997816192 0.43417605155404937 0.3155505467428746 0.18903130378587682 0.5153764222744223 0.5523864326260052 0.8568671909571531 27.443222843398782 0.05 33.9658644173809 0.05 18.036083608089932 1.147874287044262 22.32285814055862 1.147874287044262 0.6572144864694107 1.1808521148028832 1.8449872905557805 0.03362905788205826 0.43423891989679214 0.03330582328984879 14.996293964247414 0.19027006972198088 18.560578342398937 0.19027006972198088
116 3.7900894244301404 0.7623015292054754 0.1060284782056708 0.6559413618519103 0.1332865260530619 0.6509342228639242 0.21266739213657215 90.09701265891101 0.05 23.771737964324565 0.05 381.2990654823823 0.2697428671376558 100.60423984315689 0.2697428671376558 4.232094430543476 0.33795052955164645 0.9988644804603369 0.01312103448917991 1.4256209000363793 0.051562317647498045 24.11178959312704 0.43728215764946493 6.361799655097154 0.43728215764946493
117 8.344072841381085 1.2655687455788698 0.05065594694035285 0.9764459731525986 0.0818012702017194 0.8078373308637441 0.11492055779391519 438.87215906690506 0.05 52.596875340108404 0.05 1402.7849375282972 0.17046242090736022 168.11753255213824 0.17046242090736022 3.1963406849748375 0.20154036753962884 1.2727864591378562 0.052117985490428294 6.944351413630585 0.22714716014091327 104.29649606554611 0.21537331209680705 12.499470947605401 0.21537331209680705
118 3.0849565082570907 0.7466363178990825 0.1801303274037915 0.5456060074766916 0.1710757530063933 0.7529039159891774 0.3717577018698938 45.41554711114463 0.07662300207088885 14.721616654752477 0.07662300207088885 258.39036396655365 0.3926193741769779 83.75818695497155 0.3926193741769779 5.689469364625283 0.4431309192367356 1.771665344351814 0.01503659029573535 0.7186181737945773 0.03214019262311184 16.763334591946975 0.6234470623078443 5.433896571014469 0.6234470623078443
119 2.335752784823226 0.7293732757255048 0.15389868198713583 0.2597572950321793 0.2553429134400878 0.2947338657202782 0.3358801031576998 37.9013750614647 0.05 16.226620945389623 0.05 57.212940407747496 0.49245943344544496 24.49443313500212 0.49245943344544496 1.5095214966466313 0.5214547387881151 2.215436277149608 0.01630542933409566 0.5997201306324692 -0.00034658762724114583 0.10609904889195984 49.32770149301437 0.04542392053703133 49.32770149301437
120 1.3074339487375288 0.5404074246233898 0.25509804000493047 0.1644355292606319 0.41158650707458017 0.6050952814468111 0.7000349954035354 32.86239480284501 0.05 25.135032507437383 0.05 16.987189973000543 0.752499379444394 12.992771060751132 0.752499379444394 0.5169188087147533 0.7855009974169157 1.9985106165489455 0.021370886225816704 0.5199874144339269 0.0015366177541502302 0.7006149968286094 4.819876061084268 0.5358702804873089 4.819876061084268
121 1.057699374259574 0.4567541689068624 0.19731121157009865 0.5363488988017064 0.26772371823461394 0.6368737432903573 0.4442676938374481 62.86590193580836 0.05 59.436455637327626 0.05 152.75175972160554 0.5757269989130057 144.41888067536868 0.5757269989130057 2.429803041362209 0.5978509888626208 2.227522290415234 0.04022048068594462 0.9947382325881616 0.08171740667320873 35.860156657560644 0.13592664064485155 33.903921596497106 0.13592664064485155
122 4.377700187907681 0.9902771663866232 0.15863138793045128 0.6157450850884223 0.19919816242986382 0.3041755579967527 0.3247144742490382 32.65985543645969 0.08925111330755979 7.460505296062643 0.08925111330755979 436.4832564277741 0.5006085526689464 99.70606430139999 0.5006085526689464 13.364518936005698 0.5419608947994068 1.9299192044558942 0.008601720957539465 0.5167827006707023 0.0023974273552029787 2.5108431205246147 4.13027667644496 0.573553010199328 4.13027667644496
123 32.215760107656195 3.2371861722891095 0.05 0.8807267242778409 0.05252141188015607 0.34046382987246115 0.08002675947149794 780.2426882488246 0.05 24.219285394523318 0.05 2919.167002446966 0.1114001566794966 90.61301029967674 0.1114001566794966 3.7413577165314287 0.14761010355089285 1.5588632402928844 0.012583385048066558 12.345918013714163 0.3441986099455612 155.5972707917914 0.1996084939562381 4.829849436171246 0.1996084939562381
124 1.2927436796505904 0.47260977180891894 0.21361017094781048 0.4266786676550538 0.2841783046635239 0.8716720648362279 0.3880400752431879 15.840497904475457 0.11490812681406659 12.25339419857532 0.11490812681406659 100.02613156205983 0.5551670414645652 77.37506911586325 0.5551670414645652 6.314582544390804 0.6591083730516631 1.6174198334867305 0.054007835801149116 0.25064697680161147 0.03305703172159757 15.23561112619635 0.36642833501331845 11.78548490781584 0.36642833501331845
125 1.3515047559983446 0.5608524468873266 0.2868078726894757 0.18020467637743653 0.4614417435635745 0.3607299839330711 0.6453035565160171 23.14005857123258 0.05 17.121699696971636 0.05 21.17335349637746 0.948760763104042 15.666503134675905 0.948760763104042 0.9150086388588444 0.9881190123213095 1.9405172169208527 0.020290695294402434 0.3661492356841843 0.006299482581623742 2.752196843548399 1.3076938698919074 2.0363944938657474 1.3076938698919074
126 23.35752784823226 2.6808038740950884 0.05 0.8630224470880491 0.05831110282100121 0.44930441319046394 0.09713554424200264 592.2337503418925 0.05 25.35515548520319 0.05 2321.229822232204 0.14630998728240452 99.37823203357023 0.14630998728240452 3.919448732687345 0.1813342065985834 1.5927344254727633 0.013579726145841409 9.371017835243507 0.2984247350623402 132.9310445374083 0.18606442301809914 5.691143574831219 0.18606442301809914
127 1.7628322904326235 0.6072630772743146 0.2388520429467361 0.31071028359433334 0.3102343863804634 0.6009187304429983 0.48485425290226647 7.711420061207999 0.15458724153267564 4.374449063056083 0.15458724153267564 68.15489393473636 0.7518650875966073 38.66215425292114 0.7518650875966073 8.838176807095094 0.793541844115605 1.9762523223956425 0.025598555727719633 0.12201915442355989 0.0028078592573181982 1.2685601418918309 2.905257817411702 0.7196147635692041 2.905257817411702
128 11.913808229507145 1.6574153111619654 0.06490171521650462 0.6683137247764125 0.08203072853009866 0.4411991979162377 0.14831785677654566 372.66984894594464 0.05 31.28049753419284 0.05 860.5993668035456 0.20120386204950372 72.23545571869148 0.20120386204950372 2.309280907048573 0.2355760726036787 1.6484398151002595 0.013136616262035081 5.89682044131004 0.24881322004609863 108.48599784629823 0.15440936260464014 9.10590432181114 0.15440936260464014
129 2.512036013866488 0.6655394628148263 0.16919215183855602 0.5866465618205347 0.21225265449620953 0.7219349561690606 0.24324012026067543 65.2931233870739 0.052029528728805265 25.992112782879936 0.052029528728805265 266.27830687531076 0.4521374439849538 106.00099099115191 0.4521374439849538 4.078198331802058 0.5001861759933804 1.1240976574825265 0.01325433372805349 1.0331445483972794 0.02905102145065364 13.827775504015376 0.6784608319458221 5.504608782551597 0.6784608319458221
130 4.010443460734218 0.9488173309106949 0.10351083382295233 0.43658260255221465 0.16371977609276378 0.6539759065396925 0.26638994955531714 148.57817242629326 0.05 37.04781625299165 0.05 210.24437016249846 0.3358188594831158 52.424219969930114 0.3358188594831158 1.4150421069877985 0.36915188684955935 1.6570376616257887 0.017892104432893834 2.3509784852269413 0.1127167952627407 48.23244290702042 0.17834691879262804 12.02671060675923 0.17834691879262804
131 2.5414165520403653 0.6566300241202686 0.23737828990147108 0.49844677221310574 0.20487231969880454 0.7357968491976811 0.35657617439685835 18.526345388407663 0.09654543831101343 7.289771278751555 0.09654543831101343 189.6562801811878 0.49991859591785354 74.62620798189226 0.49991859591785354 10.237112404255395 0.5779636028454781 2.308344628769538 0.0245916884723305 0.29314562775179437 0.00887687877265544 4.2602243432530065 1.3241319184582554 1.676318799384817 1.3241319184582554
132 9.328320870205966 1.3181834445438905 0.07674919315001094 0.567173907449821 0.08471855143344016 0.6665636942892875 0.14316711383684635 442.91657961792833 0.05 47.48084738729071 0.05 492.96632669434274 0.19537385789150746 52.84620174986093 0.19537385789150746 1.1130003919013116 0.2644368483995098 1.6801934058271994 0.02979135994689997 7.008346830034836 0.3174095854956926 149.9752109641157 0.20236668947532038 16.07740696861388 0.20236668947532038
133 3.452213235430554 0.7981111062020317 0.16859992376170901 0.4739367687151802 0.18081456301650986 0.6779596374172613 0.30615654344246257 33.201132348176984 0.07682026549768026 9.617346926148436 0.07682026549768026 208.40737155724932 0.365519113280514 60.36920588170363 0.365519113280514 6.277116375782063 0.39262006661223586 1.6208613791364304 0.020382861183631685 0.5253473450554604 0.032690854773449365 15.406700399566828 0.4894293212495443 4.462847266051146 0.4894293212495443
134 10.826728317073695 1.718928517435128 0.08969456377565127 0.530294446255972 0.1261581952832513 0.38374945225203283 0.1921512102902615 132.73657190621887 0.05 12.26008153330069 0.05 561.9541590933362 0.2645126711030055 51.90433736174366 0.2645126711030055 4.233604582543901 0.29635527763639335 2.4948440471530122 0.013571667438874651 2.100314114419707 0.051951226972994625 23.88619355009422 0.5567587463182372 2.2062245260579614 0.5567587463182372
135 3.5109743117783077 0.9590251357634006 0.1595456021538837 0.4471199399750904 0.2528546739992702 0.4851465114308359 0.3515547987028004 75.83419497653243 0.08006110026010738 21.59918821454505 0.08006110026010738 222.88815136623097 0.5806992541409554 63.483276029250746 0.5806992541409554 2.939151018023013 0.5956341264984822 1.4685712693625415 0.026471922178965372 1.1999378352439654 0.0002851282447147138 1.174688345504966 9.29002237946951 0.33457617207970586 9.29002237946951
136 1.6012393304762993 0.5714514055095186 0.22698904599250377 0.30939511540506764 0.2983160224598412 0.5705656566119115 0.4799304895301264 37.615272947968215 0.05 23.49134962652916 0.05 63.59385124847971 0.7181366686452294 39.71539421877883 0.7181366686452294 1.6906391012088808 0.7610088679695791 1.718700002092834 0.016771793116545575 0.5951930624821861 0.04458363503800359 19.385237709098245 0.2414951541383573 12.106396177098633 0.2414951541383573
137 3.775399155343202 0.8700644417702565 0.13091063911521542 0.3843037182475547 0.18283202446622163 0.5171676613525192 0.30468932169490215 62.469676680114745 0.05 16.546509152999995 0.05 149.38586577157392 0.37674015738337485 39.56823096708936 0.37674015738337485 2.39133406334927 0.44533408698555776 1.5518807938126737 0.03625871658238492 0.9884686598948006 0.0017257922409862822 1.1673667867997548 7.0122084782594545 0.30920354080908713 7.0122084782594545
138 8.549736608598222 1.349305902822456 0.07640378488615986 0.5566469138139253 0.14873099164738354 0.7393783255433417 0.15877253895899174 102.36998468229315 0.05 11.973466478410883 0.05 486.0477611038755 0.3150555244889502 56.84944266178579 0.3150555244889502 4.74795187878881 0.32331640059823485 2.3977152404096937 0.021713561795736643 1.6198183548932181 -0.006572168237014987 -1.8349415284399209 -6.7949563398917565 -0.21461965583765158 -6.7949563398917565
139 1.028318836085697 0.4726561152913552 0.3380511863812968 0.1584923945002984 0.5518151857343176 0.6915798141827683 0.7390436559121571 9.47451153596909 0.09124528281164275 9.213593297613691 0.09124528281164275 13.802922524456077 1.1151004406467036 13.422804328856799 1.1151004406467036 1.4568479305824458 1.1763527415358253 2.3266315698623656 0.04568205392526862 0.14991685538113037 -0.0017527122935879133 -0.7914003558363718 -3.784500498623501 -0.7696060094054514 -3.784500498623501
140 1.0136285669987584 0.465225310862015 0.3334534349638227 0.1645458754528232 0.5162871719672545 0.7762703243652328 0.7525318140640938 9.230830992784353 0.09276144429740145 9.10671945653211 0.09276144429740145 14.643545856805758 0.9436207971370583 14.446658602138328 0.9436207971370583 1.5863735202445446 0.9992570475058566 2.5514070469400156 0.01820158602501037 0.1460610670033998 -0.002416953321526365 -0.9723533843418491 -2.8243100783096695 -0.9592797756488647 -2.8243100783096695
141 1.4396463705199756 0.5295473692771164 0.3002686088268533 0.2225495780691715 0.34663939214175615 0.8021121577744563 0.4639072069654579 8.441353812435336 0.13956271272066056 5.863491191511471 0.13956271272066056 30.490691992587532 0.732587473752496 21.179292788113525 0.732587473752496 3.612061841036722 0.8324156474046497 2.4783500189683876 0.025458338579142 0.13356902306119664 -0.00752660984909139 -2.9970946529132116 -1.25401672587584 -2.081826977989541 -1.25401672587584
