plotting_scripts/clumpdata/GMC1_12_physprop_add.txt
# %ECSV 0.9
# ---
# datatype:
# - {name: # # # _idx, datatype: int64}
# - {name: area_pc2, unit: pc2, datatype: float64, description: projected area of structure}
# - {name: rad_pc, unit: pc, datatype: float64, description: equivalent radius in pc}
# - {name: e_rad_pc, datatype: float64, description: frac error in radius}
# - {name: vrms_k, unit: km / s, datatype: float64, description: rms linewidth in km/s}
# - {name: e_vrms_k, datatype: float64, description: frac error in linewidth}
# - {name: axratio, unit: '', datatype: float64, description: minor to major axis ratio}
# - {name: e_axratio, datatype: float64, description: frac error in axis ratio}
# - {name: mlumco, unit: solMass, datatype: float64, description: CO-based mass with alphascale=2.4 from GMC1_12CO_3p5as.pbcor.fits.gz}
# - {name: e_mlumco, datatype: float64, description: frac error in luminous mass}
# - {name: siglum, unit: solMass / pc2, datatype: float64, description: average surface density from mlumco}
# - {name: e_siglum, datatype: float64, description: same as e_mlumco}
# - {name: mvir, unit: solMass, datatype: float64, description: virial mass}
# - {name: e_mvir, datatype: float64, description: frac error in virial mass}
# - {name: sigvir, unit: solMass / pc2, datatype: float64, description: virial surface density}
# - {name: e_sigvir, datatype: float64, description: same as e_mvir}
# - {name: alpha, unit: '', datatype: float64, description: virial parameter}
# - {name: e_alpha, datatype: float64, description: frac error in virial parameter}
# - {name: 8um_avg, unit: MJy / sr, datatype: float64}
# - {name: e_8um_avg, datatype: float64}
# - {name: flux12, unit: Jy km / s, datatype: float64, description: 12CO flux within the structure}
# - {name: flux13, unit: Jy km / s, datatype: float64, description: 13CO flux within the structure}
# - {name: mlte, unit: solMass, datatype: float64, description: LTE mass using H2/13CO=3000000.0}
# - {name: e_mlte, unit: '', datatype: float64, description: fractional unc in mlte}
# - {name: siglte, unit: solMass / pc2, datatype: float64, description: LTE mass divided by area in pc2}
# - {name: e_siglte, unit: '', datatype: float64, description: 'fractional unc in siglte [same as e_lte]'}
# schema: astropy-2.0
# # # _idx area_pc2 rad_pc e_rad_pc vrms_k e_vrms_k axratio e_axratio mlumco e_mlumco siglum e_siglum mvir e_mvir sigvir e_sigvir alpha e_alpha 8um_avg e_8um_avg flux12 flux13 mlte e_mlte siglte e_siglte
0 140.87968054374048 5.1373175646552465 0.05 1.0076354327918562 0.05 0.5315383857166702 0.02870097608158326 10971.091226303703 0.05 77.87561118792703 0.05 6063.902218842126 0.0622650087949481 43.04312868568295 0.0622650087949481 0.5527164156928746 0.08073746361559236 1.2948992443407912 0.00767123164274342 173.59750297500972 11.898655682855754 6052.785450167005 0.01346977163076013 42.964219018708874 0.01346977163076013
[from data line 37]
38 6.360886514644383 1.22654696281146 0.13118272436393041 0.29756496881434075 0.17534939468774094 0.24934876305724638 0.21138959231152515 91.59540605515895 0.05 14.399786231727758 0.05 126.25735910445569 0.3685259687014854 19.84901928587769 0.3685259687014854 1.378424579813787 0.40118468396201756 1.1996477440378133 0.01810212179804245 1.4493301181753677 0.006542154037076753 4.405669617461674 2.1824360817720563 0.6926188051490463 2.1824360817720563
39 17.584252097065416 1.6236267621810174 0.0712522647365391 0.43319404604996153 0.07670629141871267 0.44817604016198825 0.11163766050180188 286.1386964252777 0.05 16.272440524953037 0.05 354.2093936685137 0.19474532209232204 20.143557525976703 0.19474532209232204 1.237894063590983 0.2609165922894083 1.1735638399968669 0.016727908184445993 4.527622755017725 0.04339076888868906 22.63321579969114 0.7788337272543671 1.2871298520264236 0.7788337272543671
40 2.086018210345271 0.6387302560769188 0.21237893082439338 0.22424957295511241 0.3180645197466054 0.4956426457904466 0.4065135173787647 13.002005221015693 0.10996197652574503 6.232929874022357 0.10996197652574503 37.34131893922715 0.6581314352068808 17.900763643403923 0.6581314352068808 2.8719661547951687 0.7766878844014996 1.3494296082308594 0.027289414585508105 0.2057330129509165 -0.005730393222413333 -2.298656471374636 -1.8615046117791894 -1.101934997486992 -1.8615046117791894
41 9.07858629572801 1.3497337452900038 0.08050459574353458 0.45244709681376316 0.11172247766543242 0.6146762272195782 0.18146202013593965 97.62047930781226 0.05 10.752828262892454 0.05 321.21264475856606 0.25603411859633485 35.38135060848789 0.25603411859633485 3.290422737484556 0.29431448785122905 1.1971411348160803 0.011370043341597096 1.5446660160477843 -0.010687989326284777 -2.285049571377077 -5.382394402132221 -0.25169662951293664 -5.382394402132221
42 126.90923464206195 7.1811193313116375 0.05 0.6604245280990031 0.05 0.4973414041735615 0.05126624363592134 10247.09723374141 0.05 80.74351139727999 0.05 3641.2244330823214 0.06859735552803803 28.691564040647823 0.06859735552803803 0.3553420398015333 0.0731521372932038 1.4896532465757795 0.017602007084225404 162.14161488698085 16.48974315096203 7922.193843827566 0.006429684986329572 62.4240928264324 0.006429684986329572
43 114.62816968538134 7.051572465410464 0.05 0.6440866393901846 0.05 0.4945611308668772 0.05101046863784749 9126.844592680685 0.05 79.62130615651488 0.05 3400.8186196652296 0.07579555639178377 29.66826242623797 0.07579555639178377 0.3726171279822746 0.07609637853510426 1.5007611617329455 0.019130455617262485 144.41565764778417 15.507845122000784 7486.955767843901 0.006313007943927804 65.31514712651581 0.006313007943927804
44 3.4081424281697386 0.871607896812913 0.16423568677126624 0.2651029127532136 0.22009460479771217 0.4168984097547218 0.2939549876733781 57.45362705963253 0.05 16.85775411988478 0.05 71.21296540907784 0.45577713486490773 20.89494993532916 0.45577713486490773 1.2394859829330558 0.5101972309830398 1.2117107202266824 0.028495758739136286 0.909098790650781 0.00019155080591843642 1.0056253273173898 7.051810486812673 0.2950655227919676 7.051810486812673
45 25.03221852414325 2.9628373780897843 0.0536760304401728 0.5361779804743462 0.06236360395071411 0.23926707142006534 0.13712461818016555 775.7302206042593 0.05 30.98927168025789 0.05 990.2268080318992 0.14848436885385477 39.55809218734801 0.14848436885385477 1.2765092576392816 0.15758546173183205 1.3738413716146085 0.013896863569011824 12.274516265594519 0.4959051611654439 216.13683386819108 0.08856508313103137 8.634345919428991 0.08856508313103137
46 80.56143567277088 6.346293289027333 0.05 0.6014230232178488 0.05 0.5343882189292536 0.07674646598062393 6151.000830365398 0.05 76.35167843023416 0.05 2668.634849679689 0.08626304155045378 33.12546291403377 0.08626304155045378 0.43385376189603925 0.08893995427996246 1.5429265878002283 0.025652502980174602 97.32836862652952 11.777225780129637 5790.175577307134 0.006458112543001012 71.8727953263644 0.006458112543001012
47 1.2633631414767135 0.5335619977795648 0.31894696660035543 0.24083253677247163 0.300493940017084 0.6398949711894545 0.6078394512019991 9.139430247372585 0.09716466055290739 7.234206814589933 0.09716466055290739 35.976932061340236 0.7724670733547307 28.47711072153625 0.7724670733547307 3.9364523922793686 0.7874677533189913 1.1827254932980205 0.01397682528596308 0.14461481279851385 0.004276341131201623 1.9521551279976046 1.5157590742136402 1.5452050672586344 1.5157590742136402
48 1.1017701815203897 0.47786517724338007 0.2829721726274699 0.14154169934723917 0.4076119295575235 0.8640320007697113 0.6630436224789334 11.428469198366058 0.0818933886890308 10.37282492306637 0.0818933886890308 11.129691088316344 0.8156880690458376 10.101644857512758 0.8156880690458376 0.9738566815149284 0.9679874957590603 1.0766799306869508 0.015127163447990399 0.180834665926727 0.00592485541189798 2.6187445782992405 1.1380246862100607 2.3768519263114376 1.1380246862100607
49 1.8362836358673158 0.5921800172964822 0.1880123536331514 0.24794663388377558 0.306716373066589 0.8186709765534372 0.40875482553617026 16.56032250294651 0.09081155406662055 9.018390285400935 0.09081155406662055 42.32325852815249 0.6874556367362126 23.04832309207086 0.6874556367362126 2.555702554743248 0.8144035015664911 1.2013814563751222 0.032182041653860106 0.26203688045225504 0.021230008019472533 9.824702999534418 0.4790749339682575 5.350318876470302 0.4790749339682575
50 16.173986264719318 2.36538711206906 0.07062744884896048 0.5686562689280334 0.0752258492690482 0.38419474513515317 0.10928062369797152 497.30303582557156 0.05 30.747091513880527 0.05 889.2232392683221 0.1840959805427287 54.97860729658247 0.1840959805427287 1.78809131497081 0.19664942079723347 1.3937601541844853 0.01754052556835443 7.868912983625754 0.3046282544660053 130.98465493423896 0.10831397662980781 8.098476948750646 0.10831397662980781
51 9.901241364596569 1.837960737116791 0.09365651265135716 0.5273645146528141 0.14855630335287426 0.637245176962464 0.21822481145897563 279.26168998391177 0.05 28.20471491407688 0.05 594.2469377205712 0.28765887901178033 60.01741759830173 0.28765887901178033 2.127921440834959 0.2886561580242219 1.4438730641005655 0.01635270548767733 4.418806796001138 0.16578526375759428 71.06622567093783 0.14470387144574498 7.17750664326255 0.14470387144574498
52 7.095399968991308 1.4093963369415612 0.07528941224570135 0.5536844130394497 0.17952452422451248 0.6545828679058112 0.24351315052456118 213.25371439793514 0.05 30.055206941103783 0.05 502.3040147864586 0.36184925071307306 70.79291047462499 0.36184925071307306 2.3554291478794624 0.3610417301495586 1.421490826715347 0.018856926201247463 3.3743507857446193 0.1264452639919435 54.25748384541313 0.1636135471299817 7.646853465982475 0.1636135471299817
53 109.44250469769204 4.982953994722565 0.05 1.072553596322034 0.05 0.2958524638375728 0.033339410853390136 5620.051646122057 0.05 51.35163583514527 0.05 6663.981763810668 0.05902137186871613 60.8902526693653 0.05902137186871613 1.1857509829841053 0.06776646397903434 1.2306739039869117 0.005920875952184113 88.92707117862088 2.3852867569540828 1100.403879787116 0.061987089027153844 10.054629897467265 0.061987089027153844
54 96.83825382109877 4.835033750865315 0.05 1.0512526665821451 0.05 0.2993097213000115 0.04266395155383938 5321.44260111269 0.05 54.9518644867724 0.05 6211.87411979219 0.0634234227564833 64.14690346717889 0.0634234227564833 1.1673289717516289 0.07476199605396185 1.234625208905889 0.006172572372085202 84.20211630516832 2.43144335193977 1108.4499610944154 0.056167394120861636 11.446405912504282 0.056167394120861636
55 1.3074339487375288 0.5540440980790727 0.29189919761143956 0.09953020844968039 0.05433770089045068 0.7940301775183728 0.6220731486536871 8.615896657211186 0.10254265886442988 6.589928818607457 0.10254265886442988 6.380622863444978 0.3216306199689481 4.88026402374374 0.3216306199689481 0.740563996679862 0.4571930876295486 1.4237847582677776 0.032626864220467615 0.1363308446502316 -0.007988234323502099 -3.2326236301937143 -0.8394125448411656 -2.4724947928078262 -0.8394125448411656
56 39.1201865785173 3.622239023272286 0.05236336267817479 0.6825048195459601 0.058873203470225566 0.4275214998256421 0.1166620122625427 3197.492965839093 0.05 81.73511543513405 0.05 1961.5413407418116 0.1302869035239349 50.141410670545845 0.1302869035239349 0.613462284889518 0.13401632107176953 1.7070929265496788 0.04266356223690898 50.59449018150263 6.747834900642678 3361.2318612171825 0.007926339171166153 85.92065005801865 0.007926339171166153
57 23.607262422710214 2.507521607371705 0.08386033573576913 0.6632779847688782 0.06369050633650608 0.7386531765141137 0.18263448629871828 2035.8991548909485 0.05 86.24037461168776 0.05 1282.4627654543258 0.14151132333392138 54.324925206939504 0.14151132333392138 0.6299245040567936 0.16084192105206863 1.8652290545714592 0.058660150470151017 32.21438903656589 4.6561544034641384 2368.31990354738 0.008837939364355465 100.3216663220151 0.008837939364355465
58 19.729031383758443 2.144334032988171 0.08389010659684328 0.6586796097376881 0.07760854902540246 0.9139992544897702 0.13706808020563446 1836.964754289858 0.05 93.10972842803145 0.05 1081.5579475061952 0.14703541259056999 54.820630900134695 0.14703541259056999 0.5887744688516403 0.16063814967751056 1.9193411682047954 0.06657350510406966 29.066614318560912 4.232945692055584 2166.210549434677 0.009150028491634658 109.7981196997826 0.009150028491634658
59 2.6001776283881193 0.6472342802053395 0.20527808884222845 0.24195833372157932 0.29691227995298725 0.7477119885308496 0.4029232143908866 18.186702623148282 0.09187048483295793 6.994407776065065 0.09187048483295793 44.050576532732315 0.6055223362311992 16.941372024664247 0.6055223362311992 2.422131017673547 0.7592143880374858 1.272714433696984 0.01316025700403662 0.287771398884473 0.013838898381763812 6.21766056298344 0.9179244107283356 2.391244542334533 0.9179244107283356
60 8.09433826690313 1.462441003220958 0.07778558473678203 0.29100604529640306 0.14655318793410899 0.3900745467415044 0.18301333226092706 177.033487668641 0.05 21.8712737015837 0.05 143.9763941829769 0.293557817215202 17.787296433073564 0.293557817215202 0.8132720881173732 0.3188004755078427 1.2595231639062427 0.009339230604478239 2.8012317869525716 0.13093979119960114 58.36050580694255 0.20422054428190017 7.210040386571478 0.20422054428190017
61 4.260178035212173 1.0943238297205247 0.1846315250707907 0.12523661527499563 0.31460789942867223 0.5408117240139854 0.5179214234235872 149.25330420421236 0.05 35.03452272899646 0.05 19.9534232615645 0.7005345923470164 4.683706431196306 0.7005345923470164 0.1336883184459601 0.7200505297018809 1.322784270089248 0.010041292071539169 2.3616612654958673 0.23281109774614395 119.72811878260528 0.04441907353259014 28.10401767085829 0.04441907353259014
62 1.2486728723897749 0.5425039304516401 0.2886007999828535 0.13967547930769086 0.490463301156704 0.6907232912131426 0.6035575662166578 5.996867282785577 0.19781061817267906 4.802592748978731 0.19781061817267906 12.304164966488377 1.0346238052316876 9.853793766609208 1.0346238052316876 2.0517654278940496 1.1344653688658832 1.2683198886759142 0.016626801902529957 0.0948894810236899 0.01074155677662912 4.89332394134461 0.9459551837029612 3.918819772211046 0.9459551837029612
63 1.336814486911406 0.5417269734217828 0.2956230055768905 0.3402704485377352 0.5663472587890128 0.2869220865047603 0.6771806843812791 29.80798016359099 0.05 22.297768654841363 0.05 72.91851960206165 1.1458082316860942 54.546476205934574 1.1458082316860942 2.4462750982076975 1.1702425251071042 1.5011401700449514 0.025134578047400182 0.4716568971748995 0.0226046059357063 9.781993357183222 0.32707601301119077 7.317390298323045 0.32707601301119077
64 3.8488505007778944 0.980358265146674 0.10861590751205086 0.30626553924510197 0.19943767060060186 0.5012440969571333 0.28671117355525183 129.2338612907454 0.05 33.577261903164555 0.05 106.90302545534219 0.38952277228212806 27.77531250791267 0.38952277228212806 0.8272059999417323 0.4195781303150551 1.2721460629965513 0.019478581793593828 2.0448900776007686 0.08826529459551581 37.808542449364154 0.1796481070004842 9.823333600960245 0.1796481070004842
65 70.05789327560984 5.891655748768049 0.05 0.5843326304624716 0.06239909310244464 0.5630067447539402 0.05875261327067234 3830.5244216799697 0.05 54.67655738105872 0.05 2338.6571396289555 0.13069675309898604 33.38177941532739 0.13069675309898604 0.6105318442541819 0.12501553056604472 1.360743409658933 0.009743791579065748 60.61106077321585 5.005686847800235 2302.854487220642 0.01381328877775883 32.870735609492904 0.01381328877775883
66 9.416462484727596 1.6490712020746696 0.06962772179638986 0.6008075031573262 0.10075022928917325 0.2794632280480448 0.149912502494651 530.2324684857304 0.05 56.30909371175275 0.05 692.0205934065619 0.19716391493231644 73.49050607156761 0.19716391493231644 1.30512677841641 0.19913161015930245 1.326503610090235 0.015060094631971152 8.389961007557798 0.9665683441207633 443.2152267700749 0.02668438186765609 47.06812430771304 0.02668438186765609
67 2.3504430539101646 0.7116803748306058 0.14208955112321112 0.3379643750252736 0.2555943797497616 0.9303910718583837 0.2849629224785148 141.55128600283786 0.05 60.22323568629118 0.05 94.50085820132334 0.5106536649384463 40.20555105307189 0.5106536649384463 0.6676086164235114 0.5518683857180928 1.3389349021017551 0.024561419701026176 2.239790783521117 0.2927228986633449 137.54189504821758 0.04229490173326885 58.517433476809735 0.04229490173326885
68 5.949558980210104 1.0521442493622193 0.09901973571988645 0.3964527312230527 0.16956088016562418 0.6474350007846381 0.18983361623687933 100.15128203226006 0.05 16.83339594840411 0.05 192.25030151821704 0.3705226406197887 32.31337014351741 0.3705226406197887 1.9195990067934494 0.44134317230953973 1.3206382480668433 0.01158054574571328 1.584711349707373 0.06005666587690683 27.494066096306888 0.3439633545908193 4.621193972151522 0.3439633545908193
69 93.16568654936414 4.809411079286174 0.05 1.0310356157165677 0.05 0.29958933144211636 0.036579571088170316 5154.573911084825 0.05 55.32695675841617 0.05 5943.580516173049 0.06411144272336768 63.79581084312434 0.06411144272336768 1.1530692194347 0.07134621988848232 1.2356024720115415 0.006230629103936076 81.56173209595953 2.477535285941179 1123.3114025098769 0.05300604032805857 12.057136528636931 0.05300604032805857
70 1.806903097693439 0.6363519109566724 0.2187197693330645 0.17568997343262005 0.3673155238110928 0.5683155177116235 0.5691677518709823 40.166381288247614 0.05 22.229405295458893 0.05 22.834958280734604 0.7420874122118221 12.63762196759973 0.7420874122118221 0.5685092245891702 0.7923583587650488 1.279154842461997 0.014865393463725191 0.6355596704250801 0.020161587959798808 8.641590075191385 0.5793199939478275 4.7825420667121605 0.5793199939478275
71 5.49416063851501 1.1988041334707062 0.11777742460268596 0.6392052977991433 0.1294041556908814 0.3337440017032173 0.23451856072931107 268.1423446879166 0.05 48.80496991809681 0.05 569.4267679388619 0.2557323653098154 103.64217674071676 0.2557323653098154 2.123598824354288 0.2638366751211467 1.3049878194370372 0.015974383055511694 4.242863330172369 0.5082866155812322 235.0140191191455 0.034561389566740354 42.77523621563899 0.034561389566740354
72 11.531861233246744 1.5901404014053182 0.06466252261059499 0.4748954499768134 0.08584429616522588 0.4168789564104371 0.1521049959675204 721.7756484545778 0.05 62.58969249245511 0.05 416.90816885621535 0.18472829979127448 36.15272161394512 0.18472829979127448 0.5776146227001061 0.2120783616075295 1.3381387548082193 0.011483657748162233 11.420782417562323 1.3091569053058536 605.8870864560096 0.023260250571384523 52.54026858294277 0.023260250571384523
