plotting_scripts/clumpdata/GMC104_13_physprop_add.txt
# %ECSV 0.9
# ---
# datatype:
# - {name: # _idx, datatype: int64}
# - {name: area_pc2, unit: pc2, datatype: float64, description: projected area of structure}
# - {name: rad_pc, unit: pc, datatype: float64, description: equivalent radius in pc}
# - {name: e_rad_pc, datatype: float64, description: frac error in radius}
# - {name: vrms_k, unit: km / s, datatype: float64, description: rms linewidth in km/s}
# - {name: e_vrms_k, datatype: float64, description: frac error in linewidth}
# - {name: axratio, unit: '', datatype: float64, description: minor to major axis ratio}
# - {name: e_axratio, datatype: float64, description: frac error in axis ratio}
# - {name: mlumco, unit: solMass, datatype: float64, description: CO-based mass with alphascale=2.4 from GMC104_12CO_3p5as.pbcor.fits.gz}
# - {name: e_mlumco, datatype: float64, description: frac error in luminous mass}
# - {name: siglum, unit: solMass / pc2, datatype: float64, description: average surface density from mlumco}
# - {name: e_siglum, datatype: float64, description: same as e_mlumco}
# - {name: mvir, unit: solMass, datatype: float64, description: virial mass}
# - {name: e_mvir, datatype: float64, description: frac error in virial mass}
# - {name: sigvir, unit: solMass / pc2, datatype: float64, description: virial surface density}
# - {name: e_sigvir, datatype: float64, description: same as e_mvir}
# - {name: alpha, unit: '', datatype: float64, description: virial parameter}
# - {name: e_alpha, datatype: float64, description: frac error in virial parameter}
# - {name: 8um_avg, unit: MJy / sr, datatype: float64}
# - {name: e_8um_avg, datatype: float64}
# - {name: flux12, unit: Jy km / s, datatype: float64, description: 12CO flux within the structure}
# - {name: flux13, unit: Jy km / s, datatype: float64, description: 13CO flux within the structure}
# - {name: mlte, unit: solMass, datatype: float64, description: LTE mass using H2/13CO=3000000.0}
# - {name: e_mlte, unit: '', datatype: float64, description: fractional unc in mlte}
# - {name: siglte, unit: solMass / pc2, datatype: float64, description: LTE mass divided by area in pc2}
# - {name: e_siglte, unit: '', datatype: float64, description: 'fractional unc in siglte [same as e_lte]'}
# schema: astropy-2.0
# _idx area_pc2 rad_pc e_rad_pc vrms_k e_vrms_k axratio e_axratio mlumco e_mlumco siglum e_siglum mvir e_mvir sigvir e_sigvir alpha e_alpha 8um_avg e_8um_avg flux12 flux13 mlte e_mlte siglte e_siglte
0 28.61664418135625 2.658560954533718 0.07080496616139485 0.737841755247948 0.05765722056580905 0.5835423280332999 0.07014678225299206 1860.4954715330941 0.05 65.01445311834318 0.05 1682.6043028870745 0.12238726614089511 58.798099882839914 0.12238726614089511 0.9043850569013033 0.15303022389017604 1.516318893836509 0.027460964538203642 29.438948539267013 3.992906572567139 1889.7377198621673 0.014168234979733955 66.03631466659994 0.014168234979733955
[from data line 109]
110 0.6757523779991723 0.38813719109023376 0.33700438557441387 0.21652968729619013 0.6738556950181486 0.5694975371773875 0.7454437256469221 30.97586503873956 0.05 45.839076631081426 0.05 21.15578143276847 1.4584812478445865 31.307002567136188 1.4584812478445865 0.6829762915841179 1.536149467784912 2.2464321333429087 0.03523686345125982 0.49013660676418946 0.10678202222838004 54.629924910230784 0.04887604318292797 80.84311160248362 0.04887604318292797
111 1.4102658323460986 0.6039251442398903 0.3473543940951296 0.11331657602508428 0.5932853180840748 0.45111839345830274 0.6865557620716202 22.030727090799097 0.05 15.621683930432525 0.05 9.015273653897232 1.2367074786800583 6.392605881190178 1.2367074786800583 0.4092136231700844 1.3791615339506156 2.1786463956038156 0.02923751960309252 0.34859607783825486 0.032416597589837455 14.096502603624282 0.19030461528243278 9.995635064187535 0.19030461528243278
112 1.6746906759109919 0.6068930067328748 0.31017661775927613 0.0956393081323948 0.5549033520322214 0.6015115994019489 0.6931562227280954 20.22844981523817 0.05 12.078917083738093 0.05 6.453478983651588 1.0502715765500081 3.853534910344592 1.0502715765500081 0.31902983385262457 1.2260430794850337 1.6531955223334462 0.029446712135507626 0.32007831279135435 0.0437243143742126 19.824430619768425 0.14900881027763416 11.837667041995326 0.14900881027763416
113 2.3798235920840414 0.6888722236522818 0.1924416120314646 0.21916531693319558 0.3108770788274942 0.6719153198589876 0.38751729666020635 79.62030716222617 0.05 33.456390392575976 0.05 38.46725929619129 0.6124203757268654 16.1639120748883 0.6124203757268654 0.48313377161198773 0.7364747151395795 1.7500204649972326 0.027212275200058107 1.2598460702865955 0.12963036648307502 57.36447018332115 0.08129707725722037 24.104505213802998 0.08129707725722037
114 2.556106821127304 0.897687183169356 0.24001457843233553 0.5753292876817028 0.2930729604549411 0.2861851464995109 0.4278248601784204 98.89004694994233 0.05 38.687759890382615 0.05 345.4354507942558 0.7261975867297255 135.1412421183206 0.7261975867297255 3.4931265728806213 0.7573898105378172 1.5295170257831443 0.03713832618348026 1.5647546725277433 0.40421984760451385 204.93144087277045 0.024184033833811958 80.17326943417443 0.024184033833811958
115 3.3346910827350458 0.8576412663360498 0.170039528108634 0.2569062013127764 0.1974151117395069 0.278036437773796 0.3113425244943519 150.94818040135397 0.05 45.26601614850313 0.05 65.8057374047197 0.3981226035246969 19.733683202447395 0.3981226035246969 0.43594919282729844 0.460080588427839 1.5576868314574994 0.010050429177847594 2.388479492824218 0.5774924978668666 281.7929035594296 0.022409659909808845 84.50345071493362 0.022409659909808845
116 3.4081424281697386 1.143718898556252 0.2078869334711853 0.545135218998806 0.22681808123621022 0.3081332409062445 0.46458740757425065 132.01032933751765 0.05 38.73380650010294 0.05 395.1269888082184 0.5186013293815888 115.93617260309509 0.5186013293815888 2.99315205704833 0.5251245115340065 1.6205268368638794 0.05772435617383028 2.088822591836285 0.5169560598971485 262.7281254772638 0.021561922191986032 77.08836441391203 0.021561922191986032
117 1.6746906759109919 0.6090621670007349 0.30923629454780066 0.2092862077698271 0.3443861180429962 0.5129281943738485 0.5856120089278858 47.266135988418704 0.05 28.223800770077766 0.05 31.013569655603195 0.7068519835597934 18.518983894582533 0.7068519835597934 0.656147768525065 0.767663535140118 1.953605738648197 0.04267348677263752 0.7479004258865847 0.10736710243584194 49.65489030855924 0.07447678805856882 29.65018616440804 0.07447678805856882
118 0.8079647997816192 0.4274827131513765 0.3719831024716292 0.15507754566531598 0.6352240837610799 0.7825892981180136 0.8159421514294382 31.691217914059333 0.05 39.223513106790044 0.05 11.95157966573025 1.278896902421983 14.792203409060127 1.278896902421983 0.3771259185475517 1.3083420884414083 1.9174082387577405 0.041757762369965645 0.5014557119989471 0.10781555419725412 55.35248144043553 0.04840537644782146 68.5085308857471 0.04840537644782146
119 2.6148678974750577 0.7133144844598199 0.24011220567864683 0.34645307075845766 0.25369487255045425 0.7525249131256966 0.35887372268418755 36.76338537241512 0.05 14.059366214222221 0.05 99.53568014475218 0.5525877225198396 38.065280560010244 0.5525877225198396 2.70746774641264 0.6474558108438324 1.978905848572763 0.026841188493860725 0.5817135280440002 0.10961004371604177 48.31578893191155 0.1005880904032056 18.477334544726236 0.1005880904032056
120 3.716638078995447 0.8566736808992366 0.18740395697730916 0.33138558293928055 0.4337999737311294 0.4317098705839273 0.40086582365519685 68.63756061828329 0.05 18.46764714761654 0.05 109.36832497262097 0.9017501658310657 29.426681492264542 0.9017501658310657 1.5934180059349028 0.9935271457441289 2.362173649162172 0.05293505029685563 1.08606414138279 0.14766941620047222 66.4054389750539 0.08948550498298415 17.8670716824282 0.08948550498298415
121 1.9684960576497628 0.7434557344671345 0.2646263270780739 0.23931755114719475 0.3589070704089836 0.5729231264166851 0.37806121762567657 74.32164427763597 0.05 37.7555464176903 0.05 49.50090415567499 0.7207673325341851 25.14655996556852 0.7207673325341851 0.6660361814757406 0.7006178049326146 1.9614474969123727 0.03568866770101528 1.1760043862951468 0.30487118898716153 152.88182523706243 0.02819365935751391 77.66427808831475 0.02819365935751391
122 2.1300890176060867 0.6444740449115552 0.22519206826486088 0.24799970827757042 0.4256625661325353 0.8178577811861331 0.3772345343125541 72.87937814270812 0.05 34.21424059761317 0.05 46.08044739943728 0.8609912617253337 21.633108766142115 0.8609912617253337 0.6322837622078121 0.9565792482272426 1.5697043953270748 0.04917138880371779 1.1531832166553773 0.15932967050658653 74.41688346597043 0.12246646626124194 34.93604391688958 0.12246646626124194
123 1.3074339487375288 0.5417547125975184 0.39481365692284076 0.2079742634758566 0.8082049951395934 0.789266227677118 0.68450164563098 16.957001460098564 0.05 12.969681165516937 0.05 27.24148656415688 1.5700773377636967 20.835841527949867 1.5700773377636967 1.6065037576518872 1.6970103803504737 1.6676267171173953 0.023329443262936435 0.26831360564381734 0.028827605170435894 12.56334445980795 0.22157022767302798 9.609161879220927 0.22157022767302798
124 3.7900894244301404 1.0287798583171288 0.1700277200581478 0.23170286981287633 0.4189452651632886 0.34910665531211577 0.38831550389068925 44.58500602717297 0.05 11.763576273368948 0.05 64.20874689405382 0.8443738242517137 16.941222146416226 0.8443738242517137 1.4401421602347855 0.9215964119329436 1.683089508104694 0.0136637533678337 0.7054763876069856 0.08205927218851063 35.76561799978518 0.1386920062772472 9.43661586696275 0.1386920062772472
125 1.7628322904326235 0.644202930468177 0.3320370841324195 0.12479785644401994 0.6767756532091739 0.6589355155831541 0.652202549567659 17.40426563675915 0.05 9.872899271936925 0.05 11.663955749663682 1.3341502945573342 6.616599782615274 1.3341502945573342 0.6701779892986987 1.4589648776484174 1.699074853459994 0.016900473471597868 0.2753907697194515 0.03697609357645843 16.18178280463668 0.20204898764705717 9.179422734913397 0.20204898764705717
