clumpdata/30Dor_13_physprop_add.txt
# %ECSV 0.9
# ---
# datatype:
# - {name: # # _idx, datatype: int64}
# - {name: area_pc2, unit: pc2, datatype: float64, description: projected area of structure}
# - {name: rad_pc, unit: pc, datatype: float64, description: equivalent radius in pc}
# - {name: e_rad_pc, datatype: float64, description: frac error in radius}
# - {name: vrms_k, unit: km / s, datatype: float64, description: rms linewidth in km/s}
# - {name: e_vrms_k, datatype: float64, description: frac error in linewidth}
# - {name: axratio, unit: '', datatype: float64, description: minor to major axis ratio}
# - {name: e_axratio, datatype: float64, description: frac error in axis ratio}
# - {name: mlumco, unit: solMass, datatype: float64, description: CO-based mass with alphascale=3 from 30Dor_12CO21_3p5as.pbcor.fits.gz}
# - {name: e_mlumco, datatype: float64, description: frac error in luminous mass}
# - {name: siglum, unit: solMass / pc2, datatype: float64, description: average surface density from mlumco}
# - {name: e_siglum, datatype: float64, description: same as e_mlumco}
# - {name: mvir, unit: solMass, datatype: float64, description: virial mass}
# - {name: e_mvir, datatype: float64, description: frac error in virial mass}
# - {name: sigvir, unit: solMass / pc2, datatype: float64, description: virial surface density}
# - {name: e_sigvir, datatype: float64, description: same as e_mvir}
# - {name: alpha, unit: '', datatype: float64, description: virial parameter}
# - {name: e_alpha, datatype: float64, description: frac error in virial parameter}
# - {name: 8um_avg, unit: MJy / sr, datatype: float64}
# - {name: e_8um_avg, datatype: float64}
# - {name: flux12, unit: Jy km / s, datatype: float64, description: 12CO flux within the structure}
# - {name: flux13, unit: Jy km / s, datatype: float64, description: 13CO flux within the structure}
# - {name: mlte, unit: solMass, datatype: float64, description: LTE mass using H2/13CO=3000000.0}
# - {name: e_mlte, unit: '', datatype: float64, description: fractional unc in mlte}
# - {name: siglte, unit: solMass / pc2, datatype: float64, description: LTE mass divided by area in pc2}
# - {name: e_siglte, unit: '', datatype: float64, description: 'fractional unc in siglte [same as e_lte]'}
# schema: astropy-2.0
# # _idx area_pc2 rad_pc e_rad_pc vrms_k e_vrms_k axratio e_axratio mlumco e_mlumco siglum e_siglum mvir e_mvir sigvir e_sigvir alpha e_alpha 8um_avg e_8um_avg flux12 flux13 mlte e_mlte siglte e_siglte
0 146.94617406584734 5.238036640194581 0.05 3.6894569776449946 0.05 0.6104918493592387 0.033661430883637405 77883.47769729233 0.05 530.0136474624534 0.05 82890.03985192876 0.0670882807276972 564.0843688436917 0.0670882807276972 1.0642827246889937 0.09012297741436201 176.75464331285644 0.022600486377819355 3943.413724054228 464.69252294709 33552.36829650027 0.003372415633422136 228.33100970335767 0.003372415633422136
1 139.99180068009233 5.213406326656106 0.05 3.668994684719388 0.05 0.6054211311806598 0.035724832566910836 76642.5057509004 0.05 547.4785335895706 0.05 81587.69343385559 0.07000320302215968 582.8033716081619 0.07000320302215968 1.0645227819015703 0.09184699298893946 177.34878337859908 0.022991186585320598 3880.5813154911607 457.9144742664549 32937.56188568155 0.003279596600285723 235.28207884796117 0.003279596600285723
2 120.78398004354308 5.158450966518536 0.05 3.5631335720097232 0.05 0.6026995222207108 0.03327281137730073 72909.36501179164 0.05 603.6343974218066 0.05 76136.41588214951 0.07225128517784822 630.3519378538614 0.07225128517784822 1.044261129826545 0.11234723285281616 183.3948513642051 0.023547406915912245 3691.563438912683 437.3303534337931 31073.711958410197 0.0030476994008464104 257.2668324657625 0.0030476994008464104
3 111.36516711576384 5.113510961911142 0.05 3.5461147211972355 0.05 0.6052416788017916 0.0361481460799887 70768.2922454784 0.05 635.4616445904932 0.05 74753.86806856356 0.07153420087196795 671.2499967863118 0.07153420087196795 1.0563186661232427 0.10222094721688767 184.35748495729555 0.024690555474329703 3583.1561464077663 426.6385011868274 30184.84665571305 0.0029359957810613777 271.0438769811746 0.0029359957810613777
4 105.69589846973388 5.093137678262419 0.05 3.5253810460642785 0.05 0.6006369280644297 0.03576317935506547 69712.02956709891 0.05 659.5528357901326 0.05 73587.90893274565 0.08048336981810875 696.2229376745174 0.08048336981810875 1.0555984295639556 0.10855796976253297 183.354309959076 0.025522113337839193 3529.675362344319 420.7803834304681 29624.407858334518 0.0028646928625562806 280.27963513473037 0.0028646928625562806
5 99.82566694259464 5.064297431992663 0.05 3.5053574457938805 0.05 0.5949291058883354 0.03459511503007336 67956.61541425079 0.05 680.7529315414407 0.05 72342.37127088026 0.07388274391086609 724.6870818552226 0.07388274391086609 1.0645375851915921 0.10702278984590893 184.50983253584045 0.02648087163801888 3440.794422526668 412.1083956139049 28976.130881623074 0.0027794688749510853 290.2673407460025 0.0027794688749510853
6 73.03943028947735 4.678097365318246 0.05 3.327794548734174 0.05 0.5374547814450603 0.042722424142871245 55901.99518334802 0.05 765.3673496875798 0.05 60226.993513917034 0.08831970651563388 824.5819179478707 0.08831970651563388 1.077367512847866 0.1237612441827717 191.62319386990603 0.028776418038044267 2830.4425142731156 350.8632884377622 24823.955375573296 0.0026675648346558916 339.8706051948715 0.0026675648346558916
7 53.154682053402134 3.9411622464897493 0.05 2.9099801821716245 0.05 0.7061829249448464 0.07847226205829991 41678.7958516333 0.05 784.1039442162495 0.05 38798.3531798934 0.09562094139575321 729.914123856755 0.09562094139575321 0.9308894939768989 0.12971115634731803 192.14990883941542 0.04042003686349419 2110.2903023386916 247.2805275123673 17498.94697619932 0.0026149225911896706 329.208007652438 0.0026149225911896706
8 45.24837923081372 3.9106853878825927 0.05 2.697687124869775 0.05 0.7060408459500637 0.08718087320927409 36181.98913938506 0.05 799.6306111832062 0.05 33086.052351942315 0.09865237347326737 731.2096679346037 0.09865237347326737 0.9144343121790189 0.13703701586970746 197.21715790264423 0.04522816548382186 1831.9747491934286 224.93907995164048 16002.088326882395 0.002408904510032296 353.64997816286694 0.002408904510032296
9 1.1370268273287694 0.46642310200845816 0.18161436618821372 2.2369028652434997 0.23141493199443627 0.5652606209856832 0.3932411942630112 579.1917530016366 0.05 509.39145768648103 0.05 2713.2088194591634 0.5210958924637655 2386.2311374247315 0.5210958924637655 4.684474192524452 0.5182811068778833 177.9688406906559 0.08037913459024833 29.325769357319682 1.7726356554835565 107.10003062812072 0.044881190979407716 94.19305512758402 0.044881190979407716
10 16.526552722801878 2.1586000824589617 0.06433832860473461 2.0677984100342033 0.07172364200782287 0.5954544363735765 0.1383053234628616 8951.595035349086 0.05 541.6492589527437 0.05 10729.945076882468 0.17236176482010832 649.2548843582024 0.17236176482010832 1.1986629237036337 0.2069864853753815 179.50499637695313 0.07856724152745061 453.2391833114439 47.40735007766733 3095.895388542673 0.010721052436063425 187.32856394614166 0.010721052436063425
11 9.561602343304255 1.262518383383211 0.050159169887491806 2.0709883291559437 0.07960220048144873 0.5255488363396904 0.08857492592823833 7477.424264189981 0.05 782.0262750653116 0.05 6295.08978991179 0.17444012214942525 658.3718464635878 0.17444012214942525 0.841879445046272 0.22234484183524442 147.8207406533503 0.040657842641283824 378.5986394191992 36.66072637458624 2397.092939166546 0.010128226546613175 250.69991964737673 0.010128226546613175
12 5.727442111614219 1.0390756042722473 0.1060633830443849 0.743981608382782 0.17781436927400482 0.6527053397842326 0.19379102652342053 458.29324744565156 0.05 80.01708939428921 0.05 668.6216937285589 0.4150916916574573 116.7400177424255 0.4150916916574573 1.4589385670751125 0.586646688059495 245.04504474024307 0.049217000537372546 23.20440826012936 3.5425898913875313 299.6727675920346 0.038141967451440516 52.32226913028982 0.038141967451440516
13 41.948357183124635 3.8750663088784463 0.05 2.515363448905297 0.05 0.703888079840272 0.09167608668353008 33185.69022111421 0.05 791.1082209070263 0.05 28502.93258460175 0.10025077134261891 679.476730403835 0.10025077134261891 0.8588922633426778 0.13341069081495652 199.51967150511763 0.048199888294863324 1680.2655055292644 213.3666144977839 15260.349616843056 0.002339552306268936 363.7889691418506 0.002339552306268936
14 38.711797097891115 3.849616563738803 0.05 2.461370390100763 0.050742684608667925 0.7047524876449287 0.09285438139500714 30729.889908279772 0.05 793.8120214510484 0.05 27113.172267833357 0.10273543969855944 700.3852649690187 0.10273543969855944 0.8823061959791813 0.1368388096439618 201.70096951369803 0.05078051130903144 1555.9229472279485 202.32851705412352 14551.278325141846 0.002282055627491259 375.8874404188936 0.002282055627491259
15 1.591837558260277 0.6040088604870909 0.19996329274306623 0.4869151683632216 0.26950657191179805 0.49878856668235544 0.4811365569587208 302.76558597113353 0.05 190.19879534820546 0.05 166.4787601605382 0.5980541717321565 104.58275676224352 0.5980541717321565 0.5498602479094528 0.7319450448132439 238.56779417273117 0.14082601819682777 15.329696895608166 1.568490270534716 97.89684665133193 0.03482188324696699 61.49926928368471 0.03482188324696699
16 1.2533737584972946 0.49160746018216406 0.21743305565965212 0.5855282217123319 0.3595695801483092 0.953366126246623 0.4678618170791282 131.23660765427914 0.05 104.70668207671943 0.05 195.93997349172338 0.7086954577188496 156.33004294476484 0.7086954577188496 1.4930283325205602 0.8450492270167447 225.8671646118164 0.16764786778924562 6.644801489050636 1.1354543133331607 73.78356653336506 0.04839328216218851 58.86796818039838 0.04839328216218851
17 0.80914002130838 0.404810707334668 0.25633502477286024 1.545796757022138 0.303376949521528 0.5151992040855785 0.5267600075292178 488.9130599383164 0.05 604.2378909249151 0.05 1124.5161327913554 0.6684535690466856 1389.7670405339882 0.6684535690466856 2.3000329198267475 0.6702482927271296 159.39119805230035 0.08364248971809389 24.754757339835283 3.234291814467295 225.66421302781293 0.023407533987155876 278.8938960934274 0.023407533987155876
18 34.90936784742886 3.824809415391929 0.05 2.287542973079746 0.05465275603603198 0.7010353906350549 0.10284786560518211 27690.26540415115 0.05 793.2044351295976 0.05 23267.90264419001 0.11318884981377388 666.5231735470608 0.11318884981377388 0.8402917886334825 0.14222293122544657 203.529161346202 0.05429401668815121 1402.0199486031404 187.9116381155409 13627.097346734303 0.0022313351074123057 390.35646266330093 0.0022313351074123057
19 1.4702021302204549 0.5493333724598038 0.20472372181218262 0.798720948749215 0.2861982744183826 0.5301535621390173 0.45755876242971044 381.94370861943605 0.05 259.78993008407906 0.05 407.41315654650623 0.6087992711977408 277.11370305620164 0.6087992711977408 1.066683773949652 0.6645556447549114 289.4213165671138 0.15957394903644437 19.33865979698787 2.4038870611798413 149.54019461439466 0.025279057279757378 101.7140375058301 0.025279057279757378
20 30.57808890983695 3.808637652421754 0.05 2.1383475526814335 0.054541143555082924 0.6940818676886035 0.0996616886527369 24453.061599947494 0.05 799.6922787441096 0.05 20245.810145261657 0.12262623922244774 662.1018797138952 0.12262623922244774 0.8279458203019098 0.15420897075733797 201.57774607534628 0.05981480700217883 1238.1131076219806 171.35058609394483 12574.045410851719 0.0021973974554314792 411.2109637697684 0.0021973974554314792
21 26.69633220630524 3.4217214423256714 0.05268088838768352 2.057989530068662 0.05403915238424997 0.8503646881740573 0.053556802838332605 21591.94996987785 0.05 808.7983698666359 0.05 16847.671611360034 0.11444828350051982 631.0856293352871 0.11444828350051982 0.7802755950649948 0.15194093572558215 202.0496393729723 0.0645370737714047 1093.2484788123734 153.70043576894145 11367.97637302121 0.002234872725541399 425.82540122632577 0.002234872725541399
22 2.2952076421427248 0.632723709637538 0.1425450606134472 1.2063281991143584 0.19840981392604023 0.8465474896408217 0.26178951385421356 1634.6751427642557 0.05 712.2123126246568 0.05 1070.4194315600976 0.44312727052927 466.37150029737256 0.44312727052927 0.6548208898252439 0.5724107386624661 nan nan 82.76724805928653 11.453123964223499 808.6913452402937 0.009671299213473997 352.33907834383473 0.009671299213473997
23 15.452987857928665 2.056413422125721 0.054814454180880504 1.851352303120502 0.07615492204124955 0.27881806464274933 0.11961806696164232 14399.738747647294 0.05 931.8417176040834 0.05 8194.02881305297 0.17081150197606748 530.2553065068741 0.17081150197606748 0.5690401025082316 0.22283047100038528 325.2655139523255 0.04869949712736242 729.0908803448941 106.68006162438716 8148.64534329036 0.0024112677248629612 527.3184330569075 0.0024112677248629612
24 13.607302449846154 1.560312222586538 0.05301987792389473 3.1889273202723536 0.05733784701608547 0.4046354224748549 0.07746832458087693 12111.7073438979 0.05 890.088787879837 0.05 18446.317033918647 0.1358658314640721 1355.6189481279005 0.1358658314640721 1.5230154188965142 0.19688769886356183 196.691900199902 0.045471656447008804 613.2427629058853 94.0479676439956 6607.158765745531 0.006356087111739166 485.55977866283354 0.006356087111739166
25 11.539500173169184 1.359807924408115 0.05 3.03899174833391 0.05932503578399977 0.44335972824687425 0.07698586936251561 11056.654782192407 0.05 958.1571659317225 0.05 14599.753557253465 0.14284134073431637 1265.198088145946 0.14284134073431637 1.320449434739293 0.197314013047599 203.75929752912793 0.04517664738753132 559.8231175153282 89.27114881961002 6306.227134713133 0.006455986421480814 546.4904926624048 0.006455986421480814
26 6.637063573477233 1.0719598765898604 0.08613112163837762 1.792879883702151 0.1239206812721402 0.7895802362672999 0.15452823617087513 8031.523638590223 0.05 1210.1019599519093 0.05 4005.8052777617227 0.29451807899715904 603.5508374169506 0.29451807899715904 0.49876031722230774 0.3731749211744299 nan nan 406.65394499348605 66.47353058585257 5362.092198689665 0.0026022898505692893 807.9012863636627 0.0026022898505692893
27 5.346670336880864 1.1067864735781328 0.12289566335023216 0.8566632354514134 0.1774926010707309 0.4141891997658374 0.21082034515859768 1022.0372747307459 0.05 191.15397253517244 0.05 944.2630956609852 0.40212244956957743 176.6076896769829 0.40212244956957743 0.9239027959227316 0.43891068044917886 243.34219210178514 0.11408123730314926 51.748026578468675 8.80589373764203 569.0994432034233 0.03466301127348814 106.43997242130774 0.03466301127348814
28 3.8077177473335526 0.8180138546533718 0.07440536091705842 2.574646040395881 0.1133308746114725 0.6353957857368759 0.1581749069677468 5534.104625859458 0.05 1453.39150459218 0.05 6303.8320968794305 0.25906764246609015 1655.5408029636237 0.25906764246609015 1.1390879867762587 0.3247693589620632 215.21010422176784 0.06319883939918726 280.20407382159755 52.479366472268374 3890.353586311206 0.006399187272296717 1021.7021965547528 0.006399187272296717
29 1.1687578085565489 0.5127831307952077 0.2186839454769244 0.6206884099191357 0.2826663219234854 0.7345106753298889 0.5642977671493876 525.1973600167124 0.05 449.36372289597534 0.05 229.6624095244138 0.6008932946892798 196.50128353628182 0.6008932946892798 0.43728782170021885 0.6902298815027483 153.4503728944252 0.03357084957691214 26.59191167422144 3.8778703071981733 262.5766293576712 0.01664783817551035 224.66299470714233 0.01664783817551035
30 4.035123112799307 0.9130248667586792 0.13581982967178263 0.9993797408194278 0.17790987834461255 0.4348324132138854 0.2725078857529545 2122.3261774100447 0.05 525.9631783422122 0.05 1060.1140833995844 0.4381165042187745 262.72162057135995 0.4381165042187745 0.4995057285177917 0.5288040820799087 343.43212700921134 0.07779476940541005 107.45810380641281 15.687550187788382 1156.223217375558 0.00603706092116593 286.53976224617475 0.00603706092116593
31 0.6822160963972616 0.3848039326931144 0.28904090040114455 0.5676010521179846 0.4813527750263187 0.6646324574346241 0.6981401252943943 113.87748401511948 0.05 166.92289234525396 0.05 144.12350023800775 0.9812762953738059 211.25784190539406 0.9812762953738059 1.2656013740071086 1.110841857186526 209.28114614560621 0.13477852145572272 5.765871039803008 1.35628558652445 78.09558261567737 0.12610016349463418 114.47338025018028 0.12610016349463418
32 2.67597941687608 0.7043945598679083 0.12012114799034458 1.4902308832552653 0.15862131470139695 0.6290693075672517 0.26879432505252204 1077.254985095852 0.05 402.5647500508176 0.05 1818.5783959002406 0.348384392178535 679.5935665391763 0.348384392178535 1.6881596474936964 0.42943808010874013 212.0793039676229 0.10097401334527226 54.54382126131976 9.152604027391925 593.8638724917979 0.012845926531751407 221.9239313825031 0.012845926531751407
33 1.7980889362408445 0.5655792647713699 0.16156110261255097 0.7425583213436505 0.25138310102446093 0.9086424520476847 0.3867676661059865 307.95574036909494 0.05 171.2683584010696 0.05 362.5463466440848 0.5147235772732425 201.62870664342023 0.5147235772732425 1.1772677015520516 0.6458686850443406 209.66554220099198 0.10799362371729099 15.592484832619844 1.9209453850749516 131.2141366627993 0.07095848492873486 72.9742194716579 0.07095848492873486
34 7.8111098789050795 1.6190677225990204 0.06727868961767501 1.6548289442577373 0.1128745683699862 0.5116099395197424 0.13937154900883916 4658.607089154396 0.05 596.4078295372046 0.05 5154.424080497201 0.2302385408175424 659.8836990396711 0.2302385408175424 1.1064303088571488 0.26280321722707645 169.27367221054277 0.04964193743517552 235.87564647188 33.56494667643131 2351.691525083505 0.005244195570644573 301.07008626706875 0.005244195570644573
35 3.7495442817492903 0.849025905912633 0.1316421501778762 1.0295235581189763 0.14837558751616867 0.9014566997334265 0.28038894986446067 2355.0577272622904 0.05 628.0917226995851 0.05 1046.170416810889 0.3326471684858595 279.012684795608 0.3326471684858595 0.44422283356384734 0.41783920310365574 157.29220744618576 0.040005347293903926 119.24182687397698 17.242742692001606 1276.5380104606618 0.006983082733896724 340.4515094471996 0.006983082733896724
36 0.8673134868926426 0.4263944181874881 0.28600418923675475 0.5213889529101616 0.44644735771354155 0.8296531849320555 0.6673630601372444 227.38547286444526 0.05 262.17218606747133 0.05 134.7547481547779 0.8940337040642075 155.3702902021839 0.8940337040642075 0.5926269011702049 1.0596476990724224 246.07033920288086 0.043936821073174454 11.513033719964618 1.9951445031277695 128.98015673639512 0.025054082862257254 148.7122691917282 0.025054082862257254
