clumpdata/N59C_12_physprop_add.txt
# %ECSV 0.9
# ---
# datatype:
# - {name: # # # _idx, datatype: int64}
# - {name: area_pc2, unit: pc2, datatype: float64, description: projected area of structure}
# - {name: rad_pc, unit: pc, datatype: float64, description: equivalent radius in pc}
# - {name: e_rad_pc, datatype: float64, description: frac error in radius}
# - {name: vrms_k, unit: km / s, datatype: float64, description: rms linewidth in km/s}
# - {name: e_vrms_k, datatype: float64, description: frac error in linewidth}
# - {name: axratio, unit: '', datatype: float64, description: minor to major axis ratio}
# - {name: e_axratio, datatype: float64, description: frac error in axis ratio}
# - {name: mlumco, unit: solMass, datatype: float64, description: CO-based mass with alphascale=2.4 from N59C_12CO_3p5as.pbcor.fits.gz}
# - {name: e_mlumco, datatype: float64, description: frac error in luminous mass}
# - {name: siglum, unit: solMass / pc2, datatype: float64, description: average surface density from mlumco}
# - {name: e_siglum, datatype: float64, description: same as e_mlumco}
# - {name: mvir, unit: solMass, datatype: float64, description: virial mass}
# - {name: e_mvir, datatype: float64, description: frac error in virial mass}
# - {name: sigvir, unit: solMass / pc2, datatype: float64, description: virial surface density}
# - {name: e_sigvir, datatype: float64, description: same as e_mvir}
# - {name: alpha, unit: '', datatype: float64, description: virial parameter}
# - {name: e_alpha, datatype: float64, description: frac error in virial parameter}
# - {name: 8um_avg, unit: MJy / sr, datatype: float64}
# - {name: e_8um_avg, datatype: float64}
# - {name: flux12, unit: Jy km / s, datatype: float64, description: 12CO flux within the structure}
# - {name: flux13, unit: Jy km / s, datatype: float64, description: 13CO flux within the structure}
# - {name: mlte, unit: solMass, datatype: float64, description: LTE mass using H2/13CO=3000000.0}
# - {name: e_mlte, unit: '', datatype: float64, description: fractional unc in mlte}
# - {name: siglte, unit: solMass / pc2, datatype: float64, description: LTE mass divided by area in pc2}
# - {name: e_siglte, unit: '', datatype: float64, description: 'fractional unc in siglte [same as e_lte]'}
# schema: astropy-2.0
# # # _idx area_pc2 rad_pc e_rad_pc vrms_k e_vrms_k axratio e_axratio mlumco e_mlumco siglum e_siglum mvir e_mvir sigvir e_sigvir alpha e_alpha 8um_avg e_8um_avg flux12 flux13 mlte e_mlte siglte e_siglte
0 8.828851721250055 1.2317191307623654 0.0844531496004312 0.5684213964768445 0.09548069240236384 0.8507077231704228 0.16772190249534352 121.00663577461656 0.05 13.70581810580952 0.05 462.6594496052412 0.22108269430265073 52.403128313014 0.22108269430265073 3.823422134195824 0.2626264287367541 5.708700253047086 0.03627393613289244 1.9147092436416782 0.010171412361580468 6.996185620139444 1.8368141468783648 0.7924230512672912 1.8368141468783648
[from data line 179]
180 109.88321277030018 5.265385713374066 0.05 1.3070733452880587 0.05 0.4990582456695651 0.024652105121020736 16364.815868147634 0.05 148.92917175944464 0.05 10457.768479169838 0.0434122083038545 95.1716664949609 0.0434122083038545 0.6390397889856351 0.05770819377550083 6.248642565190473 0.03484195293809636 258.9433534780748 15.978537691446475 8508.664427042522 0.009531571974439828 77.43370631899006 0.009531571974439828
181 12.236994149419793 1.5620287945652087 0.055157292397693014 0.8822553115788814 0.08053866591926641 0.6089010065841254 0.11794747379048716 878.9428090402911 0.05 71.82669193986379 0.05 1413.469736544745 0.17179464998913352 115.50791961535452 0.17179464998913352 1.608147563193672 0.21659650165084382 4.377958773135567 0.036980747079735914 13.907666464202652 0.6271603218634876 286.28001204229156 0.0720156394985551 23.394635034279663 0.0720156394985551
182 95.76586417775226 5.1471369296353835 0.05 1.2920958660607067 0.05 0.4899250873943211 0.02768746833935773 15799.383513472034 0.05 164.9792820137517 0.05 9989.968331604863 0.04725060463406214 104.31658939622112 0.04725060463406214 0.6323011478951999 0.05800867295015295 6.3166569124831256 0.03854301792517381 249.99642260488798 15.976744312624254 8501.24737632324 0.009088089112743114 88.77116548067653 0.009088089112743114
183 11.517170964159805 1.5045331260743475 0.0680665973133447 0.6623079295721042 0.07698252566287568 0.5262660431032722 0.14742377723273206 956.2171357076022 0.05 83.02534873218839 0.05 767.2388386040767 0.1561052665583964 66.61695315556584 0.1561052665583964 0.8023688448506193 0.20210262698886977 10.235905248291639 0.04249710036169712 15.130392168852245 1.4564957364607212 742.877735261664 0.02631260395705985 64.50175460392309 0.02631260395705985
184 2.3504430539101646 0.6365307370789736 0.170984777320445 0.302934379084244 0.26355501683943633 0.772531097134504 0.43079552110434266 22.196315797064717 0.08683362662028042 9.443460355331405 0.08683362662028042 67.90870069932474 0.5408810912744217 28.89187235842739 0.5408810912744217 3.059458214606278 0.6549830505752132 6.770717543363571 0.030029930698908306 0.3512161789952253 0.00524815151468795 2.8124436386072276 2.420520338073311 1.1965589355285529 2.420520338073311
185 44.67310829338006 3.4557601740684603 0.05 1.6870620249410009 0.05 0.6507462403733179 0.05303269030209473 5119.519861837816 0.05 114.59958927004993 0.05 11434.43237439068 0.07287962628966617 255.95784155644048 0.07287962628966617 2.233497023739629 0.08855752841126309 10.641362864655203 0.03457505366003472 81.00706550115069 3.1295229099839967 1453.8475007362224 0.03377346281627619 32.54413127442181 0.03377346281627619
186 41.6762933996446 3.4032167576250907 0.05 1.6628550671278404 0.05 0.6577742530843111 0.051510026270773654 4892.627458501667 0.05 117.39593566023292 0.05 10939.74812375631 0.08222545158034349 262.493308098498 0.08222545158034349 2.23596589287559 0.0938819058864769 10.689648721854285 0.036319406973121575 77.41690161293918 3.041517383398994 1412.8030173588531 0.03328121449025603 33.8994402359904 0.03328121449025603
187 0.6023010325644795 0.3576511589909207 0.2675894206227839 0.31201415396658355 0.43235342898607587 0.6510493890506062 0.7136450386924429 52.12173428744736 0.05 86.53768044448347 0.05 40.477822645736076 0.8218810446292748 67.20530176312243 0.8218810446292748 0.7766016077382228 0.8523083436175709 55.97401781779964 0.14547962522980376 0.8247313064349004 0.03399473633811025 16.449805666553978 0.20178157880523181 27.3116013042746 0.20178157880523181
188 2.012566864910579 0.5983417418793647 0.16709739743342975 0.5725675086405726 0.1974060810452225 0.5452698970690121 0.38327629344947167 19.32942670238474 0.09904106549339625 9.604364972611021 0.09904106549339625 228.04030652465048 0.45287583090759087 113.30818891067385 0.45287583090759087 11.797572169924539 0.49048823489441734 3.4321472488180564 0.013681632713439699 0.30585290645535623 0.009332585967030193 4.550603987598405 1.4544671950312598 2.2610945588635607 1.4544671950312598
189 1.4690269086938528 0.6409814560504057 0.3110535108332545 0.12565559204745047 0.5586544459269063 0.3306520359097992 0.7036524880394321 5.13210461429718 0.20050380083979685 3.493540236686514 0.20050380083979685 11.765706820184935 1.1528231277178154 8.009184005108597 1.1528231277178154 2.2925695605283756 1.1464357305349955 3.429924566745758 0.014937302812291532 0.08120618967063889 0.006836705595747138 3.1245456963878366 1.1384876837057867 2.1269492600145394 1.1384876837057867
190 0.6463718398252952 0.4028475266412369 0.37881138772102124 0.217860810244309 0.5116190150839915 0.5559001843171729 0.8577333092655111 23.01941915764653 0.05 35.61327666110631 0.05 22.22838171447413 1.0638595733996643 34.3894649254555 1.0638595733996643 0.9656360815294665 1.0879820390565325 5.457938335158608 0.016182656279493772 0.364240306368673 0.029376156255969812 12.966149802534575 0.18871429261528108 20.0598927794242 0.18871429261528108
191 5.699824405732149 1.026810848724877 0.07908089735214424 0.6352572866740698 0.10627377814951067 0.6912741877859491 0.1608212185143848 669.7795157620623 0.05 117.50879818130613 0.05 481.7244334854809 0.2220420225547172 84.51566209671732 0.2220420225547172 0.7192283761282011 0.29027044073101993 11.055532455444336 0.04405789044900638 10.598038712965677 1.2944741514719746 669.2814731432878 0.02096397520190127 117.42141959148965 0.02096397520190127
192 3.99575319164728 0.9983887870638226 0.11222782946959724 0.45330746554822904 0.1430327462967036 0.5328321391900118 0.2573541436770514 299.70411009555113 0.05 75.00566119099959 0.05 238.50327856353783 0.3043144466014588 59.68919178043953 0.3043144466014588 0.7957958217106154 0.3415581098936437 12.345425763550926 0.07181797410387893 4.7422706348381976 0.3762565936179529 172.92635665556682 0.0538260294720186 43.27753701531215 0.0538260294720186
193 15.689207384850347 1.7905434020457294 0.05220344459058933 0.7760261603837011 0.06517202896004376 0.3365394054987121 0.10847371867028041 421.4583470960533 0.05 26.86294704109894 0.05 1253.563943325402 0.1367349707541047 79.899762465748 0.1367349707541047 2.974348359601254 0.1883066465491231 7.140042723787857 0.04544006454613738 6.668809090410283 0.09529257328750344 46.525766089971235 0.46620283575910426 2.9654631332680945 0.46620283575910426
194 4.847788798689714 0.9895692016600844 0.10474452673011918 0.6268468307055325 0.18683670990412174 0.7148737624242311 0.22680141418017502 171.71399795701416 0.05 35.421097140912146 0.05 452.0411329397605 0.3801485271661298 93.24687021471327 0.3801485271661298 2.6325234885796656 0.37727154762440335 4.077997594891173 0.05103667619625415 2.7170607320066984 0.07577600942407556 33.52276686093337 0.3566947905939244 6.915063393437042 0.3566947905939244
195 7.359824812556202 1.3334986249629301 0.06786385999733535 1.0549941250379762 0.08926795932280779 0.3732341661358139 0.13845021528719245 927.2064048138609 0.05 125.98212979635112 0.05 1725.446786838295 0.18526954054562683 234.4412850554001 0.18526954054562683 1.8609090466590155 0.19439772613647555 9.687260206112128 0.06029656588072063 14.67134973216239 0.8772663862119137 410.7979839385198 0.03763546721331008 55.81627204463881 0.03763546721331008
196 0.7345134543469264 0.40301344388851074 0.31172909770796453 0.19480524112706168 0.48152552672293897 0.5857969393982153 0.7085453877417754 7.269346375211321 0.11846978922862283 9.896818543201054 0.11846978922862283 17.779916767753868 0.9737826929458939 24.20638677553214 0.9737826929458939 2.4458755780827683 1.0579875452956233 9.871606044769287 0.07430269855939772 0.11502414006325495 0.0034392110922153146 1.6120811779874007 1.688673797446858 2.1947605839579083 1.688673797446858
197 0.7345134543469264 0.3894599079675882 0.1894412173580751 0.49187010322327973 0.33981526821731056 0.8044517889121192 0.4559528028874325 53.601097345035804 0.05 72.97497006735408 0.05 109.53994655521242 0.6374453109974242 149.13266177350968 0.6374453109974242 2.0436138807027113 0.7296421441446801 15.587913417816162 0.12021501581111273 0.8481395963028117 0.10984796559036768 49.61143610734546 0.08437559720650542 67.54326393034718 0.08437559720650542
198 9.842480288248813 1.5510576158685443 0.059359473667325385 0.6915289754914231 0.08337025693012429 0.4074553762572359 0.13325986529388203 348.43491066233497 0.05 35.40112862388358 0.05 862.2984592351918 0.18114469958123824 87.60987413555827 0.18114469958123824 2.4747763006756727 0.2514501721930629 7.375375431687084 0.05914615303317559 5.513346296410753 0.08442717272742616 39.456326947047266 0.44460910827964845 4.008778863814965 0.44460910827964845
199 82.01577231237779 4.505508141652151 0.05 1.2231655858494448 0.05 0.4522531914475375 0.03343583693246081 14799.651391438321 0.05 180.44884507177608 0.05 7836.519190939287 0.04955118550006692 95.54892882178716 0.04955118550006692 0.5295070122714347 0.062385952509493 6.621834204057286 0.040797887657092524 234.17750613713378 15.371774430847802 8223.023948784003 0.008936622431615153 100.261495038595 0.008936622431615153
200 75.97807171764606 4.453422698581387 0.05 1.2200603071367315 0.05 0.4535878490756591 0.034147700427927995 14548.660368859526 0.05 191.48499086586546 0.05 7706.6463536001465 0.049430422562440846 101.43250781936155 0.049430422562440846 0.529715187392492 0.06297410269502812 6.643346869567523 0.043596647326137446 230.20600006300876 15.20785412530086 8146.570817420112 0.008850951380372533 107.22265823874619 0.008850951380372533
201 3.9369921152995255 1.1172544631635417 0.152418025985676 0.4965270109386884 0.27522267843523496 0.41259533756991446 0.3383461376221017 63.334731677597276 0.05 16.087086238113734 0.05 320.21876020973207 0.547971381977972 81.33589065757371 0.547971381977972 5.055974056064402 0.5856631901808343 4.296043849703091 0.031003259681168613 1.0021566009427747 0.005735044243387679 3.4302578839962536 2.347080447239458 0.8712889900556177 2.347080447239458
202 0.778584261607742 0.40724846890138156 0.34300980979549783 0.141826167968392 0.4970207034284311 0.7742590401438845 0.8556718290176937 6.901741467763291 0.11719014443785283 8.86447595731193 0.11719014443785283 9.523160706482736 1.0135377770187486 12.231380951392252 1.0135377770187486 1.3798199702152842 1.0971639932202788 6.5762140885838924 0.05899809498084215 0.10920747054610402 0.006909352184819546 3.218195755684954 0.7692598260980402 4.13339430858713 0.7692598260980402
203 0.8373453379554959 0.4176130996018914 0.20941915414781595 0.3945501919604725 0.46096342466926615 0.6129271685195438 0.48978490061481134 25.51176431159409 0.05 30.46743458784267 0.05 75.57663418209918 0.897284256392042 90.25742517015841 0.897284256392042 2.9624228751499007 0.9738856522315927 7.372146347112823 0.03637660899611322 0.4036771133943888 0.020269248097166487 8.798121998870082 0.42259903787125896 10.50716066605448 0.42259903787125896
204 2.7030095119966893 0.7889967966430915 0.1380883269191334 0.4399437094147276 0.25106446047209985 0.9364700176395455 0.2350799547499818 193.4660345983266 0.05 71.57430772613705 0.05 177.5327089785792 0.5338460466361376 65.67964640547541 0.5338460466361376 0.9176427756281452 0.5610979280963868 8.876307166141013 0.0418212772702103 3.061246980344407 0.24790967844787212 115.40577663483077 0.06048769039513863 42.695290609459065 0.06048769039513863
205 31.642839613265586 3.00402467819906 0.05 1.5488001213137113 0.05 0.5218400322337782 0.04169510230622563 4178.593187919569 0.05 132.0549368827121 0.05 8377.282472240084 0.07823443263893057 264.7449651999022 0.07823443263893057 2.0048092971718434 0.08372095726057618 10.747307244117545 0.041535906273919336 66.1186179699004 2.8154084127314314 1308.6663120967212 0.031211370093376566 41.35742329358111 0.031211370093376566
206 0.8520356070424346 0.4174077140943867 0.3858939093135061 0.27932462875872893 0.3949943853815533 0.7641119176672737 0.6495148153405217 5.096315953494668 0.1803348336324778 5.981341520672917 0.1803348336324778 37.860630927877466 0.968435792669393 44.435503181960165 0.968435792669393 7.429019564989002 1.052911401014223 4.878941955237553 0.018754943162496745 0.08063989620830271 -0.0002822490603747298 -0.04867881978353326 -59.02468690634888 -0.05713237731050466 -59.02468690634888
207 0.8520356070424346 0.43268606422326844 0.3464134255476 0.3249475816523052 0.5533886029208588 0.58073854924636 0.8163150552053493 37.111406522691055 0.05 43.55616856378957 0.05 53.11393059434675 1.2564423479926925 62.33768888921736 1.2564423479926925 1.4312023060045234 1.2807397731866919 5.053762846979602 0.032506420202031254 0.5872203246041484 0.08545864389218806 42.03826250843744 0.06822867531658977 49.33862172070442 0.06822867531658977
208 1.1458409887812053 0.49450007888420644 0.4033460527762408 0.31328214565097584 0.39926110491291794 0.5552770319639727 0.9637074058816082 6.201510572856106 0.16912806400706976 5.412191249548907 0.16912806400706976 56.42175229272153 0.8015653042382219 49.24047301950296 0.8015653042382219 9.098065967939887 0.8535350262073501 4.957106657517262 0.049891943036324604 0.09812759177086154 0.0065695641989886805 2.972241111076211 1.1016201027091441 2.5939385483475235 1.1016201027091441
209 2.0713279412583323 0.6255587152301325 0.15238934177063682 0.37204320272415037 0.3017398620104091 0.5104200352236704 0.37401181865274724 35.887768997319284 0.0522838165581953 17.325971557897034 0.0522838165581953 100.66158008196771 0.5786548313787943 48.597606432526455 0.5786548313787943 2.8048993541361362 0.6622972547078667 4.9279170070134155 0.021648587025194434 0.5678584542721152 0.010084913909645785 4.776228895227856 1.1714862553887542 2.3058776932861225 1.1714862553887542
210 3.7460186171693244 0.8600803558238599 0.09823890944696212 0.9882089418974025 0.09310890482880005 0.7574346139583539 0.19441317920982584 562.7027628187906 0.05 150.213552126977 0.05 976.4398665928749 0.23861725626073693 260.66070844322735 0.23861725626073693 1.7352675890580649 0.24115429177977168 10.094422572266822 0.08881649996014362 8.90374407678327 0.47487974286880946 225.4013254680442 0.05242248211761655 60.17090369891662 0.05242248211761655
211 1.9538057885628242 0.6123401856199738 0.1653165708167757 0.2517201100513587 0.2669520459803815 0.5613234242070191 0.375720876766561 42.6703536660525 0.05 21.839608581280668 0.05 45.106331042860575 0.4960299901919356 23.086394413868423 0.4960299901919356 1.057088286539 0.5522214664631991 10.916289558984284 0.015164483675788914 0.6751804615151152 0.030507238389630216 13.553802615435602 0.36280578192793955 6.937128907477276 0.36280578192793955
212 14.895932854155667 1.7967323399067745 0.05 1.6192820931825884 0.05369712205612021 0.602806770842882 0.0900677668761575 2051.6253713698375 0.05 137.73057326835863 0.05 5476.931723067374 0.10830069007532037 367.6796731491321 0.10830069007532037 2.6695574150608765 0.12602670531352114 9.149513294475788 0.04237392779521209 32.46322849381585 1.4824532676822904 673.5061329315416 0.040807955135577875 45.21409565454955 0.040807955135577875
213 5.024072027732976 0.9301547689298756 0.08051900233670976 0.648691186864998 0.11162568401068741 0.8077361822661261 0.17258044769914346 236.7817383408436 0.05 47.1294473952212 0.05 455.0301019869521 0.2284239103178259 90.56997978436156 0.2284239103178259 1.9217280233492644 0.29201222313711045 7.555732618298447 0.09174584756286029 3.7466389527475514 0.07043117421497395 31.139752062876088 0.4015520922842419 6.1981101964669385 0.4015520922842419
214 1.3074339487375288 0.49603728875492187 0.1841931031897058 0.46017167925065744 0.2623143475540503 0.8693014154083062 0.39626584797849645 44.41172926751328 0.05 33.96862174980058 0.05 122.1133131492995 0.5103920671589104 93.39922163350074 0.5103920671589104 2.7495734834766754 0.5790499358099527 54.417550333430256 0.11656540813937133 0.7027345568673847 0.02847920255379195 12.42802925592364 0.3924201187663381 9.505665099123568 0.3924201187663381
