clumpdata/N59C_13_physprop_add.txt
# %ECSV 0.9
# ---
# datatype:
# - {name: # _idx, datatype: int64}
# - {name: area_pc2, unit: pc2, datatype: float64, description: projected area of structure}
# - {name: rad_pc, unit: pc, datatype: float64, description: equivalent radius in pc}
# - {name: e_rad_pc, datatype: float64, description: frac error in radius}
# - {name: vrms_k, unit: km / s, datatype: float64, description: rms linewidth in km/s}
# - {name: e_vrms_k, datatype: float64, description: frac error in linewidth}
# - {name: axratio, unit: '', datatype: float64, description: minor to major axis ratio}
# - {name: e_axratio, datatype: float64, description: frac error in axis ratio}
# - {name: mlumco, unit: solMass, datatype: float64, description: CO-based mass with alphascale=2.4 from N59C_12CO_3p5as.pbcor.fits.gz}
# - {name: e_mlumco, datatype: float64, description: frac error in luminous mass}
# - {name: siglum, unit: solMass / pc2, datatype: float64, description: average surface density from mlumco}
# - {name: e_siglum, datatype: float64, description: same as e_mlumco}
# - {name: mvir, unit: solMass, datatype: float64, description: virial mass}
# - {name: e_mvir, datatype: float64, description: frac error in virial mass}
# - {name: sigvir, unit: solMass / pc2, datatype: float64, description: virial surface density}
# - {name: e_sigvir, datatype: float64, description: same as e_mvir}
# - {name: alpha, unit: '', datatype: float64, description: virial parameter}
# - {name: e_alpha, datatype: float64, description: frac error in virial parameter}
# - {name: 8um_avg, unit: MJy / sr, datatype: float64}
# - {name: e_8um_avg, datatype: float64}
# - {name: flux12, unit: Jy km / s, datatype: float64, description: 12CO flux within the structure}
# - {name: flux13, unit: Jy km / s, datatype: float64, description: 13CO flux within the structure}
# - {name: mlte, unit: solMass, datatype: float64, description: LTE mass using H2/13CO=3000000.0}
# - {name: e_mlte, unit: '', datatype: float64, description: fractional unc in mlte}
# - {name: siglte, unit: solMass / pc2, datatype: float64, description: LTE mass divided by area in pc2}
# - {name: e_siglte, unit: '', datatype: float64, description: 'fractional unc in siglte [same as e_lte]'}
# schema: astropy-2.0
# _idx area_pc2 rad_pc e_rad_pc vrms_k e_vrms_k axratio e_axratio mlumco e_mlumco siglum e_siglum mvir e_mvir sigvir e_sigvir alpha e_alpha 8um_avg e_8um_avg flux12 flux13 mlte e_mlte siglte e_siglte
0 5.538231445775825 1.018072368709124 0.1379375711611656 0.23379943954238142 0.16073019970794136 0.47288469553056467 0.25642961459964536 254.62495604867834 0.05 45.975860442396 0.05 64.69556314370462 0.3329032092402516 11.681628652961022 0.3329032092402516 0.25408178423538474 0.4233913205728556 6.05416780188482 0.032254556556266176 4.028975398535443 0.518792366179917 259.2281341159105 0.03575371764792597 46.80702434594559 0.03575371764792597
[from data line 37]
38 15.145667428633622 1.9005879734056983 0.054343662442352336 0.6716280021091237 0.06451173011060826 0.3469617247047859 0.10517015960611291 2413.000485249361 0.05 159.31952134954886 0.05 996.6771048773404 0.15238698963602015 65.80608676201841 0.15238698963602015 0.4130447179642167 0.19749123704323276 49.24678745880275 0.07353178816232396 38.18132975642465 5.159659639010938 3011.6152036743297 0.007626710976567438 198.84334697464203 0.007626710976567438
39 1.4543366396069144 0.6398663903188899 0.2522330857975916 0.16078443094369718 0.35998802085105186 0.4112863937860745 0.5953831944426528 68.93453901227251 0.05 47.39930022728747 0.05 19.23030623761216 0.8129358936796848 13.22273379759574 0.8129358936796848 0.27896474703614926 0.8243908408974182 61.1594589695786 0.05581195455561552 1.0907633028927635 0.12033949799869742 65.04326966617577 0.05571827087681469 44.72366843742313 0.05571827087681469
40 8.681949030380668 1.539253767978488 0.08018332997707472 0.6084410052740038 0.1002824166467911 0.3882906030741344 0.12871224410406962 1545.3689679976123 0.05 177.99793140801867 0.05 662.454556094759 0.2105507201747474 76.30251614892435 0.2105507201747474 0.42867080277477304 0.2584656260079562 47.63180908616223 0.10240145749536107 24.452643739632606 3.83199577510238 2303.29319356798 0.007877539853793402 265.296788256656 0.007877539853793402
41 2.100708479432209 0.6734965279349522 0.27298467973784846 0.19054702751068792 0.5813611104036256 0.5052210082994857 0.45374001134053676 45.42983494002573 0.05 21.625958758592127 0.05 28.428152285312024 1.1155922415963244 13.532649848205374 1.1155922415963244 0.6257595327573058 1.173038312223005 4.07688568188594 0.04165387524844015 0.718844216766273 0.09358614957203758 42.176215915000775 0.08943876849058713 20.077138892875034 0.08943876849058713
42 2.262301439388533 0.7096375602311336 0.17309888573154167 0.2485623220625779 0.2423234976294708 0.599981844181815 0.40236074838052527 182.93856851808158 0.05 80.86392261127111 0.05 50.97017263054544 0.5116657508008229 22.53023038535569 0.5116657508008229 0.27861906345630755 0.5520021392930505 60.745589318213526 0.07030424263260467 2.8946691028109477 0.42688769659927783 244.9902605710725 0.0245356592854105 108.2924920196708 0.0245356592854105
43 4.583363955124821 0.9768279653161763 0.09195681586833508 0.5277678291436274 0.12417703138052956 0.3238933107248495 0.1665911923950269 985.6977985397893 0.05 215.05990102262024 0.05 316.3099308489209 0.24621757600239946 69.01261474015031 0.24621757600239946 0.32089950014852603 0.28732151313593074 40.66310544503041 0.15236088188013416 15.596869166440069 2.7020103891550216 1665.9206402496047 0.00864615038493 363.47116584247686 0.00864615038493
44 5.009381758646038 1.0198271177950753 0.13216564654235657 0.4432441757903211 0.1984150312178094 0.4248283827533789 0.2129170320886061 253.5490662739439 0.05 50.61484200846264 0.05 232.92791910036803 0.4535696005609916 46.49833658581554 0.4535696005609916 0.918669993636277 0.5108848827953216 4.407870460465507 0.02018436515287518 4.011951528468155 0.6478366886050928 315.25191637669207 0.02559883868877998 62.93230014513807 0.02559883868877998
45 2.365133322997103 0.6348369165986049 0.19776531379910434 0.3280378113707623 0.30459957466696447 0.8094937164771919 0.3939567672077063 109.68778226622257 0.05 46.37699752470019 0.05 79.41799168959696 0.672724226278051 33.57865322744609 0.672724226278051 0.7240368074617647 0.8395646231082646 26.923860271524937 0.18244516998159438 1.735608970862425 0.20909886299994979 100.90691978741829 0.053832570347187074 42.664368560647894 0.053832570347187074
46 1.2633631414767135 0.5248386838486558 0.2548595173269206 0.1994154800755836 0.4820508305937458 0.6074734792249417 0.6485710470554694 45.80581902836247 0.05 36.25704876495067 0.05 24.26344648652679 1.0216918001768889 19.205441167268702 1.0216918001768889 0.5297022736675252 1.1060298239338533 3.7989930302597754 0.032645339873427444 0.7247934350447071 0.056428605225849485 25.817158651473033 0.13679151329309622 20.435263467712065 0.13679151329309622
47 4.025133729821158 0.8616818964496976 0.14725917253644155 0.4091482096144375 0.2242732063721027 0.897631857512294 0.28496377786445803 177.15062897603104 0.05 44.01111636703362 0.05 167.69387271950345 0.5066126057983322 41.661689766256366 0.5066126057983322 0.9466174277156695 0.6037298747961142 4.852760327123377 0.02630331167531301 2.8030852733977674 0.340902076390687 158.94612808600914 0.044472208158437755 39.48840926909311 0.044472208158437755
48 1.3221242178244674 0.5784234590268227 0.35691799166094623 0.12327501350052902 0.9575196478775241 0.6427586820951797 0.8074415217820502 29.782166073307405 0.05 22.52599693114573 0.05 10.218918401871154 1.9443909755815145 7.729166642667061 1.9443909755815145 0.3431220676400019 2.137853506726352 4.9081622070736355 0.037718639222833715 0.47124840159997405 0.047734345751168895 22.195471035758644 0.12119345618748145 16.78773502256914 0.12119345618748145
49 49.08018901946162 4.084047998218642 0.05 0.9497192228697655 0.05 0.3709546859274267 0.05192479774267118 6935.1959767461085 0.05 141.30336731172972 0.05 4282.429381018851 0.08798773701295089 87.25372633183528 0.08798773701295089 0.6174921942188725 0.11024837226532766 7.145741404547944 0.053617908157638096 109.73681756027968 13.242470233406825 7187.698925495917 0.005709633489581461 146.44806935535232 0.005709633489581461
50 3.422832697256677 0.9119552297149112 0.15452011830415022 0.5361599683431955 0.2309964531767784 0.575730314493031 0.4017913592915325 137.83000040457912 0.05 40.26781692106855 0.05 304.7692900885864 0.5169251673501476 89.04007792517936 0.5169251673501476 2.2111970484943932 0.5167730473568531 9.106342000511072 0.10241126972910056 2.1809083865326357 0.18987564214901212 90.27709190915927 0.0638593521498911 26.374964800796228 0.0638593521498911
51 5.332567678558686 0.8710200876585665 0.13493064019998655 0.6857352768129507 0.12764946829824458 0.6679208307871596 0.2544520406687324 384.755218507152 0.05 72.15196162520073 0.05 476.1568867886257 0.2990714071460739 89.29223509026778 0.2990714071460739 1.2375579690279748 0.36939317413444883 9.539498593196395 0.03437259258357296 6.088048911023014 0.6396698671198194 304.92466234500444 0.03343879818677694 57.18158319322467 0.03343879818677694
52 25.51699740401222 2.590320648406513 0.05 0.8946923367305013 0.05858146336985212 0.49837887270435405 0.09609086969670773 3007.524509483695 0.05 117.86357390978927 0.05 2410.515220485665 0.1310174398953583 94.46704023674205 0.1310174398953583 0.8014947884496145 0.14383010396788165 5.095824807007284 0.0593329743601252 47.588588699973094 5.081689625651374 2669.9621852690757 0.010165621074266792 104.63465363872548 0.010165621074266792
53 1.6893809449979307 0.5907654039807048 0.1985157070528873 0.3218957107476828 0.31150202384421194 0.595211758120079 0.475952385126227 90.85739693099148 0.05 53.78147374043145 0.05 71.1630166046705 0.6692201266022081 42.12372396846093 0.6692201266022081 0.7832385585371836 0.737121064244267 22.026369111434274 0.046365065417293065 1.4376525913401652 0.21035401138991922 103.65595974183283 0.04604058015903821 61.35736291376235 0.04604058015903821
54 22.769917084754717 2.462224894026756 0.05 0.909113293456969 0.0612334999191491 0.4820510756593354 0.11696185943421866 2610.5662517520323 0.05 114.64979174210085 0.05 2365.7707063375774 0.14447641872511507 103.89896008543424 0.14447641872511507 0.9062289473595374 0.16214964592339867 4.862673386296918 0.05327764010629303 41.30744735677474 4.572597424131914 2418.1272189775787 0.010392730010294992 106.1983322107309 0.010392730010294992
55 20.669208605322506 1.9427865449917847 0.05 0.9108276733255555 0.08102176087217657 0.5410856748858117 0.09037720847162395 3301.5917747531735 0.05 159.73479380836014 0.05 1873.7275261598272 0.16395352758905737 90.65308507638389 0.16395352758905737 0.5675224721868913 0.1903894650782526 9.822225884164405 0.04122775609101643 52.24166803030519 7.528573463952703 4212.879741685649 0.006544197755245494 203.82395001813444 0.006544197755245494
56 3.3493813518219837 0.7360538430156194 0.13421170443695826 0.3243698139431599 0.2225623878789879 0.7488824547002573 0.30653427048909604 210.44417638801656 0.05 62.830760156212115 0.05 90.03251115173857 0.49375860910330005 26.880340485195283 0.49375860910330005 0.42782134767054236 0.6303341287812666 14.077058189793638 0.06613285303675154 3.32989498832066 0.39962514292143064 196.59063727150988 0.03802838787269096 58.694611518204475 0.03802838787269096
57 21.506553943278004 2.430075353023442 0.05 0.9026419941653218 0.057025456527113536 0.48077620781453223 0.125734370722363 2457.1849584558604 0.05 114.25284426954266 0.05 2301.758339789589 0.13536086023532254 107.0259022370721 0.13536086023532254 0.9367460645844323 0.15403294311855986 4.862411626701147 0.05559725920904497 38.88046709247439 4.373152973328586 2320.842714178571 0.010455525199038898 107.91327705496788 0.010455525199038898
58 14.704959356025467 1.9287262198936443 0.08311888078392375 0.6617647418081223 0.10821365365593888 0.855209616048935 0.10688916381932252 1702.881594360932 0.05 115.80321666534654 0.05 981.9440645064105 0.22653131625557893 66.77638752561744 0.22653131625557893 0.5766367243372084 0.25618749781311023 4.229161205587092 0.030694777743015322 26.944994540530402 3.0636048904787736 1653.4741949396282 0.012149000311606022 112.44330262375766 0.012149000311606022
59 2.6883192429097504 0.7205816497874629 0.19890359178799286 0.19414276694629026 0.24909288522425632 0.650397627632596 0.40007948136741983 99.56686419175811 0.05 37.03684540233032 0.05 31.57435908075492 0.4953340476060524 11.745018440064376 0.4953340476060524 0.3171171386892846 0.6610039525916965 4.82891641939924 0.03027617811313742 1.5754639469418419 0.23013550864877985 108.64170537327874 0.04856010083813055 40.41250147645726 0.04856010083813055
60 1.278053410563652 0.5184237077514215 0.3656919243617721 0.19722074447870538 1.0752430161906628 0.8238441877220112 0.8264359625175342 21.658510465883733 0.05 16.94648305529877 0.05 23.4422318579401 2.2492352616968936 18.342137866993774 2.2492352616968936 1.0823566050336688 2.281161995628677 6.766156136304483 0.07828339556959897 0.34270641089151294 0.03559173016969131 16.059166943887007 0.15317435265928267 12.56533319433382 0.15317435265928267
61 1.5130977159546684 0.5169075269171739 0.17913184363020654 0.5586463496541064 0.21922870314132759 0.7837270370647602 0.4158055147098031 202.39530400350841 0.05 133.762216325738 0.05 187.54077325596162 0.5202429921474763 123.94491861197169 0.5202429921474763 0.9266063468187518 0.5851008816430014 12.4345494520317 0.06405119928440971 3.2025364341831692 0.6805629616361483 432.34127876031624 0.014419192475455301 285.73255659667456 0.014419192475455301
62 9.651506790118614 1.4932879030254802 0.07107223939010421 0.6641395618138595 0.12491472328053918 0.6320090693421658 0.15969938506324796 1295.9936288980675 0.05 134.27889106651503 0.05 765.7220706004229 0.25912680079179107 79.33704935942053 0.25912680079179107 0.5908378355621132 0.28950331236744264 4.1141942037294985 0.03283717456833825 20.506736018748185 2.513317004588578 1377.9687200065644 0.012642068301240622 142.7723929508451 0.012642068301240622
63 6.772214049078662 1.2792189516970767 0.1113798004432574 0.5072686680881443 0.13882355678467376 0.6895367485495604 0.22494596956383248 765.6815825313507 0.05 113.06222410904441 0.05 382.67481200715224 0.2678800457911947 56.506603192675804 0.2678800457911947 0.49978322678472376 0.3200064442660991 4.03953412815185 0.034387832589944864 12.115513740838903 1.716177782122315 959.1087680174167 0.013712166353854057 141.62410713345665 0.013712166353854057
64 4.304248842472989 0.9304142427141898 0.15231048887023566 0.4865368412767186 0.171775125057415 0.6286612163054534 0.2786584901018467 559.9135763882775 0.05 130.08392332321137 0.05 256.0452526548559 0.3494465966058507 59.48662868379751 0.3494465966058507 0.45729423870461544 0.4132407321990883 3.842192679948774 0.02651688718042094 8.859610859090735 1.3606844300617644 765.7617709386399 0.01469974326967748 177.9083410285997 0.01469974326967748
65 0.8667258761293731 0.408934532054474 0.3116457519388631 0.30277955747832397 0.446431779533235 0.9426257097046549 0.549541298376267 69.86723290947994 0.05 80.61053077299736 0.05 43.5828675098993 0.9468649113206632 50.2844886834714 0.9468649113206632 0.6237955289622721 1.0027062992553364 4.6456873214850996 0.04895555131080149 1.1055215013024788 0.12035025698697543 66.95152616136359 0.05650614901995239 77.24648358297078 0.05650614901995239
66 1.7187614831718077 0.5689077463140085 0.20578492726876774 0.22832650014068182 0.2794969453746102 0.8309341163487964 0.4324584171560383 54.56919779693463 0.05 31.74913932573848 0.05 34.47969394235883 0.5677458922454611 20.060778810757323 0.5677458922454611 0.6318526812629027 0.7041778559221307 6.760126325819227 0.034392422212686846 0.8634579753826579 0.13552258493298233 61.82002889635493 0.06837774038386925 35.96777650746051 0.06837774038386925
67 1.8803544431281314 0.6350556545966762 0.24249591484679658 0.16015858958461376 0.2285003105873269 0.6257027610891664 0.503126587178367 77.75499932318056 0.05 41.35124609476734 0.05 18.937435824552054 0.519745267034603 10.071205401598649 0.519745267034603 0.2435526459956687 0.5917877414737069 4.288312118500471 0.04399225674789818 1.230330925921087 0.15582451479522585 76.625517043473 0.05550240412502784 40.75057089555938 0.05550240412502784
68 2.365133322997103 0.6024187965217159 0.13446356479704383 0.45952261864736965 0.1728979115441163 0.8461565319194949 0.2721847862513179 166.1580568577175 0.05 70.25314608783304 0.05 147.88400918135633 0.38708623155149824 62.5267115994786 0.38708623155149824 0.8900200927842495 0.5123058169149527 27.157438266351356 0.13831019341872047 2.629148033291529 0.45331974737848135 219.48243159057643 0.032471063943680364 92.79917941896304 0.032471063943680364
69 2.7030095119966893 0.7454870252302622 0.2088102488628574 0.20272334906002487 0.25536302297750485 0.5265288315353281 0.4355307384840302 140.69553592588113 0.05 52.051439442383085 0.05 35.61693546129658 0.5132030538364158 13.176770301110285 0.5132030538364158 0.2531490087934254 0.6292196610595115 9.01125496107599 0.06330091872598624 2.226249931207516 0.2455362777501273 123.68130526749867 0.04761180621537237 45.75688865265457 0.04761180621537237
70 32.83275140930761 3.0967074252927347 0.05 1.585835937003952 0.05 0.553119558219799 0.04863399243678234 9464.335587430242 0.05 288.2589847388556 0.05 9053.689613526181 0.09111033949092179 275.75177908969243 0.09111033949092179 0.9566112200787293 0.1261739109487182 61.99221590456013 0.08773857295054813 149.75584258213553 15.592443956794915 9914.217072537349 0.0049352693941716935 301.9612017568169 0.0049352693941716935
71 34.30177831800146 3.2245291461902683 0.05 1.84029879578224 0.05 0.5329061857075762 0.042066851698415 10020.707528983508 0.05 292.1337615818208 0.05 12695.56128390048 0.10761578013912976 370.11379311602315 0.10761578013912976 1.2669326239869119 0.1344692543719075 62.3347253207221 0.08393852495020988 158.55941218220636 16.32156635413217 10320.78765213395 0.004937968988274695 300.8819996576572 0.004937968988274695
