clumpdata/N59C_12_physprop_add.txt
# %ECSV 0.9
# ---
# datatype:
# - {name: # # # _idx, datatype: int64}
# - {name: area_pc2, unit: pc2, datatype: float64, description: projected area of structure}
# - {name: rad_pc, unit: pc, datatype: float64, description: equivalent radius in pc}
# - {name: e_rad_pc, datatype: float64, description: frac error in radius}
# - {name: vrms_k, unit: km / s, datatype: float64, description: rms linewidth in km/s}
# - {name: e_vrms_k, datatype: float64, description: frac error in linewidth}
# - {name: axratio, unit: '', datatype: float64, description: minor to major axis ratio}
# - {name: e_axratio, datatype: float64, description: frac error in axis ratio}
# - {name: mlumco, unit: solMass, datatype: float64, description: CO-based mass with alphascale=2.4 from N59C_12CO_3p5as.pbcor.fits.gz}
# - {name: e_mlumco, datatype: float64, description: frac error in luminous mass}
# - {name: siglum, unit: solMass / pc2, datatype: float64, description: average surface density from mlumco}
# - {name: e_siglum, datatype: float64, description: same as e_mlumco}
# - {name: mvir, unit: solMass, datatype: float64, description: virial mass}
# - {name: e_mvir, datatype: float64, description: frac error in virial mass}
# - {name: sigvir, unit: solMass / pc2, datatype: float64, description: virial surface density}
# - {name: e_sigvir, datatype: float64, description: same as e_mvir}
# - {name: alpha, unit: '', datatype: float64, description: virial parameter}
# - {name: e_alpha, datatype: float64, description: frac error in virial parameter}
# - {name: 8um_avg, unit: MJy / sr, datatype: float64}
# - {name: e_8um_avg, datatype: float64}
# - {name: flux12, unit: Jy km / s, datatype: float64, description: 12CO flux within the structure}
# - {name: flux13, unit: Jy km / s, datatype: float64, description: 13CO flux within the structure}
# - {name: mlte, unit: solMass, datatype: float64, description: LTE mass using H2/13CO=3000000.0}
# - {name: e_mlte, unit: '', datatype: float64, description: fractional unc in mlte}
# - {name: siglte, unit: solMass / pc2, datatype: float64, description: LTE mass divided by area in pc2}
# - {name: e_siglte, unit: '', datatype: float64, description: 'fractional unc in siglte [same as e_lte]'}
# schema: astropy-2.0
# # # _idx area_pc2 rad_pc e_rad_pc vrms_k e_vrms_k axratio e_axratio mlumco e_mlumco siglum e_siglum mvir e_mvir sigvir e_sigvir alpha e_alpha 8um_avg e_8um_avg flux12 flux13 mlte e_mlte siglte e_siglte
0 8.828851721250055 1.2317191307623654 0.0844531496004312 0.5684213964768445 0.09548069240236384 0.8507077231704228 0.16772190249534352 121.00663577461656 0.05 13.70581810580952 0.05 462.6594496052412 0.22108269430265073 52.403128313014 0.22108269430265073 3.823422134195824 0.2626264287367541 5.708700253047086 0.03627393613289244 1.9147092436416782 0.010171412361580468 6.996185620139444 1.8368141468783648 0.7924230512672912 1.8368141468783648
[from data line 36]
37 297.58078089411373 9.064970628355667 0.05 3.9161460985839263 0.05 0.3339393371088408 0.021074332220883393 48451.92375505392 0.05 162.8193985158412 0.05 161619.25029850664 0.0297899866823078 543.1105120865134 0.0297899866823078 3.335662194045463 0.03993076739248584 29.988291707297577 0.04239291694014404 766.6633443217394 34.86655589283364 20145.353245853043 0.008179964822725701 67.6970911405103 0.008179964822725701
38 2.6148678974750577 0.7236789245386502 0.18472578258524092 0.24115772900415378 0.23773804663195416 0.5497210933885314 0.3706351498854014 55.3919841848362 0.06854035468424574 21.183473260092125 0.06854035468424574 48.92797157277565 0.5543934718099023 18.711450631988324 0.5543934718099023 0.8833041872901513 0.6459579424702011 4.902857677320416 0.03967141157069092 0.8764770661081568 -0.006826610680595123 1.0488899830749543 17.23611606030552 0.40112541979186517 17.23611606030552
39 291.4843192230343 9.047060164863183 0.05 3.9070861687410634 0.05 0.33375668841342204 0.024818660669484394 48135.96392997396 0.05 165.14083521982494 0.05 160554.45952928133 0.029298769246169504 550.81679850651 0.029298769246169504 3.335436676054701 0.03735968797426275 30.339208031238993 0.04253144982322847 761.663781094554 34.94052805884739 20169.26379738052 0.00805422146857938 69.19502171212051 0.00805422146857938
40 5.49416063851501 1.0460070195060067 0.09666323535705558 0.4674802762421564 0.12252498449958454 0.6473335164821633 0.22408134166716154 91.4788303097164 0.05 16.650192145536135 0.05 265.74805738852854 0.2843641873559072 48.36918227792413 0.2843641873559072 2.905022467917391 0.35702560945591383 7.541962401752166 0.04347512105421766 1.4474856508439409 0.006753595254937625 4.589199685852034 2.231622183564559 0.8352867685886276 2.231622183564559
41 2.3798235920840414 0.6781487518035099 0.1710126487815601 0.3405840514416269 0.32591551799862245 0.8556717785933119 0.3406376100244197 43.65935396666022 0.05 18.34562616820988 0.05 91.44974461322454 0.6135392379447204 38.427110697369315 0.6135392379447204 2.0946197390611574 0.701250117971736 7.339672974598261 0.05817815251630558 0.6908295609550481 0.0033550245598505534 1.909201172538478 3.0907584313201895 0.8022448297802471 3.0907584313201895
42 2.9380538173877055 0.7317589022588075 0.19725688026206253 0.3169970297168811 0.3038087686067289 0.8385765874808867 0.34986083346570784 16.125422959712907 0.11174038075725241 5.488470927346868 0.11174038075725241 85.48448819107179 0.5730051415904276 29.095616862143835 0.5730051415904276 5.3012245573119365 0.6514738433036725 9.39160020828247 0.024716408296120075 0.25515538449504666 0.01641674243862246 7.492243902592345 0.7387974509746669 2.5500703418883863 0.7387974509746669
43 1.3074339487375288 0.4965558722283427 0.2366827590490371 0.2586159806359369 0.3376914755754215 0.7400699558472749 0.5085132378119251 8.005629265212024 0.15795435369228528 6.12316153557305 0.15795435369228528 38.608928868717996 0.657950256472405 29.53030927948533 0.657950256472405 4.822722560547583 0.7120643933103653 9.345483587029275 0.05537419255298292 0.12667449242580284 -0.01739674208157117 -7.207555012549781 -0.5714693331473015 -5.512748861622774 -0.5714693331473015
44 0.8961064143032502 0.4565337918953754 0.34267088202154106 0.19305215250789226 0.4640820476258798 0.4785712212334848 0.8565926355391628 6.261543565797728 0.12455663201332862 6.987499995373057 0.12455663201332862 19.780221065815077 0.9907112428508076 22.07351799975095 0.9907112428508076 3.1590007891760234 0.9844881141131284 7.40731544963649 0.05854241894024682 0.09907749039674779 -0.0035455784197158664 -1.3224140733422562 -1.9009485363301566 -1.4757332971112287 -1.9009485363301566
45 131.53666940444757 6.2514112104858475 0.05 2.0019790568651925 0.05 0.5645334460689454 0.03225991694337471 6885.79075579224 0.05 52.3488300788572 0.05 29127.689916387262 0.04198608670664219 221.44159532294182 0.04198608670664219 4.230115457964711 0.0518405343774906 4.832081357629166 0.01831757931959576 108.95507732376639 3.860080053200873 1831.0484004466052 0.04565960912907714 13.920440655346965 0.04565960912907714
46 117.38994027372578 6.101056790186534 0.05 1.9950283152730632 0.05 0.5392527110427524 0.028647017785144478 6531.670521726463 0.05 55.64080283622379 0.05 28230.08013902542 0.048379606483147646 240.48125480939422 0.048379606483147646 4.322030642103422 0.05547769012524034 4.902986195161724 0.01892999437228611 103.35176103365036 4.000893263564954 1874.5544317820043 0.04082412796528834 15.968612194630847 0.04082412796528834
47 4.245487766125234 1.0117472496873148 0.25570456297177013 0.22334391670367731 0.32958727347547717 0.6151418767336642 0.46333415611519124 63.40841547834676 0.11608322416469834 14.935484206145356 0.11608322416469834 58.67177185960116 0.7060514256665628 13.819795296018397 0.7060514256665628 0.9252994482985762 0.748744453491641 6.803655177251691 0.06439524705536638 1.0033225263772716 0.00108174417676459 0.4987173780727452 8.342866014349157 0.11746998355572082 8.342866014349157
48 59.36337738031859 4.358796130395186 0.05 2.0805630499521435 0.05 0.44574386268695976 0.04909701522636391 4218.344993799362 0.05 71.05972031837119 0.05 21934.97959923103 0.06071598192837861 369.50356545083264 0.06071598192837861 5.199901769882202 0.07176179838393518 5.3788138603521025 0.025205323357811206 66.74761143267331 3.5801450953064666 1643.9249427020857 0.029492483787856856 27.69257773475528 0.029492483787856856
49 57.497713206277396 3.407079991948891 0.05 1.7655670617356476 0.05 0.8392914834609392 0.047272318515777866 5386.888198385931 0.05 93.68873817746564 0.05 12346.94978275217 0.06130908194543345 214.7381016433915 0.06130908194543345 2.2920375044077725 0.07999341621548704 10.008906272825808 0.028712936597190947 85.23767736088438 2.4511035027985 1138.8503264415115 0.04948240473757183 19.806880359846655 0.04948240473757183
50 274.7080319257505 8.96623180404927 0.05 3.847391987443305 0.05 0.3337279621415692 0.021167930854409003 47044.07769060033 0.05 171.25119116763082 0.05 154294.9636319487 0.03137984886765493 561.6689200905939 0.03137984886765493 3.2797956981262635 0.03998485879589351 31.261094392633694 0.04312132703572022 744.3866636831416 35.28857030301603 20297.15662024661 0.00764439929720248 73.88628748114881 0.00764439929720248
51 52.752756291196256 3.332223355013719 0.05 1.7489643593632362 0.05 0.8163821080099765 0.050185859289045356 5254.983469019306 0.05 99.6153345999912 0.05 11849.634052406032 0.06131134224549114 224.62587522433554 0.06131134224549114 2.254932698126533 0.07991508124345718 10.01796948083162 0.030687256566511667 83.15052793289075 2.4521023223072937 1136.8152398990844 0.04790276863379283 21.549873785245303 0.04790276863379283
52 1.1752215269550823 0.4821217089883049 0.26856909874791757 0.49678943378568136 0.3090627607453841 0.4685452652374876 0.5154945771593402 10.339386216344302 0.10919827094049657 8.797818946639733 0.10919827094049657 138.3280654897225 0.761920142650416 117.70382205993192 0.761920142650416 13.378750207730528 0.7693849042160822 6.46588042974472 0.024174789590539248 0.1636019213837444 0.0045260138083807475 2.1606329665356143 1.7130688003473846 1.8384899501744705 1.7130688003473846
53 51.97417202958851 3.324139640206255 0.05 1.7418758381259007 0.05 0.8174729818195909 0.05084276167629177 5214.580570179871 0.05 100.33022877615538 0.05 11725.262246209802 0.06023194401285782 225.5978650229329 0.06023194401285782 2.2485532802507553 0.06637444938018608 10.028258683925433 0.030909991702977025 82.51121191871225 2.4632103086130224 1140.9023025449526 0.047203538302551466 21.95133194032308 0.047203538302551466
54 49.97629543376487 4.055386042428564 0.05 2.0674592295805483 0.05 0.3841975214026756 0.04949506020368788 3855.509619768889 0.05 77.1467670083453 0.05 20151.85481613917 0.07188078372401988 403.2282633443098 0.07188078372401988 5.226768132755206 0.07981463272991993 5.52053754915566 0.02639530965176787 61.00640624600346 3.499240072766508 1602.9520288395129 0.027426186506125327 32.07424669889658 0.027426186506125327
55 17.804606133369496 2.012079905941159 0.05 1.158616266063251 0.08238281100155398 0.37361092661933976 0.08295302689320332 405.90767007658377 0.05 22.797902241478358 0.05 3140.0269980326166 0.18387239025978283 176.3603740802533 0.18387239025978283 7.73581587517225 0.2139242254388763 12.3579551091682 0.08366344734636551 6.422747988726554 0.15600082035562723 76.0797005308766 0.3264098078923329 4.273034739492921 0.3264098078923329
56 4.921240144124407 1.0636904319130458 0.0972744447880608 0.624950098291333 0.208285772597782 0.2613200010588164 0.20506166904340356 46.25924985964571 0.06558300143174557 9.399917196659423 0.06558300143174557 482.9640999412887 0.42632320710843863 98.13869792920221 0.42632320710843863 10.44037898164455 0.4589456333576328 15.357642723197367 0.10426914777027187 0.7319681986135913 0.021282809360265983 10.720878116213546 0.9158655365559927 2.178491153091457 0.9158655365559927
57 2.673628973822812 0.7052482440872443 0.1348596185307369 0.5658653894874145 0.26702588507286706 0.430196694325425 0.275417760834667 24.59766652542621 0.08859959818288164 9.200104713952115 0.08859959818288164 262.5289443957912 0.5186576447228062 98.19198810537338 0.5186576447228062 10.67292070670278 0.5885667351620125 16.849246386643294 0.11555960058373502 0.3892131782128041 0.02540603605408136 11.940762121928207 0.5923891098942042 4.4661253445555875 0.5923891098942042
58 12.85398545107121 2.4743176652634453 0.059086874426934936 1.0137487433232355 0.10716500204970271 0.5399284670447395 0.08398441830080346 778.6861294214136 0.05 60.57935356979266 0.05 2956.140211179064 0.2389172862633521 229.97849362998218 0.2389172862633521 3.796318053559734 0.2492606847049202 6.420241609845843 0.017204215369119962 12.321287281236106 0.4958741688559267 215.63417150348232 0.08601213153300769 16.775666374004807 0.08601213153300769
59 7.536108041599463 1.4761335966611986 0.08026120421984086 0.4598927870292193 0.10489704502116451 0.5473353081988668 0.15205081458412584 497.9661510389728 0.05 66.07736357947496 0.05 362.9508156074258 0.23421720735960236 48.161572738067214 0.23421720735960236 0.7288664397171443 0.2569651550480916 6.359431161750362 0.023888466875470152 7.879405141222749 0.30361332323844686 132.82449551235067 0.11269087266696863 17.625078459485568 0.11269087266696863
60 92.10798717510457 4.92599807101399 0.05 1.5886669300960343 0.05 0.5860692096828071 0.03972495855461074 4305.6139739458295 0.05 46.74528350902421 0.05 14453.361447373367 0.08200515497238027 156.91756915604273 0.08200515497238027 3.356864209107848 0.10394188762355837 6.725409829293332 0.018260692461713874 68.12848694586764 1.6380532889609096 763.0942231161177 0.08200599600865902 8.284777971159171 0.08200599600865902
61 82.63276361402922 4.855014414330798 0.05 1.4686150347067108 0.05 0.5826703708359215 0.042268997964539645 4049.9108755703896 0.05 49.010957620722785 0.05 12173.497727499029 0.08158815382583572 147.32047186949268 0.08158815382583572 3.005868055253071 0.10463840321513156 6.770933084869385 0.019435290364436607 64.08245160080983 1.643566922525905 757.8276357529364 0.07589062028358053 9.17103098829765 0.07589062028358053
62 2.4973457447795497 1.0319510182239595 0.17692038546007707 0.4348554197140144 0.24315640699246313 0.6644803872701278 0.3532441307726469 26.239696982816035 0.06870959625642892 10.507034133206218 0.06870959625642892 226.85991956873386 0.531994725504463 90.84041328396827 0.531994725504463 8.645676042574 0.5690573082613967 17.0611112650703 0.14322802384547548 0.4151953123139518 -0.010350210287114654 -4.145336579479953 -1.3897488416805615 -1.659896947847675 -1.3897488416805615
63 77.91718723712195 4.789009995588883 0.05 1.4465442551785113 0.05 0.5753480471725326 0.04339454106641853 3950.5486244492704 0.05 50.70188958986339 0.05 11649.790321260063 0.08550711179979882 149.5150265859414 0.08550711179979882 2.9489044253655052 0.106579205761696 6.805407658151911 0.019923206699156624 62.51021907348692 1.648672249809385 757.1571201806818 0.07334599268010022 9.717459613582543 0.07334599268010022
64 57.29204943906026 3.8791736816756055 0.05 1.3870766311260672 0.05 0.4117506874817765 0.02830208907829 3396.1211254898117 0.05 59.27735451499529 0.05 8676.589484169435 0.1026207678744723 151.44491372050584 0.1026207678744723 2.554852775728969 0.11976207081417359 6.903263633190058 0.024355335205050933 53.73742222107041 1.6513722741214205 748.1459588010687 0.06350363686954005 13.058460399411054 0.06350363686954005
65 54.83877450154152 3.7918011671544933 0.05 1.1898845654052794 0.05 0.400517121731553 0.03348801416540756 3206.246734202853 0.05 58.466783099114025 0.05 6241.1430030513875 0.09641646543833492 113.80894375887172 0.09641646543833492 1.9465573052983023 0.12173569864884114 6.895671025313739 0.02507207030724686 50.73300502797829 1.6232255831854543 732.9911140428675 0.06106210632685066 13.366292750073455 0.06106210632685066
66 10.621064549856555 1.2982757822726811 0.06338261816155386 0.8333564483378302 0.08945719476262176 0.5649841966656195 0.11765440353198812 296.0987058946376 0.05 27.878439539154915 0.05 1048.1838692973447 0.20383317002136103 98.68915346263489 0.20383317002136103 3.5399812577037255 0.27154240945992564 8.670948622797205 0.06070624805734716 4.685222046228508 0.14568986900117503 65.68813421764042 0.25028461497518684 6.184703417373316 0.25028461497518684
67 271.63776568658034 8.952188924040296 0.05 3.83977765421481 0.05 0.33329789923895875 0.02456049832387625 46771.266210571266 0.05 172.18248755784805 0.05 153444.14023223534 0.028012885417058323 564.8851507977777 0.028012885417058323 3.2807352176741755 0.03705389393588654 31.411358134316288 0.04328760933922273 740.0698731371633 35.36341260889768 20324.036356600343 0.007547812464767597 74.82036345436045 0.007547812464767597
68 1.6306198686501765 0.6073558958952591 0.2105228228827319 0.3528842575466444 0.3987951393897909 0.40018563100992904 0.46460790290479803 81.19159585123322 0.05 49.79185977811213 0.05 87.9258825903069 0.9230774652224544 53.92175348819449 0.9230774652224544 1.0829431503158635 0.9366630045507373 6.356208848523664 0.022432806104714674 1.284708802673035 0.0648285782692916 28.947932373484768 0.1877159820662058 17.752716577314736 0.1877159820662058
69 52.26797741132728 3.674156163337733 0.05 1.1371574311866293 0.05 0.3944695942023789 0.03355679275571005 3082.5730359823715 0.05 58.97632142380031 0.05 5523.415499886952 0.08914155065153419 105.67494235370856 0.08914155065153419 1.7918198321379655 0.11439315077632466 6.89824871630934 0.025957202048643713 48.77609816216397 1.628024091957444 732.6853074287582 0.05826415331612397 14.01786224982132 0.05826415331612397
70 47.111692961811855 3.358427565577006 0.05 1.0583284596471532 0.05 0.3738063041984577 0.046083756847415024 2909.1939872086323 0.05 61.75099650031232 0.05 4373.064181453538 0.1061369733865203 92.82332912549522 0.1061369733865203 1.5031875497754235 0.13099956901349924 6.864125959814468 0.028366069646955476 46.03268709366479 1.6216192287664348 726.7777612250968 0.055022673063292275 15.426695912078848 0.055022673063292275
71 32.65646818026435 2.713755684706571 0.05 1.0311553308918724 0.054286033219061794 0.3588665597203571 0.05312360708139052 2402.439082303886 0.05 73.56702105819818 0.05 3354.500372484925 0.11089148190451088 102.7208562165393 0.11089148190451088 1.3962894614867958 0.12994357978910237 6.902444420126822 0.03789955938260033 38.014216120107044 1.5329406498500509 682.5916083796163 0.04892044472643249 20.902187113796177 0.04892044472643249
