clumpdata/N59C_12_physprop_add.txt
# %ECSV 0.9
# ---
# datatype:
# - {name: # # # _idx, datatype: int64}
# - {name: area_pc2, unit: pc2, datatype: float64, description: projected area of structure}
# - {name: rad_pc, unit: pc, datatype: float64, description: equivalent radius in pc}
# - {name: e_rad_pc, datatype: float64, description: frac error in radius}
# - {name: vrms_k, unit: km / s, datatype: float64, description: rms linewidth in km/s}
# - {name: e_vrms_k, datatype: float64, description: frac error in linewidth}
# - {name: axratio, unit: '', datatype: float64, description: minor to major axis ratio}
# - {name: e_axratio, datatype: float64, description: frac error in axis ratio}
# - {name: mlumco, unit: solMass, datatype: float64, description: CO-based mass with alphascale=2.4 from N59C_12CO_3p5as.pbcor.fits.gz}
# - {name: e_mlumco, datatype: float64, description: frac error in luminous mass}
# - {name: siglum, unit: solMass / pc2, datatype: float64, description: average surface density from mlumco}
# - {name: e_siglum, datatype: float64, description: same as e_mlumco}
# - {name: mvir, unit: solMass, datatype: float64, description: virial mass}
# - {name: e_mvir, datatype: float64, description: frac error in virial mass}
# - {name: sigvir, unit: solMass / pc2, datatype: float64, description: virial surface density}
# - {name: e_sigvir, datatype: float64, description: same as e_mvir}
# - {name: alpha, unit: '', datatype: float64, description: virial parameter}
# - {name: e_alpha, datatype: float64, description: frac error in virial parameter}
# - {name: 8um_avg, unit: MJy / sr, datatype: float64}
# - {name: e_8um_avg, datatype: float64}
# - {name: flux12, unit: Jy km / s, datatype: float64, description: 12CO flux within the structure}
# - {name: flux13, unit: Jy km / s, datatype: float64, description: 13CO flux within the structure}
# - {name: mlte, unit: solMass, datatype: float64, description: LTE mass using H2/13CO=3000000.0}
# - {name: e_mlte, unit: '', datatype: float64, description: fractional unc in mlte}
# - {name: siglte, unit: solMass / pc2, datatype: float64, description: LTE mass divided by area in pc2}
# - {name: e_siglte, unit: '', datatype: float64, description: 'fractional unc in siglte [same as e_lte]'}
# schema: astropy-2.0
# # # _idx area_pc2 rad_pc e_rad_pc vrms_k e_vrms_k axratio e_axratio mlumco e_mlumco siglum e_siglum mvir e_mvir sigvir e_sigvir alpha e_alpha 8um_avg e_8um_avg flux12 flux13 mlte e_mlte siglte e_siglte
0 8.828851721250055 1.2317191307623654 0.0844531496004312 0.5684213964768445 0.09548069240236384 0.8507077231704228 0.16772190249534352 121.00663577461656 0.05 13.70581810580952 0.05 462.6594496052412 0.22108269430265073 52.403128313014 0.22108269430265073 3.823422134195824 0.2626264287367541 5.708700253047086 0.03627393613289244 1.9147092436416782 0.010171412361580468 6.996185620139444 1.8368141468783648 0.7924230512672912 1.8368141468783648
[from data line 354]
355 12.736463298375703 2.4898877688973813 0.05 1.1847172298702497 0.05953174878318616 0.41722163168955695 0.08321587715184 5574.172531317525 0.05 437.65466132410603 0.05 4062.7312684377134 0.12190914574176892 318.98425593200886 0.12190914574176892 0.7288492140514059 0.13112155029652106 63.23725021036714 0.16983177635468014 88.20111170101033 10.18829985157446 6873.726630875484 0.005238088323691739 539.6888029153351 0.005238088323691739
356 1.5130977159546684 0.5524618320378312 0.2693857879974563 0.2847195607774167 0.34526058556833145 0.7038642175355037 0.5485004207880357 11.857532448614833 0.18672834009095174 7.836593977761367 0.18672834009095174 52.06499186455498 0.7511051531692468 34.40953701506666 0.7511051531692468 4.390879138655622 0.8086322528409559 3.377659508325521 0.07620831402897027 0.18762380381631427 0.0018300508806021467 2.436397521396896 4.2263297268596 1.6102050090398055 4.2263297268596
357 0.8961064143032502 0.4756899466215249 0.2844027358285898 0.14717630739476334 0.49096223432569874 0.39194160767247616 0.7856329085982727 29.258802561688068 0.05 32.65103574159512 0.05 11.97867255592973 1.0511234395658688 13.367466591837209 1.0511234395658688 0.40940405987819856 1.021588177560137 8.011982222072414 0.10189719603767805 0.46296718603836157 0.007489947806143224 3.347149986849128 0.7742220876133121 3.7352148510750682 0.7742220876133121
358 7.976816114207621 1.0938645460578371 0.06119471206109685 1.6582847829424356 0.0750022632652108 0.4716597199155001 0.12591375304604963 250.21093324391603 0.05 31.367268551955434 0.05 3496.960227462195 0.18384621668030443 438.39047777893603 0.18384621668030443 13.976048856559007 0.24421728458120193 21.14830710303937 0.06198442395350115 3.9591313815085893 0.15896365035272686 72.19442195673197 0.23549547108124344 9.050531054382144 0.23549547108124344
359 2.3504430539101646 0.6352130695163738 0.21983316939932865 0.3860718528043703 0.28604125037972467 0.8958375476307787 0.3525188544582704 13.994385825810188 0.12394472486793048 5.953935281490577 0.12394472486793048 110.06889849385276 0.5829188211735564 46.829000307301065 0.5829188211735564 7.865218228502033 0.6488479420322144 5.032634881138802 0.02246621281810935 0.22143562677530645 -0.023053720096268788 -9.595052801509011 -0.5801226724454731 -4.082231554407078 -0.5801226724454731
360 4.509912609690128 0.9550534668801003 0.07968895556946279 0.9846232535177369 0.11742903808670911 0.3680373499560788 0.16307439497603463 163.52675591874632 0.05 36.259406793689976 0.05 1076.407654046733 0.27489275362040627 238.6759450136423 0.27489275362040627 6.582455867843313 0.32782525241406235 22.774633935686044 0.07591120791464563 2.5875125244562596 0.12979663531323699 57.41839817660155 0.19826202420219013 12.731598845891321 0.19826202420219013
361 5.861417365688472 0.948566527830713 0.10174361020920096 0.4165569751916714 0.12933931303885993 0.5717790150472725 0.16361579253809638 228.47000998126012 0.05 38.97862850010928 0.05 191.348707596594 0.2895207348877568 32.645467070253325 0.2895207348877568 0.837522209642697 0.4066028391806863 4.892291796834845 0.053590002367410974 3.615121064455049 0.27638128012437313 126.47069543877313 0.10269033489011384 21.576811127476862 0.10269033489011384
362 3.3346910827350458 0.7809349687789501 0.09585756497744048 0.7234547001646389 0.12989340396585972 0.43062961548173867 0.2398312917417806 165.52933590642155 0.05 49.638581745526416 0.05 475.16721788581435 0.26931460008028324 142.49212478659098 0.26931460008028324 2.870592184061198 0.3377719046006253 12.604953198706001 0.029184715728579724 2.6191998336730147 0.1368504501666118 59.35190984349307 0.15048715123376846 17.79832325422295 0.15048715123376846
363 0.7051329161730493 0.3889129010736494 0.2760985097248946 0.30154620259671766 0.44184137001828144 0.7770389700453849 0.6647670405970385 10.838200791488196 0.08676518464551776 15.370436612589438 0.08676518464551776 41.11203674601846 0.9533615938215396 58.30395348602476 0.9533615938215396 3.7932529150323444 1.0101556654592574 60.697227001190186 0.06869007748760879 0.17149474403797169 -0.004787423601697883 -1.9970396724378685 -1.4800882455141358 -2.8321464317342513 -1.4800882455141358
364 2.423894399344857 0.7112791880948375 0.11238858844412082 0.8124382903694033 0.19406425710764053 0.7513830134483209 0.2654722977333633 239.55200523989615 0.05 98.82939013541329 0.05 545.7952908447652 0.40624365968121534 225.17288335345205 0.40624365968121534 2.278400008792186 0.42711655862217335 61.15947080669981 0.08639908890616094 3.7904734855035813 0.19876947148897134 92.68380157377187 0.08441845558989715 38.23755754327538 0.08441845558989715
365 2.982124624648521 0.6661904172164446 0.19486149901766334 0.3371928793353764 0.19097465193421947 0.8916174609810984 0.29973177980258425 47.18482003757662 0.06223720415344465 15.82255136072253 0.06223720415344465 88.05704076874386 0.4331221604598272 29.528290012065618 0.4331221604598272 1.8662154629098466 0.6150236185779591 9.180361881631935 0.0473645792137684 0.7466136581011948 0.03796662963197237 18.02709109134449 0.6383646057531801 6.045049540298537 0.6383646057531801
366 2.820531664692197 0.8095939642300262 0.10813553800438708 0.8007795885184071 0.14429135389270004 0.4290685920991202 0.24364980901192296 923.4126442459248 0.05 327.3895683588066 0.05 603.534591343958 0.2801543725094198 213.9790164028601 0.2801543725094198 0.6535914307701679 0.3189025558383979 125.14558339118958 0.07694931586600405 14.611320385017732 1.450564696972383 1048.2522932881782 0.013520757388258893 371.65060276058745 0.013520757388258893
367 12.442657916636934 1.6379036838191976 0.0769076216582121 0.7251092586236279 0.11367652718740322 0.4746801152309062 0.1429699856235898 221.96528832725087 0.05820266750608838 17.839057363335822 0.05820266750608838 1001.1615827289903 0.24187591443419798 80.46203547799452 0.24187591443419798 4.51044210684395 0.24395530608415153 7.494190196078953 0.09750207315432627 3.5121956409117234 -0.0877830135786759 -21.86990000664647 -1.5756617826405408 -1.757655008533545 -1.5756617826405408
368 0.7492037234338649 0.4093821822578114 0.4216983447947745 0.3382079818045025 0.43869579203136205 0.4235172787053765 0.7648247155597806 36.58566520731923 0.05 48.83273275743242 0.05 54.43842577321851 1.0432009378843718 72.66171278982439 1.0432009378843718 1.4879714627227199 1.0343051860938741 37.99461985569374 0.23074783581960548 0.5789014220314298 0.04755633400792492 22.43653323306683 0.1357805537455325 29.94717261979463 0.1357805537455325
369 0.6757523779991723 0.38395546159156846 0.29700402553044336 0.22310307815208505 0.5103302360847352 0.8382016488283116 0.7089049707996573 11.575931048237795 0.09179054749061706 17.130433314216134 0.09179054749061706 22.21779164543694 1.0239597409617627 32.87859927510925 1.0239597409617627 1.9193092592598981 1.133844050358443 20.152258209560227 0.1352937331855204 0.18316798093756645 0.009558382538964735 4.391683774432576 0.8919268522466863 6.498954228523567 0.8919268522466863
370 3.7460186171693244 0.9953461902063134 0.2027233843716803 0.10957793404302707 0.2814991985196365 0.8030262474541497 0.5325308093756762 35.661828690705356 0.14854714574885264 9.519928311956225 0.14854714574885264 13.89406384541116 0.6788022054189456 3.7090215680535508 0.6788022054189456 0.3896060397214686 0.7371294629637073 6.278352509292902 0.0848672353192756 0.56428342984485 nan nan nan nan nan
371 1.057699374259574 0.4473827945305102 0.252053679159185 0.36180319145369627 0.32469734753481866 0.5346675455675439 0.5243055343646207 12.063433913798939 0.10006759707985972 11.405352227086036 0.10006759707985972 68.08210583630911 0.687367919821227 64.36810637613257 0.687367919821227 5.643675451185784 0.6888899458055521 10.113272772894966 0.03727232299701612 0.19088182689258623 0.007574864693491953 3.35716290701764 1.1275397978829418 3.174023724243734 1.1275397978829418
372 1.3221242178244674 0.6182060342020849 0.3252690648283659 0.5134988948207635 0.4213004678461307 0.4736732107819997 0.6094702895673558 35.427233065347735 0.05 26.79569180242582 0.05 189.5052219691312 1.067228234408448 143.3339011677426 1.067228234408448 5.3491397880149725 1.0902769918531978 57.95153698391385 0.07524101692477554 0.5605713031751618 0.033334303068851115 14.286282589345833 0.24528511071766182 10.805552456223564 0.24528511071766182
373 4.509912609690128 1.1188010395707655 0.10212621435757979 0.9932118244509452 0.11246419558262967 0.4294762988494519 0.19793170947748984 1686.472325165239 0.05 373.9478945870561 0.05 1283.0557857137474 0.23446924515497633 284.49681773366007 0.23446924515497633 0.760792671523996 0.24380520671431422 32.64394180471812 0.05635650246173751 26.685347139570187 4.0254083409750026 2887.0386461133335 0.0066648337902358665 640.1540109469437 0.0066648337902358665
374 0.6316815707383567 0.34998141780846 0.31228215867114867 0.29986167483038445 0.4778222226173169 0.7121214388306697 0.7486328927161975 6.506102767676218 0.14336185397732099 10.29965582195377 0.14336185397732099 36.58439070063053 0.9507688115010661 57.91587469912721 0.9507688115010661 5.623088353659277 1.076676054640836 23.846599135287974 0.09164195792254426 0.10294720997398833 0.010230355960607259 4.688303390998047 0.653849394374099 7.421941066790988 0.653849394374099
375 2.3504430539101646 0.6602775474428371 0.15683398344401905 0.6552148338768861 0.24700238857233467 0.6464767247194579 0.32422533511819523 32.68968872421442 0.06353074396543433 13.907883736996864 0.06353074396543433 329.5360163275429 0.5267282553965787 140.2016593336866 0.5267282553965787 10.080732768906538 0.5441778415283511 8.46340233683586 0.05231001081522037 0.5172546666727617 -0.0016874399222495857 -0.21403353922945814 -29.923156716999777 -0.09106093375604012 -29.923156716999777
376 2.056637672171394 0.5756289165883308 0.11781162963345268 0.6206704866973292 0.18730882534101176 0.9016044649253793 0.24854131305996957 77.12236784714598 0.05 37.49924884227193 0.05 257.7945357769754 0.38964150979249784 125.34757058339618 0.38964150979249784 3.3426688387980485 0.5431145198805 12.752680744443621 0.08114479251517405 1.2203207638196665 0.08581366374170976 38.48399953771232 0.23264464884809968 18.712095017242873 0.23264464884809968
377 1.8362836358673158 0.6497422621605136 0.12538024904228898 0.5478612655512861 0.17714705980144752 0.6632011152538794 0.34671814352525177 208.36080140243067 0.05 113.46874596745913 0.05 226.72072644513386 0.40725072194473877 123.4671605283074 0.40725072194473877 1.088116022395415 0.432237512739756 27.304939575195313 0.14625941137498655 3.296929307575665 0.13056861948583623 60.63092463115415 0.14298093148866842 33.01827857465869 0.14298093148866842
378 0.8814161452163117 0.42137639586962583 0.2778535887331026 0.21774547392674898 0.4117637368106283 0.9417544554231101 0.512244606760038 5.790333113726487 0.18120535389543874 6.569352223864086 0.18120535389543874 23.22615889029998 0.7677679199169857 26.35095694168384 0.7677679199169857 4.011195631429279 0.9307457186552482 4.8594968795776365 0.05571723127634518 0.0916214578586124 0.010017550632836448 4.573246555332759 0.7294102072953641 5.188521426743801 0.7294102072953641
379 1.1899117960420207 0.46136392040297247 0.23369235239432698 0.39826225126746306 0.3146201820377352 0.6283529102156609 0.5142822021929198 12.403831696176299 0.1050338540842924 10.424160628909563 0.1050338540842924 85.07282078245994 0.6880058107523531 71.49506464717463 0.6880058107523531 6.858591995301351 0.7884157582617999 7.7030893314031905 0.06374334100227365 0.19626800942429065 -0.007494898245479161 -2.98552638369118 -1.3850973008900522 -2.5090316724499035 -1.3850973008900522
380 5.170974718602362 0.9129797121855504 0.09715348409359063 0.7212526082529791 0.15077758206497355 0.5394854787287771 0.16288942594550504 87.98859829717632 0.05 17.01586317578407 0.05 552.1344378330375 0.3153183833461963 106.77569856351401 0.3153183833461963 6.275068003336476 0.3577919518567913 12.365568854592063 0.08326832501730559 1.392259040346929 0.06712306633783818 31.623806221788005 0.39964301544031966 6.1156373687194225 0.39964301544031966
381 4.0545142679950334 1.0038311002866747 0.25160377748548907 0.5443124418025963 0.18236144192980822 0.7673608994725358 0.5532186211965048 45.99148919968658 0.08811421151677615 11.343279653182595 0.08811421151677615 345.7531019844654 0.4333376410730929 85.27608466289628 0.4333376410730929 7.517762699165253 0.49681063481174753 9.057308053624803 0.027243257363217938 0.72773138207211 0.05337057022613312 28.059452398105513 0.6240479705156865 6.920545975037591 0.6240479705156865
382 8.226550688685576 1.24881148590467 0.0716314998442456 0.994119638849338 0.0962442095993901 0.7333812392198504 0.18830774536425857 161.99028314550694 0.05 19.691154807846868 0.05 1434.7727072230216 0.2236901587847921 174.40756904304288 0.2236901587847921 8.857152906722463 0.2704494178003204 8.190849288020814 0.03428462627394229 2.5632007419382585 0.08166770634333752 41.77687016180717 0.40296701698541093 5.078297301354404 0.40296701698541093
383 3.7607088862562628 0.7561257717269828 0.0934939999690388 0.8301507777168153 0.1307980922124854 0.5848566624788071 0.1923620215822347 100.06656082354866 0.05 26.608430444921684 0.05 605.7827669014548 0.2709662798141256 161.08206862682843 0.2709662798141256 6.053798211069287 0.325453908488641 8.696313835680485 0.02228675395858999 1.5833707814335316 0.04386032044334058 21.94696852499987 0.5410228344801619 5.835859458626641 0.5410228344801619
384 0.8814161452163117 0.4099700713095903 0.27952783940599985 0.22393469602176028 0.46773449767075853 0.8412670609397674 0.6170925484340888 7.93415569362543 0.19698291100931506 9.00160013710468 0.19698291100931506 23.900327065502882 0.8702423956427754 27.115826270277147 0.8702423956427754 3.0123340136500243 1.0036776361309672 4.113226008415222 0.08292158287577345 0.12554351605716063 0.003771843773750051 1.9827606536792557 2.8564397927630027 2.2495170577941463 2.8564397927630027
385 3.6284964644738165 0.7850916196556639 0.176657955015255 0.619909114710507 0.13229605668774466 0.5815551589163184 0.34686221777228954 26.244693163155407 0.08901565699513904 7.232938882568613 0.08901565699513904 350.74000273617173 0.35520542287908935 96.662627666921 0.35520542287908935 13.364225695294895 0.3999714653348281 6.686405869148039 0.03364319052883932 0.4152743759736148 0.032539275391507194 14.865261359144078 0.5151005619174294 4.096810209046119 0.5151005619174294
386 0.9401772215640657 0.4378098523451215 0.3143571714893653 0.36870342065281847 0.33331432861156846 0.886362091725135 0.5947348557532697 5.687755583003642 0.21619533564589677 6.049663247043543 0.21619533564589677 69.19086813523113 0.7035564194383682 73.59343169378872 0.7035564194383682 12.16488070302982 0.7362654548466893 7.829657770693302 0.016311195481814315 0.08999835413282346 0.008667631313238182 4.236235899970327 1.0873456053837445 4.5057844444720585 1.0873456053837445
387 1.2192923342158977 0.49358168092564414 0.33550783420624036 0.18138054362842826 0.46691261293330055 0.7210737108665836 0.6250152648747079 7.533942607649655 0.14844446671807954 6.17894691554391 0.14844446671807954 18.87771158581095 0.9486668389740203 15.48251478014157 0.9486668389740203 2.505688265615841 1.07614403507511 6.534304957791983 0.053201812321676825 0.11921089759503486 0.00805488418170127 3.634179953128432 1.0097905327539667 2.9805649155216742 1.0097905327539667
