clumpdata/N59C_12_physprop_add.txt
# %ECSV 0.9
# ---
# datatype:
# - {name: # # # _idx, datatype: int64}
# - {name: area_pc2, unit: pc2, datatype: float64, description: projected area of structure}
# - {name: rad_pc, unit: pc, datatype: float64, description: equivalent radius in pc}
# - {name: e_rad_pc, datatype: float64, description: frac error in radius}
# - {name: vrms_k, unit: km / s, datatype: float64, description: rms linewidth in km/s}
# - {name: e_vrms_k, datatype: float64, description: frac error in linewidth}
# - {name: axratio, unit: '', datatype: float64, description: minor to major axis ratio}
# - {name: e_axratio, datatype: float64, description: frac error in axis ratio}
# - {name: mlumco, unit: solMass, datatype: float64, description: CO-based mass with alphascale=2.4 from N59C_12CO_3p5as.pbcor.fits.gz}
# - {name: e_mlumco, datatype: float64, description: frac error in luminous mass}
# - {name: siglum, unit: solMass / pc2, datatype: float64, description: average surface density from mlumco}
# - {name: e_siglum, datatype: float64, description: same as e_mlumco}
# - {name: mvir, unit: solMass, datatype: float64, description: virial mass}
# - {name: e_mvir, datatype: float64, description: frac error in virial mass}
# - {name: sigvir, unit: solMass / pc2, datatype: float64, description: virial surface density}
# - {name: e_sigvir, datatype: float64, description: same as e_mvir}
# - {name: alpha, unit: '', datatype: float64, description: virial parameter}
# - {name: e_alpha, datatype: float64, description: frac error in virial parameter}
# - {name: 8um_avg, unit: MJy / sr, datatype: float64}
# - {name: e_8um_avg, datatype: float64}
# - {name: flux12, unit: Jy km / s, datatype: float64, description: 12CO flux within the structure}
# - {name: flux13, unit: Jy km / s, datatype: float64, description: 13CO flux within the structure}
# - {name: mlte, unit: solMass, datatype: float64, description: LTE mass using H2/13CO=3000000.0}
# - {name: e_mlte, unit: '', datatype: float64, description: fractional unc in mlte}
# - {name: siglte, unit: solMass / pc2, datatype: float64, description: LTE mass divided by area in pc2}
# - {name: e_siglte, unit: '', datatype: float64, description: 'fractional unc in siglte [same as e_lte]'}
# schema: astropy-2.0
# # # _idx area_pc2 rad_pc e_rad_pc vrms_k e_vrms_k axratio e_axratio mlumco e_mlumco siglum e_siglum mvir e_mvir sigvir e_sigvir alpha e_alpha 8um_avg e_8um_avg flux12 flux13 mlte e_mlte siglte e_siglte
0 8.828851721250055 1.2317191307623654 0.0844531496004312 0.5684213964768445 0.09548069240236384 0.8507077231704228 0.16772190249534352 121.00663577461656 0.05 13.70581810580952 0.05 462.6594496052412 0.22108269430265073 52.403128313014 0.22108269430265073 3.823422134195824 0.2626264287367541 5.708700253047086 0.03627393613289244 1.9147092436416782 0.010171412361580468 6.996185620139444 1.8368141468783648 0.7924230512672912 1.8368141468783648
[from data line 107]
108 115.23047071794582 4.469987506068153 0.05 2.057992989378158 0.05 0.5500776707015426 0.03811684372153697 8003.038763132518 0.05 69.45245223133621 0.05 22009.136645003247 0.05062359683789318 191.00101308165165 0.05062359683789318 2.7500974687755377 0.07208249753582079 9.126677850355366 0.024063532303205085 126.63349235452856 3.141131911863268 1520.624497035452 0.05415196373576649 13.196374948059916 0.05415196373576649
109 16.908499719066246 1.5743807930528235 0.05035007059992329 1.4571242505263193 0.05 0.44921794758588734 0.08613356373204946 499.05746654807535 0.05 29.515183182416333 0.05 3886.08119659538 0.12218134614828544 229.83004176375175 0.12218134614828544 7.786841109652098 0.16208095338081682 8.450020555202904 0.04971254452139026 7.896674050069318 0.16589201058532269 80.2451017109166 0.2997882453561243 4.745843986408278 0.2997882453561243
110 1.1458409887812053 0.5018599214416494 0.290243587511398 0.18172676215749778 0.42556382724474945 0.6418404649169719 0.6123754288609062 30.842469626572253 0.05 26.916884566486324 0.05 19.267670351412686 0.8158886105973445 16.81530905253014 0.8158886105973445 0.6247123069163266 0.8616059883879881 6.493017618472759 0.0436834130603163 0.4880258273118086 0.021949098851223085 9.321850957138498 0.36592640160648837 8.135379209163965 0.36592640160648837
111 21.403722059669434 2.2121099043466232 0.05 0.7250567913179469 0.055281216360512586 0.28628583783089473 0.07936755900791725 1855.1303408262295 0.05 86.67325877501517 0.05 1351.946996543147 0.11979277854397555 63.16410728817074 0.11979277854397555 0.7287611909473827 0.13074533833187552 7.271829648302611 0.04591137724802228 29.354052771589693 1.3446944323884553 596.7847214469209 0.044439330583515305 27.88228700518539 0.044439330583515305
112 8.241240957772515 1.2758277446354211 0.13940573114680488 0.33116297411675516 0.16272219799714477 0.6688636083882796 0.2706337242594573 49.88855541988785 0.060031120096034736 6.053524666432273 0.060031120096034736 162.66140015999932 0.37601853037639404 19.737488685680205 0.37601853037639404 3.260495293779444 0.4139525844542149 6.367912016237908 0.02490004526981941 0.7893953557388826 0.03674090118693976 17.643498482413037 0.5571441590074183 2.140878852204051 0.5571441590074183
113 7.168851314426002 1.2614667817113843 0.08108510499438584 0.5174023491533533 0.09312225054273417 0.7851507196797931 0.17660238277608065 593.4995591959472 0.05 82.7886551366518 0.05 392.5920732932731 0.23620889197191544 54.7635954596036 0.23620889197191544 0.6614867142026918 0.26665152926802305 9.448310044945263 0.06574468165653923 9.391047965033843 0.4342514746933036 199.72383556917498 0.06912001649486303 27.859949496688166 0.06912001649486303
114 148.70959396707872 5.416313860808285 0.05 1.3944208358167414 0.05 0.4956113364617615 0.027457910405031732 17563.070055790184 0.05 118.10314040450066 0.05 12243.355646988197 0.0371709128007839 82.33063732053917 0.0371709128007839 0.6971079434345144 0.05378277706799429 6.011401982290005 0.028991090053021824 277.9035640206313 15.307632447318024 8241.184449264272 0.011566070386986807 55.4179742504623 0.011566070386986807
115 10.28318836085697 1.4625389159595503 0.07933549376960894 0.6258622471083183 0.172677060147541 0.6508355807072889 0.1654126125321173 125.73210740288388 0.05 12.226957534054716 0.05 665.999428570918 0.3800295704851026 64.76584938442338 0.3800295704851026 5.2969718103654575 0.39524803604289366 4.855147660800389 0.01195583323127397 1.9894810935954674 0.038950742513754355 19.469799372403283 0.6974385924542466 1.8933621255558455 0.6974385924542466
116 6.9925680853827386 1.277006297189374 0.09222025474823366 0.36282051824733474 0.14237826243859977 0.508800328581243 0.1708535538992978 92.37571308028383 0.05 13.210556115053922 0.05 195.42748051545513 0.28151879911815614 27.947883828829163 0.28151879911815614 2.1155720913960243 0.310270146228218 4.87924723965781 0.01249745866866317 1.461677167793731 0.01647023628892261 8.505700031990212 1.2233531136380629 1.2163914499124469 1.2233531136380629
117 0.6757523779991723 0.36876820777584235 0.25927834848378617 0.4872257088941502 0.38950097338386525 0.6743436297560251 0.5952929270003892 32.85990192525191 0.05 48.627134724329686 0.05 101.77070440229522 0.6849790678223799 150.60354608536778 0.6849790678223799 3.09710919508519 0.6993896970437163 6.589731361555017 0.08394928334959079 0.5199480434462738 0.03937687673324669 17.016417451148833 0.21750989567367326 25.18143924484965 0.21750989567367326
118 9.328320870205966 1.562772098546536 0.05400085764937208 0.7190031782270909 0.11510465374673304 0.39689276416500474 0.11889155792623979 144.38790081683757 0.05 15.47844492335195 0.05 939.2175185479927 0.2335117884673701 100.6845209996786 0.2335117884673701 6.50482147904783 0.2789756232563087 6.308554534461555 0.02215602544795514 2.2846750474147757 0.03653114775191044 21.73801628607254 1.0204537846678554 2.330324673489986 1.0204537846678554
119 199.53792500788603 7.278768656002387 0.05 3.6393632112688548 0.05 0.4881241835236542 0.023645833922336598 39709.50598296068 0.05 199.00731142408796 0.05 112077.29305956095 0.03342556598882196 561.6841663314455 0.03342556598882196 2.8224298007548425 0.04081061278285363 38.37343684020734 0.042122814102663414 628.3304206329473 33.263802790885556 19307.41821109133 0.006872942302421223 96.76064442550594 0.006872942302421223
120 197.1287208776281 7.269423222135696 0.05 3.6215939629743024 0.05 0.4871727456863275 0.02546689144844858 39418.21163251393 0.05 199.96178870852427 0.05 110843.02884804476 0.0343113497000173 562.2875669997015 0.0343113497000173 2.8119750809957194 0.043489971413038765 38.565315419563866 0.04227518677956189 623.7212702432374 33.29460026101308 19314.07607604304 0.006788146288894356 97.97697661738833 0.006788146288894356
121 203.75403223583737 7.298090550840795 0.05 3.6512447465708164 0.05 0.4897519914776124 0.02251932335495303 40241.793944113364 0.05 197.50182856521363 0.05 113109.75282241835 0.0395087815027287 555.1289050883578 0.0395087815027287 2.810753242748121 0.04682281675333295 38.01704390648895 0.041927991150242004 636.7530828386671 33.14310000306874 19265.881713689672 0.007044125968017047 94.55460342198363 0.007044125968017047
122 194.26411840567508 7.244843020212134 0.05 3.6069882789864063 0.05 0.48495327021516843 0.02388604076992304 39220.570972017675 0.05 201.89302735832413 0.05 109579.00619696834 0.035233492983218005 564.0722903245481 0.035233492983218005 2.793916648361612 0.04303169156906487 38.84858167953947 0.04236292487595666 620.5939494696843 33.30192108344495 19314.108166208964 0.006736652467017437 99.42190212335547 0.006736652467017437
123 5.743895212992965 1.0280573362682308 0.07406252624351732 0.7222636003911164 0.08863761975070872 0.5035296562344672 0.14538490398763773 286.660604681015 0.05 49.907004576367456 0.05 623.473083667872 0.21299195094323106 108.54534432618932 0.21299195094323106 2.174952098359135 0.2573122351256222 13.285696085761575 0.09156049137812312 4.535881452077752 0.20125407516257465 87.55398006989508 0.15273744247506155 15.242962627842479 0.15273744247506155
124 195.60093289258648 7.249984351051858 0.05 3.608750863665412 0.05 0.4847069760653547 0.025521411333296485 39308.65268177305 0.05 200.9635235398353 0.05 109763.96492271867 0.03542957608485364 561.1627884361633 0.03542957608485364 2.7923614124178546 0.04077557983525022 38.693145499693195 0.042382495214873694 621.9877412908465 33.28923211466271 19309.875642218864 0.006761867645029014 98.72077477678907 0.006761867645029014
125 187.43314328024866 7.216557767834002 0.05 3.5940526240895765 0.05 0.4826513257203054 0.0265287443126074 38423.604525881914 0.05 204.9989871238046 0.05 108369.70009813971 0.03277979540812687 578.1778942697778 0.03277979540812687 2.820393907217698 0.04090739309086161 39.27767705166169 0.04306925460989416 607.9834948767281 33.44361685201166 19363.17402991065 0.0065104846781345975 103.30709761911731 0.0065104846781345975
126 200.91881030205823 7.2831392803351855 0.05 3.6414989549759844 0.05 0.48850295642061276 0.023713930284277318 39892.146095759985 0.05 198.54858803805752 0.05 112276.25292575486 0.0343677168027169 558.8140441253881 0.0343677168027169 2.814495180485874 0.04031824609608005 38.25702276042986 0.04205904441940011 631.2204351702653 33.23959303322246 19301.545710726772 0.006926073809335495 96.0663945884864 0.006926073809335495
127 0.8520356070424346 0.42157197408639807 0.24748763637922502 0.2962348159488876 0.39173852778497004 0.6820336669721366 0.5537511665637359 21.207853259780332 0.052629184319748654 24.8908063049108 0.052629184319748654 43.00835631406783 0.7416452744835222 50.47718189073975 0.7416452744835222 2.0279448271943252 0.8255573369315115 5.250200403147731 0.040854236203668105 0.33557557157799695 0.03289394731354727 14.724075185042919 0.24003239844362736 17.281056171059298 0.24003239844362736
128 90.68303107367153 4.1765015494695374 0.05 1.8299290651322029 0.05 0.6039160144395062 0.04047041381862534 7248.532778483427 0.05 79.9326256815861 0.05 16258.859298779362 0.05211482637792008 179.29329342300602 0.05211482637792008 2.2430552217466992 0.06941365706923582 9.663274568192831 0.025430501599950937 114.69480571840508 3.003937147308108 1443.1083789252457 0.051801273427247566 15.913764260403408 0.051801273427247566
129 1.8950447122150702 0.6013159686269279 0.17691674495400728 0.3458245004246799 0.24672670049717008 0.6552500096767397 0.3435013003467402 38.27658517463616 0.05 20.198249111439498 0.05 83.60325165839767 0.5357687160633687 44.11676997355694 0.5357687160633687 2.1841878338143146 0.6068473953372061 4.919961149378341 0.019007297503957184 0.6056571501181245 0.0035603866649705465 1.8894530450760372 2.8982795569336353 0.9970493217901455 2.8982795569336353
130 8.78478091398924 1.8456653466336435 0.09930809019846369 0.8487097625675131 0.10368060202552519 0.5560287504982009 0.15268890927716097 211.03386073942335 0.05 24.022666336887756 0.05 1545.5400707380663 0.23279898760828227 175.93382076004718 0.23279898760828227 7.323659176412646 0.2486067198808149 6.75506710208778 0.03529832736924666 3.339225905737065 0.06384807178967494 29.154090577611544 0.42190411934877126 3.3187043436889128 0.42190411934877126
131 3.540354849952185 0.9777930160353016 0.16696295781703566 0.2982813036612154 0.23832457457506498 0.2866757280731012 0.2793364852052581 69.12958399085943 0.05 19.52617376526341 0.05 101.13649802339428 0.49777831298301634 28.56676867426445 0.49777831298301634 1.4629987942176381 0.5109128741641747 7.052262302256224 0.040055208505756036 1.093849479640616 0.018421311569461953 8.36348794900715 0.7618485189405155 2.3623304169976365 0.7618485189405155
132 1.4396463705199756 0.5656108135132248 0.28957243994345133 0.29354111746849376 0.4134559052673916 0.28027116228663956 0.587926646621785 20.73324297522334 0.0535660891748758 14.401622092607957 0.0535660891748758 56.65842604360836 0.8862700618116705 39.35579403652044 0.8862700618116705 2.7327334229052522 0.8997955231664967 7.386013984680176 0.023980355123203866 0.32806575378916303 0.007842343981362375 3.4518331023974858 0.9765694857782925 2.397695137557109 0.9765694857782925
133 4.862479067776653 1.0923137248980133 0.12316731735341607 0.6946826423720943 0.1636532469849567 0.4165250529567926 0.1877616471003935 79.85681530602808 0.05 16.42306613415248 0.05 612.8147377557045 0.41754899463158746 126.02928037609246 0.41754899463158746 7.673919068864314 0.45129439227607926 6.312235760184573 0.028244255463027838 1.2635883808530757 0.03422347189362757 17.862051711053486 0.8679750122839959 3.6734454713490066 0.8679750122839959
134 1.5130977159546684 0.5341933033965792 0.19859118089200445 0.2873282975649324 0.2930806800325782 0.8337143455997773 0.424223558282843 14.169752335399448 0.10243063735907716 9.364730503514927 0.10243063735907716 51.270098790783564 0.657539168808042 33.884195482005204 0.657539168808042 3.6182776930192726 0.7848328277965105 50.42221285995928 0.16562260295832326 0.2242104830425268 0.008143214271099326 3.582048277838533 1.2264964309964068 2.367360838674248 1.2264964309964068
135 0.528849687129787 0.3204867092266028 0.33533182386008337 0.27611924197957605 0.5111654652916118 0.8872877291999502 0.6871651073007996 5.592214722541986 0.14584292518107214 10.574299009029344 0.14584292518107214 28.40614399655199 0.997279755074171 53.71307705733923 0.997279755074171 5.0795874990364736 1.0908549670611756 42.51256677839491 0.06246817020768264 0.088486591073684 0.0013738746703449755 0.6703470786787159 3.6874521804333993 1.2675569164404243 3.6874521804333993
136 1.4102658323460986 0.5776465592829977 0.33453668739780973 0.15673636429029125 0.38315696353033357 0.5701022825169177 0.5336256546713537 10.982960266712677 0.09667058900477776 7.787865248384822 0.09667058900477776 16.49721534207229 0.7808397608391806 11.697947269010804 0.7808397608391806 1.502073661512944 0.8638719391366332 4.980477040012677 0.016145726509381834 0.1737852914655008 -0.002388899988868964 -0.9363101936841087 -3.5442679435363367 -0.6639246106717881 -3.5442679435363367
137 4.127965613429726 0.8659679128622109 0.1442010383222425 0.3070531825984999 0.20825345859550243 0.8484084828580303 0.30155427182183847 37.35305688815369 0.08921137643351862 9.04878101857996 0.08921137643351862 94.91567095819043 0.43246869862859777 22.993328880792106 0.43246869862859777 2.541041587102136 0.5076132835798856 4.604163372643902 0.036005495738414224 0.5910439603167983 -0.05613814599690891 -20.59542098976551 -0.6594888553694055 -4.989242381952348 -0.6594888553694055
138 13.632569712678954 2.1845614155098856 0.05 1.2791245550758705 0.0655145646394256 0.7759002003212294 0.08836550282023539 1824.6770635279158 0.05 133.8468903504581 0.05 4155.266152760297 0.1430140151157813 304.8043208534409 0.1430140151157813 2.277261130649777 0.14774720420476253 10.849590716690853 0.058601721005091055 28.872183777870028 1.4179743832956864 653.8085240593641 0.03533382930488387 47.9593017192709 0.03533382930488387
139 3.834160231690955 0.7864468353054682 0.11036930920734306 0.6846231803772148 0.1480880118305533 0.6422265507406294 0.20244674951030878 146.68823630098598 0.05 38.25824364056194 0.05 428.5302497557975 0.3113003469548104 111.76639051592416 0.3113003469548104 2.921367524499421 0.3618141185766135 8.204816213512785 0.08262502962158037 2.3210736136966643 0.09576364033397397 42.571451435182 0.2284295194984731 11.103200926062232 0.2284295194984731
140 181.11632757286512 7.094256167015704 0.05 3.5635979758134217 0.05 0.465516913188324 0.025608672569843942 38019.54844544852 0.05 209.9178409530904 0.05 104735.32605893984 0.03772620022249215 578.2765555292283 0.03772620022249215 2.75477564414572 0.04505420269820214 40.12468754329553 0.042876590546644854 601.5899599146305 33.26351160234709 19283.09386531901 0.00647125625285817 106.46800387204851 0.00647125625285817
141 175.98942366152357 7.07323534576522 0.05 3.5522321363457663 0.05 0.4646171192210709 0.02678126554140999 37270.06188859561 0.05 211.7744414020939 0.05 103759.93759573609 0.03791207296953539 589.5805295396342 0.03791207296953539 2.784002288643528 0.0432170632273459 40.49075130878983 0.043357288013381894 589.730765170377 33.3455205720226 19308.053258585456 0.006281893449180979 109.7114409313607 0.006281893449180979
142 170.06924521948736 7.059720575001028 0.05 3.539974159582529 0.05 0.4646910120123329 0.025520223556055804 36692.87904232492 0.05 215.75258357247344 0.05 102848.1800859879 0.03459085881302858 604.742967802641 0.03459085881302858 2.8029465871934827 0.04542609683610794 41.1184003021347 0.04365261905821457 580.597863450952 33.253114458649975 19261.35700029403 0.006185886085433499 113.25596803487765 0.006185886085433499
