clumpdata/N59C_13_physprop_add.txt
# %ECSV 0.9
# ---
# datatype:
# - {name: # _idx, datatype: int64}
# - {name: area_pc2, unit: pc2, datatype: float64, description: projected area of structure}
# - {name: rad_pc, unit: pc, datatype: float64, description: equivalent radius in pc}
# - {name: e_rad_pc, datatype: float64, description: frac error in radius}
# - {name: vrms_k, unit: km / s, datatype: float64, description: rms linewidth in km/s}
# - {name: e_vrms_k, datatype: float64, description: frac error in linewidth}
# - {name: axratio, unit: '', datatype: float64, description: minor to major axis ratio}
# - {name: e_axratio, datatype: float64, description: frac error in axis ratio}
# - {name: mlumco, unit: solMass, datatype: float64, description: CO-based mass with alphascale=2.4 from N59C_12CO_3p5as.pbcor.fits.gz}
# - {name: e_mlumco, datatype: float64, description: frac error in luminous mass}
# - {name: siglum, unit: solMass / pc2, datatype: float64, description: average surface density from mlumco}
# - {name: e_siglum, datatype: float64, description: same as e_mlumco}
# - {name: mvir, unit: solMass, datatype: float64, description: virial mass}
# - {name: e_mvir, datatype: float64, description: frac error in virial mass}
# - {name: sigvir, unit: solMass / pc2, datatype: float64, description: virial surface density}
# - {name: e_sigvir, datatype: float64, description: same as e_mvir}
# - {name: alpha, unit: '', datatype: float64, description: virial parameter}
# - {name: e_alpha, datatype: float64, description: frac error in virial parameter}
# - {name: 8um_avg, unit: MJy / sr, datatype: float64}
# - {name: e_8um_avg, datatype: float64}
# - {name: flux12, unit: Jy km / s, datatype: float64, description: 12CO flux within the structure}
# - {name: flux13, unit: Jy km / s, datatype: float64, description: 13CO flux within the structure}
# - {name: mlte, unit: solMass, datatype: float64, description: LTE mass using H2/13CO=3000000.0}
# - {name: e_mlte, unit: '', datatype: float64, description: fractional unc in mlte}
# - {name: siglte, unit: solMass / pc2, datatype: float64, description: LTE mass divided by area in pc2}
# - {name: e_siglte, unit: '', datatype: float64, description: 'fractional unc in siglte [same as e_lte]'}
# schema: astropy-2.0
# _idx area_pc2 rad_pc e_rad_pc vrms_k e_vrms_k axratio e_axratio mlumco e_mlumco siglum e_siglum mvir e_mvir sigvir e_sigvir alpha e_alpha 8um_avg e_8um_avg flux12 flux13 mlte e_mlte siglte e_siglte
0 5.538231445775825 1.018072368709124 0.1379375711611656 0.23379943954238142 0.16073019970794136 0.47288469553056467 0.25642961459964536 254.62495604867834 0.05 45.975860442396 0.05 64.69556314370462 0.3329032092402516 11.681628652961022 0.3329032092402516 0.25408178423538474 0.4233913205728556 6.05416780188482 0.032254556556266176 4.028975398535443 0.518792366179917 259.2281341159105 0.03575371764792597 46.80702434594559 0.03575371764792597
1 4.186726689777481 0.8682253671072817 0.13426783241208987 0.21197335189762992 0.19396560060086704 0.8024139298822967 0.29424252782195903 217.78259473956976 0.05 52.0173899269132 0.05 45.352780773660434 0.46145118129790963 10.832515264107407 0.46145118129790963 0.20824795860245168 0.5696128259892407 7.619412649723522 0.01172194193819628 3.446012212761593 0.39676900622475453 198.09217202553 0.03605710283303137 47.31433090896563 0.03605710283303137
2 7.5214177725125255 1.3989881991881385 0.0803063271184508 0.32058678680717057 0.14062593179392313 0.3311068699409218 0.19230692510563954 489.09245560752834 0.05 65.02663066994447 0.05 167.15301093940053 0.29598653020112975 22.223604112282032 0.29598653020112975 0.3417615811140875 0.379885805592744 8.917074891738594 0.05502950112473766 7.738996046592916 0.9069511307258907 455.63095419095725 0.024153417336357706 60.57780168202969 0.024153417336357706
3 4.0985850752558495 0.8334637869980458 0.13791777426652854 0.32992500849287987 0.18545992295493433 0.8575598883706053 0.22881018620807334 296.6634891975343 0.05 72.38192784836006 0.05 105.46931457733197 0.399363009830207 25.733103654252723 0.399363009830207 0.35551835132332343 0.4909883036145609 10.076550856286053 0.03053704122527837 4.694158231003335 0.5155415994281185 263.2534179143822 0.03184986372244124 64.2303168241418 0.03184986372244124
4 2.8058413956052584 0.6980999241821837 0.17319182748427303 0.24454902646255802 0.21652557069439185 0.6907903222961288 0.308738511408113 149.74694466875906 0.05 53.36971109746444 0.05 48.5353742641173 0.4090246155191801 17.29797498181381 0.4090246155191801 0.3241159568996735 0.5384644194006619 7.244019430969398 0.03972709723763174 2.369472052282485 0.34190662332110144 169.6471956048263 0.03617279861092813 60.462147244153506 0.03617279861092813
5 1.2486728723897749 0.5074473427112137 0.28331551840667807 0.17885064376983645 0.4110957820342505 0.6839687104438444 0.7167542301854523 31.4177942845459 0.05 25.16094885958153 0.05 18.870391636480917 0.9037707650258759 15.112358131370135 0.9037707650258759 0.6006275127265404 0.9885819216878199 7.657098433550666 0.03973434602416155 0.4971292756510793 0.05373472986296064 23.88007444657797 0.13232890034858058 19.124363934386633 0.13232890034858058
6 2.3063722466493486 0.6522697199314944 0.22642297445488127 0.1691783383379728 0.3130902013338328 0.6606884454849229 0.43658465254484075 81.09033344500757 0.05 35.15925651759554 0.05 21.703293497269115 0.649647227670962 9.4101433664055 0.649647227670962 0.26764341167726824 0.8324840002654186 8.462751841089528 0.034779905910075584 1.283106562968546 0.13823637914419432 65.53538265273556 0.06928442611427063 28.414919901999365 0.06928442611427063
7 2.3063722466493486 0.7928998187217441 0.21547601845995162 0.1638012436200329 0.4140643750232346 0.30741130513053744 0.4694484731832972 63.86321996004814 0.05 27.689901338705123 0.05 24.732135859426453 0.7760774132389366 10.72339293683264 0.7760774132389366 0.3872672858477618 0.9004864497654728 8.26979258106013 0.03521378169894277 1.0105189592454709 0.07912992998326326 37.433482037612904 0.1057523251182056 16.230459801966276 0.1057523251182056
8 3.158407853691783 0.8153648069624133 0.17518629030929053 0.14847027393965387 0.21579563274222457 0.4542592971105502 0.3436348751689649 100.60779758298524 0.05 31.853960046796153 0.05 20.89488078231033 0.4604664285369951 6.615637292658969 0.4604664285369951 0.2076864943303765 0.6160645992729573 9.4333157273226 0.05268576632006352 1.5919348399168791 0.20666375870152104 96.72972230460758 0.05337924244329566 30.62610238622053 0.05337924244329566
9 2.1594695557799635 0.7516847804604984 0.30834666782758396 0.10497454928463215 0.5207073939085977 0.8467146727049494 0.6577754839574845 48.32051962121564 0.05 22.376105970969846 0.05 9.629698944552125 1.081159179499993 4.459289050302931 1.081159179499993 0.19928798407052112 1.2403581401688692 6.785245940798805 0.022703534357845112 0.7645840080231593 0.07828638649497169 37.25389190465928 0.12470147143931663 17.251408710507988 0.12470147143931663
10 5.141594180428485 0.9713384351867417 0.1296763303592609 0.38049258044999246 0.1871798533863674 0.5962885801158149 0.24630005546608438 251.82742347446185 0.05 48.97847139181943 0.05 163.4827273551853 0.3708832081501347 31.796116460821327 0.3708832081501347 0.649185561681944 0.42063804579501635 6.643297153200422 0.037052637155463884 3.98470958815737 0.49134747173804477 229.35137155018654 0.03778501858456031 44.60705444689007 0.03778501858456031
11 2.9674343555615823 0.8374985804151487 0.2396968513824026 0.2823506316668282 0.35018577743917134 0.682681176216953 0.41457095331447624 83.47674308054236 0.05 28.130948515875264 0.05 77.61944309517817 0.8092623472279675 26.15708851307978 0.8092623472279675 0.9298331514957071 0.8254129353856977 4.6298326478146095 0.01760998205867387 1.3208671325608958 0.13049097813012853 58.53012714040707 0.08985986591482154 19.724152290246817 0.08985986591482154
12 1.4543366396069144 0.5681775819145701 0.30225674225236887 0.2897697608336311 0.3178455555501264 0.47984256690018734 0.6768894251545525 46.2072617365558 0.05 31.77205364849017 0.05 55.46246074659456 0.7494475500493629 38.135916565772035 0.7494475500493629 1.2002975000510954 0.845101608396978 7.667555462230336 0.031521315314551095 0.7311455851590533 0.0699811969266205 30.6592506495134 0.12387100340039503 21.08126125310309 0.12387100340039503
13 8.388143648641899 1.5917771600629578 0.10825511054363261 0.5198492538049084 0.13743649265921087 0.26957505238403034 0.21396614164779829 355.69971676401997 0.05 42.40505786064004 0.05 500.0875403049831 0.33049425167979374 59.61838056814286 0.33049425167979374 1.4059261695638448 0.39699270642440665 7.171874976617442 0.056864430284539316 5.62829900099336 0.576771376409375 262.35505160807355 0.03827423305726925 31.27689064439791 0.03827423305726925
14 4.642125031472575 1.0699016515051798 0.19462585515379022 0.36286570825086123 0.2319866613234768 0.791615249553796 0.28050461496072804 179.32111237803383 0.05 38.62910006996292 0.05 163.77387687091408 0.4314434232185975 35.279936615356895 0.4314434232185975 0.9132994698675301 0.5014503433179168 9.318754937075362 0.06979258093900365 2.83742959010459 0.24784665004639275 116.99963659073745 0.057060549135449536 25.203896016911642 0.057060549135449536
15 5.097523373167669 1.0747568956936353 0.12831997276779716 0.3625278122046196 0.22732176232087484 0.5067963715003398 0.19510055280212535 227.8372730732779 0.05 44.69567992028584 0.05 164.2108375044903 0.47351535351398205 32.21384689844934 0.47351535351398205 0.7207373722897227 0.5396517696149441 7.937136323032874 0.04707832682580677 3.605109379646109 0.4001479173444014 184.3098152192266 0.04325064656675392 36.156737640360056 0.04325064656675392
16 1.087079912433451 0.5104621236683667 0.392268664583807 0.12112695216567754 0.5663579850785286 0.4817808444890067 0.8549155192626398 32.28829444863936 0.05 29.70185915436644 0.05 8.706708759125513 1.1560552942232731 8.009262851371584 1.1560552942232731 0.26965527005383266 1.256499715713042 10.206395819380477 0.0655338166992676 0.5109033364778489 0.05119685313918976 24.95555847842236 0.10861528347857483 22.95650779026799 0.10861528347857483
17 1.8362836358673158 0.7264520319710717 0.3624500045098269 0.0 nan 0.375576709012408 0.6698053048648631 22.08362428092204 0.05 12.026259914085372 0.05 0.0 nan 0.0 nan 0.0 nan 8.080951515197754 0.05823588899834461 0.3494330299242926 0.06152047708306893 29.002562846131717 0.09099123566665404 15.794162884010666 0.09099123566665404
18 3.0555759700832135 0.8948244232084046 0.22728516997328807 0.09796884581226159 0.12486049157741529 0.425220966370384 0.47070422319704663 73.23314941199114 0.05 23.967052408124793 0.05 9.984417386099956 0.2605328195308395 3.2676056769185964 0.2605328195308395 0.1363374027509066 0.3425438617650902 8.136488504134691 0.045022805898227054 1.1587808908157278 0.15591927150666435 73.20516322114653 0.05815645023248354 23.95789335231384 0.05815645023248354
19 2.012566864910579 0.7884938925475266 0.3605593044064757 0.0 nan 0.5710926192182775 0.656881029440041 36.776887519365786 0.05 18.27362268582308 0.05 0.0 nan 0.0 nan 0.0 nan 8.815781422775157 0.11532059743556636 0.5819271590038956 0.06644458098501309 32.10911390280643 0.0884217414391713 15.95430912762895 0.0884217414391713
20 12.883365989245087 1.7968950691688692 0.10708732320814783 0.922206029487947 0.10080242444813879 0.6324956557808152 0.14267225955245977 700.3869149637841 0.05 54.36365896524716 0.05 1776.5913661546344 0.2449625860929244 137.89807474519594 0.2449625860929244 2.5365856046104165 0.28409978866502617 4.561304948213027 0.03039564495209993 11.08234497576722 1.4758014295066308 695.4628789289723 0.02053051323031035 53.98145791321446 0.02053051323031035
21 8.535046339511284 1.292071104120497 0.09653703673809046 0.9496595866485633 0.10790013786652906 0.6038873709735944 0.1988498841601444 516.4163040068003 0.05 60.50538959772891 0.05 1354.6629187921958 0.25164844273856524 158.71769934289117 0.25164844273856524 2.6231993612160576 0.2845493773752739 4.677288250340447 0.03385283850860979 8.171345186204372 1.170757562281996 559.0547616386652 0.021156499497970892 65.50108100182578 0.021156499497970892
22 0.9107966833901887 0.4375452125584476 0.40439807349218204 0.24883036221424834 0.40422458971169634 0.7357006500741075 0.9948750770022904 37.97450064889418 0.05 41.693718632729976 0.05 31.49478118479871 1.0104237120079196 34.57937623089283 1.0104237120079196 0.8293665656329267 1.1346554395865573 63.405714896417436 0.14710057571902788 0.6008771955175953 0.037077802043764437 17.511126547966047 0.1664376554471463 19.226164156401758 0.1664376554471463
23 2.6295581665619965 1.0693781462289103 0.17154680414705545 0.2366785562029414 0.24391411615356784 0.3764042888291972 0.30745733297554273 78.03403982082213 0.05 29.675723021882177 0.05 69.63988460141381 0.48579009505879134 26.483492735383813 0.48579009505879134 0.8924295699840408 0.5076225819220016 5.770332794615676 0.029050617736496004 1.2347463092020592 0.11470722116246704 50.57416087759609 0.09268178787049575 19.23295005248697 0.09268178787049575
24 2.144779286693025 0.6031708168174447 0.19836743082502895 0.388468813473058 0.2335981578538962 0.962852552883013 0.3191071353392159 64.9843332233654 0.05 30.298844093912766 0.05 105.81848870099441 0.47618614460399233 49.33770544947446 0.47618614460399233 1.6283692307386315 0.5573474710918946 14.444626311733298 0.11306484684495453 1.028258618978241 0.17607212782485696 81.02237118425212 0.06544177652393593 37.7765542995234 0.06544177652393593
25 5.038762296819915 0.8941056850043599 0.09848715540882737 0.5140245369690605 0.13103155853297135 0.6293088440388049 0.18473778500449642 517.81087384264 0.05 102.76548948725822 0.05 274.6410639693897 0.2874853546571586 54.50565988054692 0.2874853546571586 0.5303887535835171 0.3868805095705543 10.907363735899633 0.055987598302834556 8.19341179505064 1.1935131971811088 623.0809234676223 0.018767857224613237 123.65753468086076 0.018767857224613237
26 7.580178848860281 1.248465689943564 0.09265958651441375 0.937032462362667 0.1131145760771707 0.4028372121704287 0.16419967811682382 556.4801597505871 0.05 73.41253693958114 0.05 1274.3678331407166 0.2102563306491745 168.11843870047002 0.2102563306491745 2.290050796621186 0.26128282716205165 9.182872386865837 0.06223114960117519 8.805282528898841 0.7957422133365735 372.97410233706285 0.032767602714838445 49.20386573637922 0.032767602714838445
27 4.524602878777066 1.075860115870087 0.1478583186869864 0.43521773802160596 0.230684448072702 0.42704138634629474 0.3123884404639499 224.27990948065127 0.05 49.568971131731864 0.05 236.9070026855089 0.5086250084733819 52.359733888853775 0.5086250084733819 1.0563005988101979 0.5501745967830531 9.046320359428208 0.06058330823900491 3.5488202706945744 0.3951794861431154 185.279434361063 0.042351919784569175 40.94932512864893 0.042351919784569175
28 4.127965613429726 0.8079759014707605 0.18292385710334508 0.3740151275340565 0.22497179086863492 0.8117202378389954 0.3341230799965577 164.0151653124881 0.05 39.73268691456368 0.05 131.39706351994425 0.4673759141234822 31.830949146587685 0.4673759141234822 0.8011275254309651 0.5882707058429634 11.007397330952708 0.11229028510390585 2.595240616511437 0.33911132040640524 158.64523000056963 0.043771043006325915 38.43181965577446 0.043771043006325915
29 27.720537767053 2.576891265716696 0.05793631569522981 0.8013840650105175 0.05472702895089957 0.4330140422990219 0.08442026012601733 4227.206152999905 0.05 152.49365609436745 0.05 1923.917362953804 0.13402979612295032 69.40404183790616 0.13402979612295032 0.4551274040866129 0.16578432588206793 42.082078421753934 0.07221285357421153 66.88782421516449 7.5669855143612015 4235.116537716643 0.007561211646407681 152.7790179723805 0.007561211646407681
30 2.365133322997103 0.6653561115582252 0.16230017569572325 0.27926289088044937 0.24288658929682894 0.7796657734178281 0.3955252343912295 115.8428730981514 0.05 48.97942622167067 0.05 60.32391576427112 0.49988655199896576 25.505503295614854 0.49988655199896576 0.5207391197312574 0.5821073765982714 5.11411672497388 0.04302265911164155 1.8330020465935988 0.26835143501225106 128.24710779829564 0.042412005091548154 54.224050099543895 0.042412005091548154
31 12.912746527418966 1.7065541054491116 0.08050244040579949 0.48502420899784476 0.10415862520445747 0.31719239391300785 0.1504689240221501 1267.9996250567588 0.05 98.19751532830637 0.05 466.7193528621698 0.2302274637400578 36.1440807245102 0.2302274637400578 0.36807530825671836 0.3058544968341996 13.494344212225002 0.15087648186319766 20.063780869869817 2.0113218813666496 1056.728530602552 0.015971901770785737 81.83607789084152 0.015971901770785737
32 1.1605312578681437 0.4860855692457245 0.32455833949968904 0.14429582245496006 0.5855039454528623 0.7089569685659417 0.7953680017777496 15.742962888597422 0.05 13.565307079722013 0.05 11.766008543940092 1.2172040944302747 10.1384675890194 1.2172040944302747 0.7473820923799659 1.523838505170089 4.384383117096333 0.029224945310807177 0.24910367628741978 0.04613970043008882 21.428729498746588 0.12495942025029304 18.4645862431232 0.12495942025029304
33 2.2329209012146563 0.6616017664284232 0.1805797613094982 0.20953558084368995 0.22098127351279684 0.6447997108091525 0.3844981785958679 143.49115198609422 0.05 64.26163681303642 0.05 33.76922799115382 0.5179131847143336 15.1233426910842 0.5179131847143336 0.2353401413518961 0.6699143818637265 46.99014033769306 0.06706875820995022 2.270485755960591 0.22548221945489055 122.08687792790168 0.04722023702313642 54.675863288076755 0.04722023702313642
34 9.813099750074935 1.3103082903410632 0.0699726580806313 0.43803012043978545 0.11622211787383639 0.48667655688026795 0.13464051919904865 1085.1010111293601 0.05 110.57678396890586 0.05 292.27411526465187 0.26043239972434457 29.78407666368825 0.26043239972434457 0.2693519886784148 0.3566141485689469 9.893020891143891 0.032028347074866355 17.169742636497308 1.7276076816395058 920.8437785841652 0.01664778491751601 93.8382164694834 0.01664778491751601
35 21.624076095973514 2.377408971803927 0.0695232457388355 0.6906575099258305 0.0601237275609189 0.39226291225233983 0.09335057615402352 3199.556837376568 0.05 147.96270708519833 0.05 1318.3729686721692 0.14937662658899173 60.96782876738282 0.14937662658899173 0.41204861663065523 0.1783259029542923 43.4170127109341 0.0800856285359158 50.62714452712557 6.38493133555113 3635.672660447828 0.0074281853916311905 168.13077443455742 0.0074281853916311905
36 17.892747747891125 2.0240864297975434 0.05178983742678745 0.6847458796927757 0.06740715440551188 0.3132348588590805 0.10774728090585711 2783.494659178467 0.05 155.56552288099715 0.05 1103.3081444373172 0.1520174364579968 61.66230922063691 0.1520174364579968 0.39637516127404837 0.19387669553728643 46.1351900586158 0.0801156411651319 44.04372559472749 5.754636615296622 3322.2866447140937 0.00749753255752897 185.67783392048688 0.00749753255752897
