clumpdata/N59C_13_physprop_add.txt
# %ECSV 0.9
# ---
# datatype:
# - {name: # _idx, datatype: int64}
# - {name: area_pc2, unit: pc2, datatype: float64, description: projected area of structure}
# - {name: rad_pc, unit: pc, datatype: float64, description: equivalent radius in pc}
# - {name: e_rad_pc, datatype: float64, description: frac error in radius}
# - {name: vrms_k, unit: km / s, datatype: float64, description: rms linewidth in km/s}
# - {name: e_vrms_k, datatype: float64, description: frac error in linewidth}
# - {name: axratio, unit: '', datatype: float64, description: minor to major axis ratio}
# - {name: e_axratio, datatype: float64, description: frac error in axis ratio}
# - {name: mlumco, unit: solMass, datatype: float64, description: CO-based mass with alphascale=2.4 from N59C_12CO_3p5as.pbcor.fits.gz}
# - {name: e_mlumco, datatype: float64, description: frac error in luminous mass}
# - {name: siglum, unit: solMass / pc2, datatype: float64, description: average surface density from mlumco}
# - {name: e_siglum, datatype: float64, description: same as e_mlumco}
# - {name: mvir, unit: solMass, datatype: float64, description: virial mass}
# - {name: e_mvir, datatype: float64, description: frac error in virial mass}
# - {name: sigvir, unit: solMass / pc2, datatype: float64, description: virial surface density}
# - {name: e_sigvir, datatype: float64, description: same as e_mvir}
# - {name: alpha, unit: '', datatype: float64, description: virial parameter}
# - {name: e_alpha, datatype: float64, description: frac error in virial parameter}
# - {name: 8um_avg, unit: MJy / sr, datatype: float64}
# - {name: e_8um_avg, datatype: float64}
# - {name: flux12, unit: Jy km / s, datatype: float64, description: 12CO flux within the structure}
# - {name: flux13, unit: Jy km / s, datatype: float64, description: 13CO flux within the structure}
# - {name: mlte, unit: solMass, datatype: float64, description: LTE mass using H2/13CO=3000000.0}
# - {name: e_mlte, unit: '', datatype: float64, description: fractional unc in mlte}
# - {name: siglte, unit: solMass / pc2, datatype: float64, description: LTE mass divided by area in pc2}
# - {name: e_siglte, unit: '', datatype: float64, description: 'fractional unc in siglte [same as e_lte]'}
# schema: astropy-2.0
# _idx area_pc2 rad_pc e_rad_pc vrms_k e_vrms_k axratio e_axratio mlumco e_mlumco siglum e_siglum mvir e_mvir sigvir e_sigvir alpha e_alpha 8um_avg e_8um_avg flux12 flux13 mlte e_mlte siglte e_siglte
0 5.538231445775825 1.018072368709124 0.1379375711611656 0.23379943954238142 0.16073019970794136 0.47288469553056467 0.25642961459964536 254.62495604867834 0.05 45.975860442396 0.05 64.69556314370462 0.3329032092402516 11.681628652961022 0.3329032092402516 0.25408178423538474 0.4233913205728556 6.05416780188482 0.032254556556266176 4.028975398535443 0.518792366179917 259.2281341159105 0.03575371764792597 46.80702434594559 0.03575371764792597
[from data line 72]
73 24.635581258795913 2.933334891237204 0.05 1.5315667690957757 0.051111814896981134 0.5135450809267555 0.049031237969105676 7720.678644811044 0.05 313.3954325536543 0.05 7999.124073254935 0.11509657534794686 324.6980044523577 0.11509657534794686 1.0360648903100027 0.13991857250134193 63.948277595715645 0.10569176318175674 122.1656642154348 13.729974658764734 8939.690246509304 0.0048314816414636525 362.877179661327 0.0048314816414636525
74 4.921240144124407 0.841731495061591 0.10353267129705741 0.7141680903998818 0.11688535302062028 0.631623995258147 0.18707314199045874 1025.4437956661673 0.05 208.37101332892087 0.05 499.09518074107893 0.2792154416173479 101.41654666801037 0.2792154416173479 0.48671139544693204 0.36991671089837797 88.47999613747668 0.04409054831327971 16.225776420541106 1.4763387365928726 931.5410987316325 0.016294747925486772 189.28990893562124 0.016294747925486772
75 1.6893809449979307 0.6547569704538277 0.3962037652671152 0.18426224307053615 0.8123092154659818 0.40137775376198037 0.7495785316317216 30.93743772286454 0.05 18.312884263591855 0.05 25.8441202659326 1.4904461633847772 15.297982579035338 1.4904461633847772 0.8353671851380347 1.6605943355273602 5.6600502719049866 0.11529723885004235 0.489528505370796 0.06383549956394462 30.270645601527114 0.10341736347976514 17.91818813344328 0.10341736347976514
76 3.2318591991264767 0.874714684578085 0.14121790230633835 0.4549249269076486 0.22287215806074226 0.606485374785485 0.28773975708626165 360.99782081234036 0.05 111.69973645817018 0.05 210.45284491564746 0.43113015445363095 65.11819728177815 0.43113015445363095 0.5829753887213862 0.44137626228461807 9.251512085307729 0.05671970196151044 5.7121317806072245 1.2562148679915621 763.1047263118733 0.010919661081998797 236.11942207077865 0.010919661081998797
77 2.879292741039951 0.6883332747524795 0.12283022711977222 0.41666638714328497 0.15349423188444858 0.8311327967064431 0.27292372404918636 225.7310269295961 0.05 78.39808148443633 0.05 138.92634617560694 0.360634193195291 48.250163727856695 0.360634193195291 0.6154508224469163 0.4864334603950554 10.690955891901133 0.0808050573545879 3.5717815287741836 0.39556416011953266 194.82029459797675 0.040561375006193216 67.66255192502969 0.040561375006193216
78 6.052390863818673 1.1544550000804978 0.10561541411461497 0.4029426654550213 0.17584190223722687 0.5200245611749038 0.24334198190161932 521.3501420739025 0.05 86.13953622700497 0.05 217.90762861777964 0.3975541129064544 36.003561818922876 0.3975541129064544 0.4179679087665632 0.46541535261425065 6.255262836669255 0.09080652077591751 8.24941463498852 1.0487692627115204 538.6324850392319 0.020660114190393777 88.99499340982567 0.020660114190393777
79 1.1164604506073281 0.4992241170213207 0.3605455562578118 0.09943517179237504 0.07683455667118143 0.6770201825800115 0.8255378031912323 36.30784287329242 0.05 32.520491750103474 0.05 5.738316916533311 0.41412943437013666 5.139740430045508 0.41412943437013666 0.1580462088193717 0.5790999523395807 4.442111692930522 0.040038978099664384 0.5745053654228198 0.053534377160848357 27.10647376223297 0.10521807506793487 24.27893773351997 0.10521807506793487
80 5.714514674819087 1.0947787470422552 0.13391715472931492 0.3320157524686152 0.14536954702151672 0.580683816319406 0.24944583015523494 460.4487820167533 0.05 80.57530835395578 0.05 140.29837857626976 0.3271410187519392 24.551232529770587 0.3271410187519392 0.30469920663437666 0.3808507223394874 6.288801035108787 0.09184027278151427 7.285761919170275 0.9633054266707604 496.13602721344284 0.02105502201275628 86.820326037425 0.02105502201275628
81 5.699824405732149 1.1230129254491035 0.10590540344050761 0.7739055855740015 0.14097630064850467 0.31393259913376603 0.19016905525009178 533.9710771519744 0.05 93.68202231194617 0.05 781.9331630867682 0.3389694716186705 137.18548281950592 0.3389694716186705 1.4643736272334107 0.40342771773868646 58.81586347167025 0.04213313153588028 8.449117960425168 0.804213069913484 402.3176297936489 0.02928990121065683 70.58421473283452 0.02928990121065683
82 3.540354849952185 0.8142513251499639 0.11608874595554164 0.6306951236914566 0.13631864116424353 0.3805607783559279 0.24054376014888296 360.7347151428114 0.05 101.89224821565087 0.05 376.53585368547857 0.35654837829087 106.35539928732398 0.35654837829087 1.0438026557449889 0.4021496832222373 60.775979148896404 0.04643337010455668 5.707968463986393 0.5823810379592996 291.8616688882007 0.030848325265134584 82.43853547396316 0.030848325265134584
83 1.3515047559983446 0.5398762575526473 0.39665795836545203 0.23707314360291593 0.32104784552911564 0.6832179987460385 0.6683368102651263 42.62251960429617 0.05 31.5370844350535 0.05 35.275068130704895 0.734358945700606 26.100587492677754 0.734358945700606 0.827615740650614 0.7953602098277152 63.44263085075047 0.11361019308047006 0.6744236173122821 0.059845226331774234 27.580867554068824 0.12758849521936616 20.40752533918764 0.12758849521936616
84 0.6463718398252952 0.35694968312314757 0.31906107944688034 0.24857388968546684 0.4744433376296051 0.7334879020545151 0.877213042660699 32.26784617710057 0.05 49.921491297984296 0.05 25.64052614678971 0.9535822743627058 39.66838368719771 0.9535822743627058 0.7946153581513583 1.0255763931160158 4.680245724591342 0.03798079806864681 0.5105798196956427 0.0862163764198668 46.6501814577843 0.06899763247245466 72.17236052609154 0.06899763247245466
85 0.6023010325644795 0.32931512082678893 0.2674907190975634 0.4541735920193367 0.318186233542953 0.926698408650358 0.5198016381546914 32.7859840071699 0.05 54.43454723558022 0.05 78.970401269574 0.714875927699689 131.1145042095205 0.714875927699689 2.4086634475361217 0.7894278522384742 52.78431534185642 0.08033542946741849 0.518778369808652 0.05089639768606551 22.670099038303878 0.13921262103041449 37.639150213273 0.13921262103041449
86 18.24531420597765 2.417744644683511 0.05 1.2851891574671186 0.050303229601564144 0.4623554261232752 0.07750388702929807 6384.185847191037 0.05 349.90824356970563 0.05 4642.516451967608 0.10037962143986781 254.44979459145716 0.10037962143986781 0.7271900541570634 0.12150249066400982 58.328371818898766 0.14327228131410097 101.01809228614101 11.903760046647745 7814.679120802883 0.0050309427119618975 428.3115671552856 0.0050309427119618975
87 0.8667258761293731 0.3869561355303855 0.3391753760171737 0.38953468988547707 0.3083587399019881 0.8441834751737565 0.6646444790423408 36.09409283378428 0.05 41.64418511995209 0.05 68.25947317457725 0.6669414703713472 78.75555011627274 0.6669414703713472 1.8911535881762345 0.7513614637862419 56.125243558722026 0.15087040423162873 0.5711231391937848 0.05284145950844885 24.068241309734006 0.13345354990352168 27.769150515290978 0.13345354990352168
88 2.3210625157362874 0.62966346385191 0.1951191614862495 0.3256251574403702 0.27843562974313435 0.7860178046866866 0.396831147472741 86.62926228005362 0.05 37.32310598819571 0.05 77.6163670245133 0.5835310867354075 33.440015724820675 0.5835310867354075 0.89596015228199 0.7271892615689892 4.981686266162727 0.07173617383449712 1.3707499767154705 0.17509273872772937 81.61516178841862 0.07090211958256404 35.162845134539026 0.07090211958256404
89 1.1311507196942665 0.4615511974175256 0.38517144770365463 0.19024002801120038 0.5470321168794142 0.7144242503771386 0.7046118419626053 35.04604981520106 0.05 30.982652625349072 0.05 19.419256581200884 1.0909558518101445 17.16770032772434 1.0909558518101445 0.5541068589355789 1.330730060172692 50.07312685483462 0.07853928370386393 0.5545398001250044 0.05901901899934604 26.93813728892761 0.11524255800115797 23.81480807103106 0.11524255800115797
90 7.256992928947633 1.2275106465727235 0.07591587839068537 1.2037244431930356 0.07451132759832922 0.42472120925895884 0.12228789817756892 2569.494507412197 0.05 354.0715186813349 0.05 2067.7038775433375 0.15845831031453125 284.92571203913025 0.15845831031453125 0.8047123165971561 0.18669742808962814 33.38811429985139 0.0807607190367949 40.65756515798752 6.262967872650113 4297.276033594409 0.005604712224454744 592.1565689354439 0.005604712224454744
91 5.112213642254608 0.9644713732920661 0.07947729929390897 1.1200709281181707 0.09658167561214742 0.38792804913873535 0.1447048240915556 1746.0043797664318 0.05 341.53587896541865 0.05 1406.660549090851 0.23325774986412434 275.1568395859294 0.23325774986412434 0.8056454871430644 0.26463535117659853 31.49855414204214 0.03839238977104 27.627334304276513 4.649411675924816 3274.8179001257913 0.006040058095055746 640.5870586193887 0.006040058095055746
92 3.2024786609525986 0.7617967600929344 0.09419794804894507 0.9665569677207546 0.12202396393555555 0.5686442502977659 0.18415284284070474 1211.383023035549 0.05 378.26419823050907 0.05 827.3760565003121 0.27661268773933806 258.35490071749723 0.27661268773933806 0.6830011984376572 0.305876210141195 31.162428435929325 0.0508754407849753 19.167926589223086 3.3914510684123647 2456.3379506960728 0.0067174226348375166 767.0114966403613 0.0067174226348375166
93 1.2339826033028363 0.4922904003410839 0.20114771883296634 0.4246318769629627 0.2645715196786879 0.6487075399019849 0.4897952393525847 198.2748817641468 0.05 160.6788306686423 0.05 103.19424297017457 0.5997746598825991 83.626983633293 0.5997746598825991 0.5204604942996603 0.6478730837054425 31.65543422244844 0.029836312130140496 3.137338314929461 0.5375532047895986 349.95927812198516 0.018521460734746833 283.6014682745899 0.018521460734746833
94 0.6610621089122337 0.35729654287722445 0.3097124587482468 0.35313224038565044 0.36560984881464276 0.7201393486968654 0.7251457718820203 30.547242346197724 0.05 46.20933787365711 0.05 51.79793771750965 0.8042618347748698 78.35562955308731 0.8042618347748698 1.6956665721400885 0.7976970291558109 57.90434290568034 0.08040320680574359 0.48335436562203915 0.04815573276781095 25.421824169020244 0.1259273633492268 38.45602981367578 0.1259273633492268
95 0.7345134543469264 0.40052633415251543 0.27148525369729093 0.26554173391129204 0.39460760741100775 0.6657712630207643 0.640861089343845 95.76309116167373 0.05 130.37622468987854 0.05 32.83262185351759 0.8508586218886834 44.69982361685922 0.8508586218886834 0.3428525693483237 0.9332110478682552 39.82781337738037 0.18900163537400114 1.5152762382151619 0.21266869263422636 139.12215099052625 0.03168298261338617 189.40721938745574 0.03168298261338617
96 2.4385846684317953 0.6965279337258092 0.12039995259560529 0.6110984987420403 0.18582129277730813 0.4935194862155143 0.3068197659407925 675.2047286424295 0.05 276.88385701064874 0.05 302.3917144621264 0.39088954785101737 124.00295891985101 0.39088954785101737 0.4478518908925844 0.43915439668034895 128.28954742615483 0.06541280170129755 10.683883809132148 1.2157429798372215 886.3177157203814 0.013578126315456813 363.45578941507677 0.013578126315456813
97 0.7198231852599878 0.3672692814341747 0.3477585444089822 0.26751852330159376 0.5855796763481023 0.946831861719186 0.5649247305890261 18.29421420766134 0.05 25.414872127318024 0.05 30.55633324403919 1.1221685204671497 42.44977637529523 1.1221685204671497 1.6702730654177351 1.1782974655929703 12.717791810327647 0.1088633726226701 0.28947258529488834 0.042417953613690294 18.987990007684726 0.15430850853497796 26.37868631701074 0.15430850853497796
98 1.4690269086938528 0.5241675531059267 0.26761846529529243 0.3308291710256498 0.2824571447691105 0.6748184797216851 0.4720688796959042 71.31074979192742 0.05 48.54284790149387 0.05 66.6939812025423 0.6852880961411303 45.40010860784132 0.6852880961411303 0.9352584483706025 0.7213284886283209 64.68484405517579 0.07263231143702376 1.1283625826194004 0.08164415432919661 39.19752411318964 0.10242284758098051 26.682645417326697 0.10242284758098051
99 3.9076115771256483 0.7869121385653758 0.09422916995127739 1.8063389579964755 0.15151347338821264 0.42103772032504183 0.19150856795959367 479.39454688043344 0.05 122.68224141997894 0.05 2984.926608103662 0.3197295643480396 763.8749525609983 0.3197295643480396 6.226450900469123 0.34631984491662077 86.876284463065 0.06941349049450676 7.585544142139685 0.6577821153764435 369.16059779974285 0.0358835057012323 94.47218345874825 0.0358835057012323
100 0.9695577597379428 0.3779987663392435 0.26952015093962217 0.7264514637835601 0.37760806353534837 0.6815436998023839 0.5136123253806287 65.12923585127159 0.05 67.17416801333741 0.05 231.90627729164484 0.7444332969619929 239.18768630589446 0.7444332969619929 3.560709322940983 0.8066026119306241 98.81478743119673 0.03575398902095654 1.03055134797712 0.089252759624765 56.49370790605621 0.10451288523152748 58.26750117633593 0.10451288523152748
101 1.5130977159546684 0.5180775211530143 0.1988526671099422 0.37115226943294477 0.2571422819081962 0.8653509931600515 0.3949826389537531 140.38225547694583 0.05 92.77804995454214 0.05 82.96748117734505 0.563871340880646 54.83286393370692 0.563871340880646 0.5910111708596271 0.6942018819539447 39.47068497741107 0.0445979944027154 2.2212929325750155 0.2616043182339305 137.79893305489892 0.042629452695925024 91.07074288850973 0.042629452695925024
102 3.6872575408215704 0.7834537650138619 0.11380069301255587 1.1602234521931891 0.10922693555586396 0.44295614065025624 0.20406571609079519 381.03988398978237 0.05 103.33964464681291 0.05 1226.0426191085494 0.26266597746723347 332.50799694218557 0.26266597746723347 3.2176228017679795 0.31673314123342683 86.98780240670618 0.06998926345319341 6.029261156163433 0.5322214570065366 292.54569610926654 0.038289874218128565 79.33964277528698 0.038289874218128565
103 3.3493813518219837 0.7713632418583672 0.13069792964125942 1.0200746272459151 0.12550790785353408 0.41424180851599146 0.23922330611530432 291.25599920099944 0.05 86.95814797038955 0.05 933.1076404656533 0.2723846790307994 278.59104188242554 0.2723846790307994 3.203737066448214 0.3101255556926417 87.11935045008073 0.07352803505925676 4.6085947185966125 0.4162836163415548 230.2095723692089 0.04122108665557629 68.73196814211089 0.04122108665557629
104 2.8499122028660744 0.7430250179552772 0.16870804064241565 0.6700320903287362 0.20919971947576352 0.37675438380088627 0.31290360983045606 175.13817856896043 0.05 61.45388562946923 0.05 387.7962086082515 0.4724131106805939 136.07303699329967 0.4724131106805939 2.214229997005235 0.48733158617091965 87.38526755264125 0.0796466675376889 2.771241945225944 0.24863671306621038 138.28634203481695 0.05353073122195975 48.523018321668424 0.05353073122195975
105 1.9097349813020084 0.6991385676013038 0.20915584051145408 0.3445648582875027 0.20436177776384967 0.3461009231578167 0.3752214419098367 75.59115489041349 0.05 39.58201301778396 0.05 96.49707303499402 0.48031660152846317 50.52903883511878 0.48031660152846317 1.2765656666429874 0.4983923834552327 92.29836889413687 0.06448151473070704 1.1960921445584962 0.13459526452166284 76.42909672686834 0.06870020275923554 40.02078690246378 0.06870020275923554
106 1.0430091051726356 0.4520339935040254 0.4142562264006452 0.23822380693220352 0.6072792689277416 0.7151194970319631 0.9426934400648104 31.086245265978505 0.05 29.80438532301519 0.05 29.822931586263177 1.2275116002910509 28.593165139557417 1.2275116002910509 0.959361007773495 1.3441669806952394 30.454057586025183 0.08500220049777192 0.49188313828690755 0.03953534097384502 17.901783413716135 0.15919013966674203 17.163592652197497 0.15919013966674203
107 1.5130977159546684 0.5579030506973125 0.3714665444617397 0.20372563302295946 0.6912454615893965 0.6202693163491516 0.7911865130356289 56.062217069390684 0.05 37.051286561502074 0.05 26.919005028960687 1.276884260729378 17.79065868986294 1.276884260729378 0.4801630480585854 1.3939144168375734 79.81145684695939 0.10150119968818361 0.8870823140213075 0.06219748374409711 33.39667903073083 0.10182918918936049 22.07172655049555 0.10182918918936049
