clumpdata/PCC_12_physprop_add.txt
# %ECSV 0.9
# ---
# datatype:
# - {name: # # # _idx, datatype: int64}
# - {name: area_pc2, unit: pc2, datatype: float64, description: projected area of structure}
# - {name: rad_pc, unit: pc, datatype: float64, description: equivalent radius in pc}
# - {name: e_rad_pc, datatype: float64, description: frac error in radius}
# - {name: vrms_k, unit: km / s, datatype: float64, description: rms linewidth in km/s}
# - {name: e_vrms_k, datatype: float64, description: frac error in linewidth}
# - {name: axratio, unit: '', datatype: float64, description: minor to major axis ratio}
# - {name: e_axratio, datatype: float64, description: frac error in axis ratio}
# - {name: mlumco, unit: solMass, datatype: float64, description: CO-based mass with alphascale=3 from PCC_12CO21_3p5as.pbcor.fits.gz}
# - {name: e_mlumco, datatype: float64, description: frac error in luminous mass}
# - {name: siglum, unit: solMass / pc2, datatype: float64, description: average surface density from mlumco}
# - {name: e_siglum, datatype: float64, description: same as e_mlumco}
# - {name: mvir, unit: solMass, datatype: float64, description: virial mass}
# - {name: e_mvir, datatype: float64, description: frac error in virial mass}
# - {name: sigvir, unit: solMass / pc2, datatype: float64, description: virial surface density}
# - {name: e_sigvir, datatype: float64, description: same as e_mvir}
# - {name: alpha, unit: '', datatype: float64, description: virial parameter}
# - {name: e_alpha, datatype: float64, description: frac error in virial parameter}
# - {name: 8um_avg, unit: MJy / sr, datatype: float64}
# - {name: e_8um_avg, datatype: float64}
# - {name: flux12, unit: Jy km / s, datatype: float64, description: 12CO flux within the structure}
# - {name: flux13, unit: Jy km / s, datatype: float64, description: 13CO flux within the structure}
# - {name: mlte, unit: solMass, datatype: float64, description: LTE mass using H2/13CO=3000000.0}
# - {name: e_mlte, unit: '', datatype: float64, description: fractional unc in mlte}
# - {name: siglte, unit: solMass / pc2, datatype: float64, description: LTE mass divided by area in pc2}
# - {name: e_siglte, unit: '', datatype: float64, description: 'fractional unc in siglte [same as e_lte]'}
# schema: astropy-2.0
# # # _idx area_pc2 rad_pc e_rad_pc vrms_k e_vrms_k axratio e_axratio mlumco e_mlumco siglum e_siglum mvir e_mvir sigvir e_sigvir alpha e_alpha 8um_avg e_8um_avg flux12 flux13 mlte e_mlte siglte e_siglte
0 833.5235175495382 14.415572312873936 0.05 0.9903446447190183 0.05 0.22730816637600446 0.011026120310236434 29144.04937303551 0.05 34.96487952579384 0.05 16436.658025533543 0.02596237478731094 19.719489227916927 0.02596237478731094 0.5639798991261995 0.027918007617553666 0.8262169361457382 0.003787454249032706 1475.6277613633558 126.07812037491951 13731.794648004221 0.01397586464173369 16.474393774004234 0.01397586464173369
1 767.4290588736081 14.27276053968626 0.05 0.9812839663074765 0.05 0.22288692931171275 0.012279876516681285 27880.351386288432 0.05 36.32954872364325 0.05 15977.407081440848 0.027392990268294698 20.81939287638084 0.027392990268294698 0.5730705061808705 0.031185187557518895 0.8315684265877813 0.003774049791364996 1411.6440848517673 122.6971264137131 13248.785630881566 0.013469505049105488 17.263857131403697 0.013469505049105488
2 754.4170061271661 14.246637078052393 0.05 0.980111746796722 0.05 0.2221783449360271 0.012102269572145795 27662.443325788234 0.05 36.66731144860405 0.05 15910.083733038548 0.0275777811498627 21.089243222012826 0.0275777811498627 0.5751510647725907 0.029443827767601575 0.831991187324315 0.0037926352280023908 1400.6110242152183 122.05028120450153 13148.194107795409 0.013392135506197307 17.428284358662935 0.013392135506197307
3 701.6448586807941 14.147439797035249 0.05 0.9739196135892104 0.05 0.2184910598272966 0.012596804770720966 26647.219567694938 0.05 37.97821538633665 0.05 15600.301586246469 0.026934979359919124 22.233899947015306 0.026934979359919124 0.5854382498187198 0.02953339074567005 0.8354655871347657 0.003869802900101607 1349.2080489022871 119.2205351148492 12719.637035390839 0.013022038530049983 18.12831217676962 0.013022038530049983
4 708.2166974595245 14.143307792212548 0.05 0.974893881057393 0.05 0.21877977957241154 0.013049894397952407 26728.758343936726 0.05 37.74093217487901 0.05 15626.96348601474 0.03295182134254612 22.065228823424967 0.03295182134254612 0.5846498099512217 0.03515175539184611 0.8351088254233805 0.0038423899592868703 1353.336523259615 119.45783154266991 12755.941214354645 0.013036628007733557 18.011353389593957 0.013036628007733557
5 646.2966256473375 14.019945328150914 0.05 0.9688766733932958 0.05 0.21477559912806488 0.013966814767446942 25506.043461333815 0.05 39.46491819570726 0.05 15300.028351535864 0.032289959569272525 23.673384239336226 0.032289959569272525 0.5998589461642736 0.034474231607493994 0.83939140124215 0.003980027575010935 1291.427830364479 116.1545361789908 12260.859268784221 0.012586178011302062 18.97094736724583 0.012586178011302062
6 619.3041376162429 13.969895453032587 0.05 0.9661453254767682 0.05 0.21296868607381939 0.014104095632659568 24870.485356874186 0.05 40.15875859089673 0.05 15159.573584721036 0.03239403411686752 24.478398679962954 0.03239403411686752 0.6095407213486865 0.03351466833541955 0.8405410716614773 0.004077603093605941 1259.248006207653 114.50292357552485 12017.073453437235 0.012351333682234145 19.404154959616495 0.012351333682234145
7 590.478304003099 13.903201817322763 0.05 0.9620991065748921 0.05 0.21096599871548233 0.012811613445685037 24130.883514164856 0.05 40.866672578097315 0.05 14961.094469159667 0.03206030426190967 25.337246716318212 0.03206030426190967 0.6199977908134813 0.03659123159341183 0.8422509056862615 0.00418483749749038 1221.80050852763 112.25860923250124 11690.286119895354 0.012124549671535761 19.797994338897844 0.012124549671535761
8 595.0381635276831 13.909346008689585 0.05 0.9626405173146428 0.05 0.21125338487835393 0.015031625024127115 24212.3767186072 0.05 40.69046021361748 0.05 14984.556736658014 0.033490293118805206 25.18251375310465 0.033490293118805206 0.6188800426660465 0.03361763120784425 0.8416867094773368 0.004173978187920123 1225.9269103576698 112.49300292490643 11724.424111321394 0.012150254522973998 19.70365067311508 0.012150254522973998
9 241.3810998642714 8.232619547257654 0.05 0.9235279750843112 0.05 0.3745771995247585 0.024599073804109944 10179.64329623851 0.05 42.172495286343974 0.05 8162.948795681699 0.055944142682984616 33.81768001004107 0.055944142682984616 0.8018894727576553 0.05764837276036884 0.7777888737958456 0.00402124640292879 515.4180393710672 49.877759647299925 5197.190319702207 0.016168485727343293 21.531057413461895 0.016168485727343293
10 228.13400281243844 8.116999388416058 0.05 0.9190586453623885 0.05 0.36923340185226705 0.029179425880238048 9667.48892393581 0.05 42.376361282206524 0.05 7970.5974919605505 0.051582519996400795 34.93822662864343 0.051582519996400795 0.8244744374339118 0.052372187836237684 0.7780122958530525 0.004081572968347436 489.48653956578914 48.89680169912754 5059.045060369978 0.015573137325400017 22.175760728352707 0.015573137325400017
11 198.9038929940222 7.916703473697066 0.05 0.9108604254611856 0.05 0.35804832897591665 0.03266808533918049 8618.788716115903 0.05 43.3314229620178 0.05 7635.842483831945 0.06520892032840354 38.38960801064578 0.06520892032840354 0.8859530886926154 0.06272534336857193 0.7807701552189192 0.004295782853706625 436.388467212235 46.638662092108255 4748.75004536976 0.014472647863335008 23.874595785374993 0.014472647863335008
12 170.39771963620996 7.674396489688362 0.05 0.9129829373109013 0.05 0.34130215340303777 0.03499504899173613 7553.636904023494 0.05 44.329448305705654 0.05 7436.669320701664 0.07136589757086945 43.643009639909245 0.07136589757086945 0.9845150640932282 0.0685374990515168 0.7845763336267726 0.004517117828331378 382.45750754992395 43.130430100255815 4331.296035261133 0.013946981442976089 25.41874412702364 0.013946981442976089
13 159.02157525528884 7.2996049797820595 0.05 0.9158775099632747 0.05 0.3044143901814508 0.03101925881935462 7250.493140714891 0.05 45.59439893030332 0.05 7118.411070048725 0.0604756580789293 44.76380678924244 0.0604756580789293 0.9817830224644358 0.058892181238565586 0.7844526464914873 0.0047216445750882545 367.10867749744466 42.02478168832022 4204.735393388555 0.013814333000176099 26.44128877882381 0.013814333000176099
14 178.17298525854198 7.756091217126424 0.05 0.9125594851831311 0.05 0.33834368327073294 0.03310431435486262 7802.473791666211 0.05 43.791564587326484 0.05 7508.863172895211 0.06686751433782835 42.14366819975152 0.06686751433782835 0.9623695475805887 0.06976528718523957 0.784421130384998 0.004372336322522288 395.056631213362 44.11229570134514 4453.890197508043 0.014041072985326445 24.997561729378464 0.014041072985326445
15 203.36033302423425 7.948996457025399 0.05 0.9122147884134961 0.05 0.36096680772609097 0.03348048268695242 8746.868527119257 0.05 43.01167487799551 0.05 7689.80693091584 0.0606347799856839 37.81370150490191 0.0606347799856839 0.8791497102161708 0.06077248761141873 0.7801258312294563 0.004257723888159597 442.8734818560785 46.94611526713195 4790.421591708208 0.01459228149535291 23.556322516138575 0.01459228149535291
16 161.36261653698253 7.335843117986618 0.05 0.9159885685512791 0.05 0.3070175805593434 0.02292159454041354 7290.993318251878 0.05 45.18390612847346 0.05 7155.484711055416 0.06758245505668597 44.3441291708074 0.06758245505668597 0.9814142461415734 0.06393209661375182 0.7841618206890939 0.004667717425512361 369.1592513480629 42.10050274253574 4214.0089784351585 0.013867154777900981 26.11515026759221 0.013867154777900981
17 133.39234419546165 7.0782732626227345 0.05 0.9057554670828417 0.05 0.295966830271328 0.034659542803645506 6056.268022149502 0.05 45.401916119527584 0.05 6750.845497025865 0.07288163670271082 50.60894264766618 0.07288163670271082 1.11468737386392 0.07416180906108664 0.7865327269611877 0.005190022061194388 306.6423292641557 38.87908030284252 3832.7451089743513 0.01270078248997168 28.73287168083782 0.01270078248997168
18 126.79230010008429 6.921479145845872 0.05 0.8969821078241198 0.05 0.2970399319592224 0.03161254469694373 5847.019141883309 0.05 46.1149386616374 0.05 6474.040183812917 0.08119225392409476 51.06019985994886 0.08119225392409476 1.1072377269022666 0.08217226214228975 0.7900878350679552 0.005098339570618819 296.0475889589121 38.04300480723771 3741.111268585539 0.012652469736959404 29.505823820787775 0.012652469736959404
19 108.21439820198502 6.676545231359844 0.05 0.899307212985274 0.05310618762822039 0.2854205715524472 0.04285902931534227 4820.321889593718 0.05 44.54418237946914 0.05 6277.357526149375 0.10885871311642653 58.008524100762656 0.10885871311642653 1.302269364977712 0.1096569171155749 0.7904294440168386 0.00548710123034308 244.06363435303103 33.835213580244066 3284.2810710388867 0.012299786816196144 30.349760527325483 0.012299786816196144
20 33.169452376768305 3.4793465136070516 0.05 1.2298223081507675 0.05206323710021397 0.2861567071788907 0.09087643936671279 1315.8088254119568 0.05 39.66929602773731 0.05 6117.744449754413 0.0969382084130448 184.43911525169605 0.0969382084130448 4.649417401375959 0.0976165648336314 0.8289038459189625 0.009198780293859125 66.62233477764123 6.5545179779459755 592.1257150276418 0.033412901598972596 17.85153726090345 0.033412901598972596
21 7.7940691667632995 1.4157708481823392 0.06788051306151986 0.43637154079271784 0.1532763502121592 0.551638767572419 0.17754369583606294 310.59715394418606 0.05 39.85044875771484 0.05 313.4113494396308 0.30163694791254253 40.21151759547233 0.30163694791254253 1.0090605965306123 0.33554336654268513 0.8031692322977202 0.015634543639613502 15.726226717053313 1.654422161951598 146.8957746741424 0.0619397279560697 18.847122283769117 0.0619397279560697
22 258.54873593002503 7.417078393969854 0.05 0.8717369604982235 0.05 0.7214612180906271 0.026617122963713956 11296.549207537742 0.05 43.69214634487751 0.05 6552.585622581496 0.05029762599124947 25.34371556299127 0.05029762599124947 0.5800519700484476 0.05364039100269139 0.911869929060069 0.005053902500687478 571.9693643676059 55.6897638254305 5528.564587783267 0.015571177044830046 21.383065625505694 0.015571177044830046
23 260.88037543950304 7.432853265860287 0.05 0.8722834479730607 0.05 0.7211143309663544 0.028437352457377094 11341.533155627367 0.05 43.47407556632184 0.05 6574.757483553154 0.04956125755051553 25.202192661968972 0.04956125755051553 0.5797062348921437 0.056594193323227 0.9112073719883852 0.005039855334569749 574.2470718569148 55.77730190675303 5541.449836557697 0.015619156637221344 21.241344149486377 0.015619156637221344
24 226.460487358055 7.148016711276882 0.05 0.8524414884644256 0.05 0.7259771617085714 0.03130223720134718 10422.553253303915 0.05 46.023716432372126 0.05 6038.424383326069 0.04856883223350014 26.664361866265708 0.04856883223350014 0.5793613365719104 0.0565133977232054 0.9183148722791749 0.005427322425888156 527.7171838996614 53.17996319660069 5177.5033069150995 0.014901375169177687 22.86272262025555 0.014901375169177687
25 217.99889236398147 7.050943823128831 0.05 0.8451644520493794 0.05 0.7360125713578238 0.030406536666308204 10185.545677751496 0.05 46.72292398965595 0.05 5855.157939564483 0.04606401858990823 26.858659124691464 0.04606401858990823 0.5748497061236522 0.04767595257601675 0.9203232939952701 0.005539209933807676 515.7168671018621 52.59072544643619 5095.293030874719 0.01470959094672678 23.373022567322828 0.01470959094672678
26 193.206419031346 6.751724364546792 0.05 0.819930718515221 0.05 0.7426617368417557 0.03410874864869837 9413.984664605625 0.05 48.72500982008414 0.05 5276.88870552671 0.056345937944392174 27.312181096170423 0.056345937944392174 0.560537210705959 0.0611306266344063 0.9256274306194046 0.005945039189192072 476.6510326511353 50.44463931909017 4810.225885607017 0.01412037943367236 24.896822319483086 0.01412037943367236
27 179.00034121351808 6.543745518253373 0.05 0.8133116120447095 0.05 0.7614774353203537 0.03246357135508037 9078.566571313338 0.05 50.71815232175505 0.05 5032.100000759546 0.06188503746991152 28.11223691890662 0.06188503746991152 0.5542835381810263 0.06790916412241223 0.9302320040457577 0.00616362780778671 459.6680915924837 49.5883016779338 4699.394154118143 0.01384347973489061 26.253548581298713 0.01384347973489061
28 167.94385708792862 6.2523298312218305 0.05 0.8108429505474258 0.05 0.7034388908982339 0.037181450298969555 8750.576824825037 0.05 52.10417919747781 0.05 4778.8597672232845 0.0471529561812003 28.455103092703574 0.0471529561812003 0.5461194002280912 0.05149294029087258 0.9266068657074664 0.006324581160642703 443.06119909616564 48.66010598845476 4590.096805468521 0.013642161098946958 27.331138423630055 0.013642161098946958
29 233.7374590529583 7.213352526496409 0.05 0.8557496625238091 0.05 0.7248351063316134 0.03133513403767562 10590.150052767998 0.05 45.30788558956898 0.05 6141.006342071588 0.04890097411691025 26.273094466557925 0.04890097411691025 0.5798790679520621 0.05349212998730488 0.9163342106131814 0.005353990095773325 536.2028782186759 53.634771849530864 5240.790789025259 0.015036889457300523 22.4216983031284 0.015036889457300523
30 154.98821497478045 5.990195165672217 0.05 0.8054790756330765 0.05 0.6687478785731871 0.03435105287100747 8259.428730620613 0.05 53.290688791819306 0.05 4518.12678674629 0.05374937126853092 29.151421528930285 0.05374937126853092 0.5470265479737118 0.06077874787643752 0.9285900847601608 0.0066717132030925394 418.1932512107514 47.179938935966106 4411.093671289388 0.013294858141773447 28.460832793042734 0.013294858141773447
31 107.62208655239986 4.853695744179212 0.05 0.7911992450550621 0.05 0.6172178865485968 0.04229232816901951 6314.093147873408 0.05 58.66912034639985 0.05 3532.2643069611595 0.0683670037627159 32.82099818090168 0.0683670037627159 0.5594254351712928 0.07149073395503619 0.9346801819807162 0.008761780543930587 319.6965837580114 40.35316125751131 3641.7887595559378 0.012305996510906187 33.838674534365175 0.012305996510906187
32 3.064977742297751 0.7991001200882345 0.13689304873275476 0.45865676939595273 0.18485039521451446 0.5615691496315915 0.31143580898522816 64.96477089012187 0.05 21.19583773597622 0.05 195.42752274450822 0.4406387131320528 63.761481869033155 0.4406387131320528 3.008207680360244 0.5035592894106863 0.9081728831390662 0.013746217913478295 3.2893112968153044 0.2012565847740252 23.001023336355544 0.31548248760164577 7.5044666781534755 0.31548248760164577
33 89.82453174819852 4.395866204302124 0.05 0.7936331780816482 0.05 0.5705672810580722 0.051268514718200875 5506.493425445851 0.05 61.30277907690052 0.05 3218.792729432593 0.07572367576553232 35.834227763699396 0.07572367576553232 0.5845449146562766 0.07739948050119805 0.9330599255983066 0.010060545753937474 278.8060233608357 36.65208152198796 3257.342626566593 0.012208817509689468 36.26339668207534 0.012208817509689468
34 1.673515454383435 0.6256323511774832 0.22987829252010344 0.23595439659739906 0.3408925666935554 0.3225933250074314 0.5353475233104916 13.515172721547009 0.11075527096591466 8.075917486239371 0.11075527096591466 40.49340167466149 0.7378755112570381 24.1966105353836 0.7378755112570381 2.9961438532045954 0.7655224392042723 0.858109742737888 0.015156561291707818 0.6843034137779835 0.04126173768799873 6.337865829411375 0.7354574580727219 3.7871570368893925 0.7354574580727219
35 76.92530026834419 4.060943599969577 0.05 0.7807646833514498 0.05 0.6009979143102332 0.06534075210461752 4532.890819168455 0.05 58.925877485769156 0.05 2877.9032814095012 0.08620424841291113 37.41166133080143 0.08620424841291113 0.6348935803261734 0.08575581960288681 0.9381315676762696 0.011453850085315985 229.51034773799307 31.939490574885316 2771.703702118893 0.012067258737975985 36.0311067028683 0.012067258737975985
36 71.19021921680543 3.877136426666482 0.05 0.7834081482285182 0.05 0.5723094619165516 0.05764472353047958 4278.6981640891845 0.05 60.10233162871254 0.05 2766.280193444566 0.087823216667772 38.85758779615539 0.087823216667772 0.6465237993793914 0.0957893492623791 0.9388244619727827 0.012286873330703746 216.64003004093095 30.740748544208053 2651.897803721121 0.01201263079906178 37.25087284314899 0.01201263079906178
37 59.926896102471986 3.4532563350897605 0.05 0.7984244547571298 0.05 0.7383399331651388 0.05381051048554216 3877.668669730405 0.05 64.70664963357665 0.05 2559.206873609328 0.09275059057085187 42.705480177601935 0.09275059057085187 0.6599859584669613 0.09745488462759214 0.9461083941542695 0.014191792741546626 196.33500045051898 27.677332253606064 2347.983259523577 0.012585722755758037 39.18079213561543 0.012585722755758037
