clumpdata/PCC_12_physprop_add.txt
# %ECSV 0.9
# ---
# datatype:
# - {name: # # # _idx, datatype: int64}
# - {name: area_pc2, unit: pc2, datatype: float64, description: projected area of structure}
# - {name: rad_pc, unit: pc, datatype: float64, description: equivalent radius in pc}
# - {name: e_rad_pc, datatype: float64, description: frac error in radius}
# - {name: vrms_k, unit: km / s, datatype: float64, description: rms linewidth in km/s}
# - {name: e_vrms_k, datatype: float64, description: frac error in linewidth}
# - {name: axratio, unit: '', datatype: float64, description: minor to major axis ratio}
# - {name: e_axratio, datatype: float64, description: frac error in axis ratio}
# - {name: mlumco, unit: solMass, datatype: float64, description: CO-based mass with alphascale=3 from PCC_12CO21_3p5as.pbcor.fits.gz}
# - {name: e_mlumco, datatype: float64, description: frac error in luminous mass}
# - {name: siglum, unit: solMass / pc2, datatype: float64, description: average surface density from mlumco}
# - {name: e_siglum, datatype: float64, description: same as e_mlumco}
# - {name: mvir, unit: solMass, datatype: float64, description: virial mass}
# - {name: e_mvir, datatype: float64, description: frac error in virial mass}
# - {name: sigvir, unit: solMass / pc2, datatype: float64, description: virial surface density}
# - {name: e_sigvir, datatype: float64, description: same as e_mvir}
# - {name: alpha, unit: '', datatype: float64, description: virial parameter}
# - {name: e_alpha, datatype: float64, description: frac error in virial parameter}
# - {name: 8um_avg, unit: MJy / sr, datatype: float64}
# - {name: e_8um_avg, datatype: float64}
# - {name: flux12, unit: Jy km / s, datatype: float64, description: 12CO flux within the structure}
# - {name: flux13, unit: Jy km / s, datatype: float64, description: 13CO flux within the structure}
# - {name: mlte, unit: solMass, datatype: float64, description: LTE mass using H2/13CO=3000000.0}
# - {name: e_mlte, unit: '', datatype: float64, description: fractional unc in mlte}
# - {name: siglte, unit: solMass / pc2, datatype: float64, description: LTE mass divided by area in pc2}
# - {name: e_siglte, unit: '', datatype: float64, description: 'fractional unc in siglte [same as e_lte]'}
# schema: astropy-2.0
# # # _idx area_pc2 rad_pc e_rad_pc vrms_k e_vrms_k axratio e_axratio mlumco e_mlumco siglum e_siglum mvir e_mvir sigvir e_sigvir alpha e_alpha 8um_avg e_8um_avg flux12 flux13 mlte e_mlte siglte e_siglte
0 833.5235175495382 14.415572312873936 0.05 0.9903446447190183 0.05 0.22730816637600446 0.011026120310236434 29144.04937303551 0.05 34.96487952579384 0.05 16436.658025533543 0.02596237478731094 19.719489227916927 0.02596237478731094 0.5639798991261995 0.027918007617553666 0.8262169361457382 0.003787454249032706 1475.6277613633558 126.07812037491951 13731.794648004221 0.01397586464173369 16.474393774004234 0.01397586464173369
[from data line 38]
39 5.453027885069619 1.0373518026477966 0.1278538788767339 0.3608377473029992 0.15901432474703442 0.5810620208682383 0.25365390161832035 55.441242230807134 0.0653370406854125 10.167056431639596 0.0653370406854125 157.0214224345128 0.35676752571472836 28.795272231128173 0.35676752571472836 2.832213278714387 0.3925897504315484 0.8008647091429809 0.009852257949982561 2.8071137757518003 0.1639190474414324 25.228956998005444 0.452538838107811 4.626595999459728 0.452538838107811
40 1.9367650764212785 0.6265141098347211 0.30052915296369753 0.41322867254949536 0.2796505906027113 0.7243200010971255 0.5478320910718996 13.349751532876533 0.1306647490190537 6.892808888078453 0.1306647490190537 124.37144152957968 0.6468058462798106 64.21606990115245 0.6468058462798106 9.316386243091431 0.6801820498523191 0.7220273243570791 0.00993442624497137 0.6759276989350749 0.029596703306846415 4.487051786522139 1.2459458347140207 2.3167764852582104 1.2459458347140207
41 50.28067780922814 3.1797327674611826 0.05 0.785533292348947 0.05 0.7850649769580788 0.054670839921515134 3396.6780105490466 0.05 67.55434012716603 0.05 2281.0180914628445 0.0855538772888877 45.365698929464386 0.0855538772888877 0.6715438096807226 0.08894818892073922 0.9509661907501513 0.01656958526620784 171.9813847536975 25.295282676636194 2115.6799135712126 0.01246870623163493 42.07739445355919 0.01246870623163493
42 11.818027675056054 1.9110398433514124 0.09303801481317604 0.5085101132837524 0.13330339759636073 0.18683541068806173 0.16310770235895897 277.33164053738005 0.05 23.466829505124224 0.05 574.483879537327 0.3090943633665406 48.61080844732428 0.3090943633665406 2.0714689403061293 0.32084814189646194 0.8997361550941861 0.015042135875496097 14.041919291870784 1.2748845734755934 131.37343206645448 0.08977575832938874 11.116358471874316 0.08977575832938874
43 2.876942297985006 0.9962762501762044 0.24833216161275157 0.25403305525650194 0.3406677126055715 0.4106797322953084 0.3681333020019442 39.978792366673986 0.05 13.89627883558002 0.05 74.74276433215061 0.7773878272230267 25.979931674159754 0.7773878272230267 1.8695603320538419 0.7981007204176892 0.8015618672947479 0.014475685100443314 2.0242153934004117 0.16741881746077797 16.611037377243964 0.2392130348279655 5.773851421656333 0.2392130348279655
44 26.879666764506965 3.441982426293142 0.05209389690310216 0.5601204228644834 0.08186697266504307 0.21905123111287084 0.12346910746245778 832.2780157736811 0.05 30.96310765551066 0.05 1255.3949583081717 0.18325613032319837 46.704260484577425 0.18325613032319837 1.508384139092228 0.193445932469426 0.834809396724761 0.009641120024951197 42.140092856019734 4.258155275941777 382.3852687540774 0.03996005675146684 14.22581879843075 0.03996005675146684
45 8.959888921502321 1.9282701854247597 0.12073041661206797 0.5765946858343444 0.15153079946280565 0.17663774087881057 0.16371114147992094 186.5720287897232 0.05 20.82302921657653 0.05 745.2776074937124 0.34179273259656673 83.17933559479333 0.34179273259656673 3.9945838201378017 0.35428181458441993 0.8263625186112595 0.015259500581022606 9.446557789035518 0.9398584265521536 91.46802712353022 0.09071631532775665 10.208611727766108 0.09071631532775665
46 1.814542037617994 0.618148404797709 0.1975363025091347 0.24974223703854326 0.25000481210749903 0.5459089742317947 0.39899164947497295 23.941060278489417 0.07627218732489528 13.193995940660374 0.07627218732489528 44.8214253704624 0.5158903479827384 24.701232840712187 0.5158903479827384 1.8721570744606324 0.5560819948006952 0.72126017549495 0.011725888014422472 1.2121892621791728 0.06800255738898467 9.424225152507262 0.5809011113577854 5.193721036564541 0.5809011113577854
47 3.7889142029018212 0.8725877006131691 0.11956277638621318 0.37779059742211757 0.20219014634343044 0.32027870996508556 0.27192467418591876 83.23907767346185 0.05 21.969111258764165 0.05 144.78390717421445 0.40648188017690706 38.212506122025296 0.40648188017690706 1.7393742364876565 0.4392979085581866 0.7885706103765048 0.011248274934574032 4.214580190109497 0.5795113804216556 71.5259228516061 0.12713778362795974 18.877683426250833 0.12713778362795974
48 31.61815996118815 2.420438698840388 0.05 0.8233651649919277 0.05999266112995593 0.892436977681148 0.11176016447737164 2289.717602059841 0.05 72.41780055735406 0.05 1907.6029319617269 0.11606710728912607 60.332509364977064 0.11606710728912607 0.8331171190043865 0.12646662743983816 0.9798697490547513 0.023901531384610382 115.93350158245686 18.658680208263547 1488.2729865114297 0.012864328904670876 47.070195999334274 0.012864328904670876
49 24.115545733109606 2.079891093528449 0.06615512376110863 0.8473898354843921 0.05965266445323502 0.9466638053241921 0.12361153759320595 1892.1695152884786 0.05 78.4626454748072 0.05 1736.2650023533397 0.11610267736351314 71.99774873721903 0.11610267736351314 0.9176054197705591 0.11874080020432702 1.0019627434003655 0.02917685284765681 95.80477114198152 16.152332606835134 1258.2295989395986 0.01303460467678708 52.17504148007331 0.01303460467678708
50 16.38728897185577 1.6502277704972623 0.057438581425012986 0.872304339539923 0.061523030698901054 0.6705175566267227 0.09895580215177878 1604.666931822085 0.05 97.92143987806698 0.05 1459.7849195819142 0.11896499680445467 89.08031841563367 0.11896499680445467 0.9097120970295944 0.12127693532456364 1.0414488441425702 0.038030800618777845 81.24786719922363 14.60511982040228 1122.7014784242858 0.01279808159022324 68.51050715908295 0.01279808159022324
51 2.3880501427718674 0.6943464459041021 0.15402042200339777 0.31566656317354 0.19649004190076508 0.6362011428638628 0.3307678265409153 44.341085299211834 0.054625684910141595 18.56790379105862 0.054625684910141595 80.43448698066868 0.4303903608488027 33.68207624288259 0.4303903608488027 1.8139945478984116 0.47053559071184575 0.8458414359355536 0.010049109165884399 2.2450879727308886 0.03172407049728576 5.098505619610062 1.3459161606669978 2.1350077740378195 1.3459161606669978
52 57.48243532640629 4.56601344951349 0.05 0.600350901348377 0.05 0.30280257308259734 0.04645760002994404 2565.466115209447 0.05 44.63043537807318 0.05 1913.1826596965748 0.10039321422655316 33.282908923966495 0.10039321422655316 0.7457446615077904 0.10298276687411971 0.7692092295015877 0.005773796158307131 129.89526396246464 22.450380537189663 2186.2982758615826 0.012907845957897233 38.03419711511841 0.012907845957897233
53 64.37393436046841 5.024402976947124 0.05 0.595079727957994 0.05 0.3680329229182997 0.06081243911622498 2846.8129876878133 0.05 44.223069724879544 0.05 2068.443637415173 0.10046638014745726 32.131695195647225 0.10046638014745726 0.7265821978335031 0.10281670668749877 0.7703228044008467 0.0053781626275138045 144.1404828292161 23.92579008525861 2337.9149192937684 0.012921369693037744 36.31772614987885 0.012921369693037744
54 3.093183058944663 0.968224683690792 0.24175510977834416 0.265697240092541 0.4123892629217492 0.3038005052386107 0.385920914153759 46.60270728287877 0.05 15.066262291886064 0.05 79.46193788740247 0.8678669009239034 25.689374464152603 0.8678669009239034 1.7050927407514747 0.8736212513016959 0.8217148878654086 0.01468132044854065 2.359599003365132 0.3778232699911284 35.96626107176199 0.10283693554409742 11.627588922600983 0.10283693554409742
55 62.18332143422493 4.967270258131704 0.05 0.5959760786680707 0.05 0.3686174551372117 0.06108256428135632 2749.7219127899752 0.05 44.21960502220073 0.05 2051.0883216212615 0.09041058544379532 32.98454110063616 0.09041058544379532 0.745925728736746 0.09334898985241719 0.7705760037192485 0.005496444080251328 139.2245536478897 23.33639229001455 2276.6179732868013 0.012958311593885557 36.61139226367826 0.012958311593885557
56 1.6077030488739739 0.6772597593726696 0.2982225097160123 0.16432106391056284 0.44652303366538626 0.31581810944625716 0.5855274084820281 15.744736176334115 0.0878338926662813 9.793311138746448 0.0878338926662813 21.25938337779025 0.951784739320076 13.223451552623603 0.951784739320076 1.3502533887957546 0.9725108161116796 0.7571034908991808 0.010164642918426081 0.7971910846413603 0.023957762686803625 2.8707830774728778 1.3690021437785342 1.7856426157078933 1.3690021437785342
57 1.0341949437201001 0.4667006130847309 0.37761293352936803 0.20261907160569018 0.468825460430308 0.598203505498373 0.9229467486239866 9.601312145711889 0.10663368216057018 9.28385137058883 0.10663368216057018 22.27449820536177 1.023099704366531 21.53800725928733 1.023099704366531 2.31994313561714 1.0527719204042698 0.7690503537654877 0.021289456165189614 0.4861358326465203 0.005522807202654748 0.6488430987888121 4.226418754580697 0.6273895484876962 4.226418754580697
58 27.424969553013927 3.118331676752294 0.05005994161685015 0.47735549535673877 0.07694156447246008 0.3995054283347055 0.07296665236022049 1039.420527031375 0.05 37.900517082511975 0.05 826.066623194365 0.1650488297338483 30.120967740639937 0.1650488297338483 0.7947376463245757 0.1676872808788839 0.7647981078689295 0.008109678868640663 52.62817476621072 9.645381999691962 885.82396644087 0.01764935484953694 32.299907014610355 0.01764935484953694
59 2.801728120259908 0.7739206022650724 0.18314931897503572 0.22603601643511848 0.2965369357009184 0.780744445653233 0.3263460522223757 59.33696032958582 0.05 21.178700353009738 0.05 45.96852971994991 0.5645657301011596 16.40720574831706 0.5645657301011596 0.7747031439530899 0.5799511462984305 0.7449977099895477 0.011568376310351678 3.0043624824802673 0.3734525183428719 36.6163233857367 0.13442554021691294 13.069192232092782 0.13442554021691294
60 8.856469427130312 1.6048504953912885 0.094375618312912 0.49851922856866027 0.13964202874447532 0.24883409351506083 0.19622901170539883 215.45519525463112 0.05 24.327436234874835 0.05 463.66821420659517 0.306930298634821 52.35361766012822 0.306930298634821 2.152040073383326 0.3196076716801023 0.9190039498031519 0.013244278636303262 10.908976460845556 1.0695781151055823 110.10605461022696 0.0934896478706052 12.432274002204027 0.0934896478706052
61 3.2812185032574086 0.8376059675941727 0.1909391160768778 0.4479942085032403 0.20444385003319557 0.6701193793210448 0.32554227492680016 64.70824522016704 0.05 19.720797367175745 0.05 195.4310105299081 0.4804857590518038 59.560498740298826 0.4804857590518038 3.020187147170541 0.5050277971222156 0.9064962887832292 0.004439400240586082 3.2763226195795436 0.23728048154833353 25.76040392495933 0.22714371681196194 7.850865128118062 0.22714371681196194
62 5.227385351894324 1.1022241413171932 0.15195717991598176 0.2082826714838587 0.2088989217683986 0.33954966051634183 0.3212825433688888 64.4274574954071 0.05 12.324987189256973 0.05 55.588520226448246 0.4606760394043325 10.634096490763556 0.4606760394043325 0.8628079143183796 0.5059022451845817 0.8472057991533828 0.015419182218427176 3.262105778025078 0.10527637386249986 12.000706573665244 0.6286928532466991 2.295737881523575 0.6286928532466991
63 5.86670586255766 1.3708097496573686 0.10654610168881702 0.45264487672424375 0.17390498613520666 0.26864841939170186 0.2501232550829866 141.18026852385873 0.05 24.06465771957238 0.05 326.5136324589364 0.3894730031200418 55.655360965478664 0.3894730031200418 2.3127426790788213 0.3965822350355661 0.8388925520464395 0.019613963478189052 7.1482719508026635 0.7482761078039335 72.41428842674702 0.09823517647413901 12.343262151407256 0.09823517647413901
64 30.48054552309604 3.55158886601449 0.0670919359697913 0.5163934953825197 0.07479602647822989 0.44092463331371945 0.0697389073199546 1088.1750950138303 0.05 35.700643683994656 0.05 1101.0147260038498 0.1896845323733766 36.12188388064043 0.1896845323733766 1.0117992325397378 0.1961487244066277 0.7705038773064846 0.008258574762164248 55.09672747660587 10.039695804948007 923.358313470893 0.017420986679743834 30.293365739508705 0.017420986679743834
65 8.010309927722957 1.453759490062674 0.085686708334153 0.35601760239483615 0.17603239548702773 0.3593743845658496 0.19239792276965387 220.60523121431532 0.05 27.54016176712721 0.05 214.2123080291025 0.3843212464212811 26.74207489622007 0.3843212464212811 0.9710209810074623 0.39495391812587116 0.893151515666308 0.010315925866052823 11.169734695898322 2.102224731904254 207.94498460011494 0.04004628693411092 25.959667787688986 0.04004628693411092
66 2.5854873593002505 0.7669142641608138 0.21615784656420453 0.14011492199656703 0.26780043330406034 0.5879433098422355 0.47106287904897237 16.160614505310214 0.0979191399149651 6.2505099656275265 0.0979191399149651 17.50348431505056 0.6492639116238353 6.769897463272763 0.6492639116238353 1.0830952195103158 0.7349089898237977 0.8218378335779364 0.010048124598481494 0.8182479858731465 0.027188392257521076 4.0928119586770695 1.2367253666937732 1.5829943797461725 1.2367253666937732
67 1.852149126480543 0.6643730297452843 0.2497850332651992 0.2297619330976136 0.35379049623352077 0.38695370669964757 0.5864370410706955 36.033536764720196 0.05 19.45498677700493 0.05 40.773412646251224 0.7788535209573847 22.014108941502425 0.7788535209573847 1.1315406786871878 0.7978041623096687 0.792329662342362 0.023710243310375776 1.8244581850385733 0.19800649124490863 18.625584102617648 0.18484469743549786 10.05620111054989 0.18484469743549786
68 7.784667394547664 1.1940500055235612 0.08171360079896921 0.48688756116277027 0.12501585795885242 0.6923234179591378 0.17405826701138108 246.0493795001921 0.05 31.606922560689448 0.05 329.07037753183084 0.26609428163509297 42.271604020270644 0.26609428163509297 1.3374160024312272 0.2975031726217058 0.7081459720353573 0.017081185564979402 12.458028692293018 1.1090484792143496 112.29647866805372 0.10519833742546576 14.425340605650735 0.10519833742546576
69 1.4290693767768656 0.5672487232919097 0.2440102670330487 0.19252715381158306 0.38959084099838165 0.4715876971256097 0.6254308256024322 13.607920424566228 0.0997219078191058 9.52222519473312 0.0997219078191058 24.443670665978477 0.836933448145398 17.104607420186223 0.836933448145398 1.7962825989083968 0.876132270811171 0.7146802038738602 0.010840181369331006 0.6889992832592441 0.04470607685452797 6.336238097968383 0.6842608626914123 4.4338211992612875 0.6842608626914123
70 1.2598374768953948 0.5270526082200218 0.25809868919780105 0.18244240850428778 0.3275405196504372 0.8647203529902757 0.5950500055725919 12.247069593390378 0.11134114987163798 9.721150400741143 0.11134114987163798 20.394566392497453 0.6627342866730054 16.18825187099179 0.6627342866730054 1.6652609211516358 0.710814997833429 0.8738519700605478 0.022391648328471573 0.6200964089581167 0.003872844387511296 0.7255179452386572 5.811737056339008 0.5758821741249863 5.811737056339008
71 17.61892113210425 2.154170323903522 0.05296671500418751 0.46732085095348463 0.08310300151894182 0.2831768074178262 0.10643787460305351 637.6926665712292 0.05 36.19362739579212 0.05 546.9142912211377 0.18735497811391047 31.041304238803807 0.18735497811391047 0.8576455711209723 0.19580392007676925 0.838994740740085 0.01223738311939186 32.287801869017876 3.2903119806498564 288.2371131958196 0.044074404241118095 16.359521166742123 0.044074404241118095
72 2.341041281693681 0.7364795382769808 0.22253144790340065 0.3509304850234847 0.29731495064111035 0.40467800039336294 0.41423204679404935 65.71169244613709 0.05 28.069429172387952 0.05 105.44155306377175 0.5976108095485962 45.04045011435578 0.5976108095485962 1.6046086950233498 0.6130816462892625 0.7340247657404367 0.02425793897918066 3.327129522611452 0.5615372765982087 48.57400591390683 0.0750434605573942 20.748889092107266 0.0750434605573942
