clumpdata/PCC_12_physprop_add.txt
# %ECSV 0.9
# ---
# datatype:
# - {name: # # # _idx, datatype: int64}
# - {name: area_pc2, unit: pc2, datatype: float64, description: projected area of structure}
# - {name: rad_pc, unit: pc, datatype: float64, description: equivalent radius in pc}
# - {name: e_rad_pc, datatype: float64, description: frac error in radius}
# - {name: vrms_k, unit: km / s, datatype: float64, description: rms linewidth in km/s}
# - {name: e_vrms_k, datatype: float64, description: frac error in linewidth}
# - {name: axratio, unit: '', datatype: float64, description: minor to major axis ratio}
# - {name: e_axratio, datatype: float64, description: frac error in axis ratio}
# - {name: mlumco, unit: solMass, datatype: float64, description: CO-based mass with alphascale=3 from PCC_12CO21_3p5as.pbcor.fits.gz}
# - {name: e_mlumco, datatype: float64, description: frac error in luminous mass}
# - {name: siglum, unit: solMass / pc2, datatype: float64, description: average surface density from mlumco}
# - {name: e_siglum, datatype: float64, description: same as e_mlumco}
# - {name: mvir, unit: solMass, datatype: float64, description: virial mass}
# - {name: e_mvir, datatype: float64, description: frac error in virial mass}
# - {name: sigvir, unit: solMass / pc2, datatype: float64, description: virial surface density}
# - {name: e_sigvir, datatype: float64, description: same as e_mvir}
# - {name: alpha, unit: '', datatype: float64, description: virial parameter}
# - {name: e_alpha, datatype: float64, description: frac error in virial parameter}
# - {name: 8um_avg, unit: MJy / sr, datatype: float64}
# - {name: e_8um_avg, datatype: float64}
# - {name: flux12, unit: Jy km / s, datatype: float64, description: 12CO flux within the structure}
# - {name: flux13, unit: Jy km / s, datatype: float64, description: 13CO flux within the structure}
# - {name: mlte, unit: solMass, datatype: float64, description: LTE mass using H2/13CO=3000000.0}
# - {name: e_mlte, unit: '', datatype: float64, description: fractional unc in mlte}
# - {name: siglte, unit: solMass / pc2, datatype: float64, description: LTE mass divided by area in pc2}
# - {name: e_siglte, unit: '', datatype: float64, description: 'fractional unc in siglte [same as e_lte]'}
# schema: astropy-2.0
# # # _idx area_pc2 rad_pc e_rad_pc vrms_k e_vrms_k axratio e_axratio mlumco e_mlumco siglum e_siglum mvir e_mvir sigvir e_sigvir alpha e_alpha 8um_avg e_8um_avg flux12 flux13 mlte e_mlte siglte e_siglte
0 833.5235175495382 14.415572312873936 0.05 0.9903446447190183 0.05 0.22730816637600446 0.011026120310236434 29144.04937303551 0.05 34.96487952579384 0.05 16436.658025533543 0.02596237478731094 19.719489227916927 0.02596237478731094 0.5639798991261995 0.027918007617553666 0.8262169361457382 0.003787454249032706 1475.6277613633558 126.07812037491951 13731.794648004221 0.01397586464173369 16.474393774004234 0.01397586464173369
[from data line 73]
74 7.07013270615923 1.2412378267922302 0.08790799133096547 0.3968428282916489 0.1449611699904546 0.5788021436624414 0.18156151481868607 226.2691045775073 0.05 32.003515914261456 0.05 227.24848163726688 0.27908448727602536 32.14203906516446 0.27908448727602536 1.004328372897344 0.2985485420553604 0.9963362282736504 0.013120320319773667 11.456509864936786 1.2205284411817279 119.48313888674127 0.08056721667385845 16.89970243170289 0.08056721667385845
75 3.51626280864834 0.9249257981878526 0.14004692482556286 0.2577799805331267 0.21604245851990378 0.49712742946800365 0.26276858416104165 93.71427073077285 0.05 26.651668498805083 0.05 71.4519657995003 0.4751121506689131 20.320428161331492 0.4751121506689131 0.7624448789103974 0.4851062070428007 0.8812838612712003 0.013167901412902881 4.744962471390681 0.645722290181615 56.86751929143858 0.08293317182474594 16.17271585945494 0.08293317182474594
76 3.9957531916458415 0.9438983553784731 0.13276909777985266 0.3518000106034383 0.20806627761080923 0.4758777498668795 0.3204138609125174 103.60931901415137 0.05 25.92985953956654 0.05 135.80815253909674 0.44359202634160727 33.98812339636965 0.44359202634160727 1.3107715969115434 0.4815305829541092 0.9362577525307151 0.024784989387987788 5.245970756256425 0.6301568099955395 62.016344191305436 0.1037827702018722 15.52056426332004 0.1037827702018722
77 3.2154060977479477 0.8149996241070387 0.1704874292341255 0.18975303153903222 0.24551992655781082 0.7006027904790325 0.34312399236256724 22.222150460429784 0.0983535729315645 6.911148945072305 0.0983535729315645 34.11487387470335 0.48824294729677786 10.609818118649839 0.48824294729677786 1.5351742818702685 0.591946133535445 0.8689731200884657 0.007097748393259425 1.1251569839131388 -0.01338118664453125 -1.1704054101576329 -5.702739870447237 -0.36399925066304323 -5.702739870447237
78 10.736823870257767 1.8817840476986978 0.08661218484346811 0.37654692536358736 0.140912980542258 0.4699057070381989 0.20634519004112875 347.3841195470414 0.05 32.35445824061017 0.05 310.18222698271194 0.3081975798006834 28.889570205389347 0.3081975798006834 0.8929084823657527 0.31444458599874436 0.7701862897534713 0.0133459376712141 17.588832657328037 3.990163352871205 363.3653936271329 0.02259606151002437 33.842912766194914 0.02259606151002437
79 5.913714723635846 1.2459470354511701 0.0776234439860664 0.3315535581158967 0.13578360800865422 0.5171631870109666 0.20437699717471167 146.34120295114823 0.05 24.746070750801337 0.05 159.22669566950375 0.2819092405446203 26.924987611104893 0.2819092405446203 1.0880510236249525 0.3047094090375193 0.7995185118600939 0.019812556892130812 7.409581300605863 0.7532979332497193 82.96589811070949 0.12904022964776396 14.029404864443771 0.12904022964776396
80 1.2598374768953948 0.5147925407615019 0.20239868867513786 0.3039441279683772 0.25816033642634456 0.5822406698443112 0.5080793415775121 36.87255552166641 0.05 29.267708095595864 0.05 55.287719414967846 0.4908706022981379 43.884802943958164 0.4908706022981379 1.4994273825821656 0.5074016324710264 0.7553876798544357 0.02418869888602432 1.8669397471547073 0.19458847370466462 19.5568196060094 0.19515498857675498 15.523287697555308 0.19515498857675498
81 2.93335293127883 0.864822725629681 0.18151716816834976 0.32393605133198133 0.22149075629152604 0.4549835841555394 0.3543845410219006 53.4914111557553 0.05 18.2355865144516 0.05 105.500514335035 0.47423846459265595 35.96584414035743 0.47423846459265595 1.972288860128228 0.517795592916471 0.8395231524721171 0.02005258715256068 2.7083892742229065 0.18145951885058778 18.608306081697485 0.2828224863577354 6.3436983266738975 0.2828224863577354
82 1.2880427935423067 0.5877876192963415 0.37077102447218846 0.23011209714407632 0.5451248043031499 0.43528928800976635 0.7816239655054541 14.369281228887528 0.07291759982590258 11.155903593365789 0.07291759982590258 36.183306462971494 1.2513231114609047 28.091695900461577 1.2513231114609047 2.5181013501378042 1.2249225496122504 0.9604526401436242 0.009024542670693107 0.7275486806108514 0.09764103830228164 9.79771879363713 0.23744921026566174 7.606671799072736 0.23744921026566174
83 1.7957384931867195 0.6197258602923948 0.22276074883831978 0.2717323031292279 0.28670418584875296 0.7547764227472556 0.6051388595661981 43.479176547138806 0.05 24.212421080299176 0.05 53.19748173077481 0.6440497024271284 29.624292140873198 0.6440497024271284 1.2235163118395243 0.6648953511903815 0.8755661520658363 0.016616727044569356 2.201447660368261 0.5003403476086886 48.94493867534753 0.07140474380080114 27.25616166332203 0.07140474380080114
84 1.1000073492295612 0.5144458044261508 0.33157752418794334 0.09830834982911837 0.17403072710697004 0.8006465618766789 0.7556521215055976 6.402386839519422 0.15889532231649614 5.820312786095126 0.15889532231649614 5.780020219979172 0.4532563795373615 5.254528730219362 0.4532563795373615 0.9027914690036183 0.5507329821423742 0.806209816891923 0.015104311911682195 0.32416712796459657 -0.025395860389708147 -3.012124688338726 -1.081419003880949 -2.73827687646669 -1.081419003880949
85 2.745317486966084 0.802414606622923 0.17848417819544182 0.2557978223349257 0.2988251264621206 0.9159241878651512 0.4163107576140689 62.187237294156745 0.05 22.652111309312115 0.05 61.038159121109885 0.6199598239658483 22.233552006607663 0.6199598239658483 0.9815222829788769 0.621463477738564 0.8694542538221568 0.014374032048887932 3.148678386513833 0.360878291655705 34.71378822902628 0.13062648674575772 12.644726299903956 0.13062648674575772
86 3.723101797392361 0.9404746721569347 0.166132823372536 0.21836206668036434 0.2588980642084445 0.5899573837868047 0.3732899476254876 20.146731718262032 0.13434769452784845 5.411276085003286 0.13434769452784845 52.13272324622388 0.5746082259394976 14.002497402229867 0.5746082259394976 2.58765163378674 0.5934451932317903 0.8709811271742137 0.010867565989524 1.0200739734627453 0.08349702014022369 12.531510641702933 0.6930280019597218 3.3658791308043017 0.6930280019597218
87 1.8615508986961804 0.644566126819998 0.22963254622646626 0.14370946127688108 0.29249989437832136 0.8265747427436125 0.5049949641132978 21.493409060217413 0.07371715772783406 11.545969049393854 0.07371715772783406 15.475586497760986 0.5762281801045953 8.313276047729879 0.5762281801045953 0.7200154454048456 0.6626811491005089 1.0286831669133119 0.01378189246923153 1.0882592067052101 -0.006613273277426088 -0.4206586639170848 -10.136472120890916 -0.22597215268822984 -10.136472120890916
88 6.600044095377367 1.2507768586905523 0.10062233578239216 0.5460900803345493 0.16867042035921612 0.5830601223241085 0.2325552425124715 132.2276209212767 0.05 20.034354166495365 0.05 433.62801096519723 0.3994656408358773 65.70077482799059 0.3994656408358773 3.2794056789644794 0.4396083422024139 1.0414886915276194 0.010449255120691796 6.694979169035758 0.4047816852283611 42.283501580379195 0.22637439834585313 6.406548345638224 0.22637439834585313
89 3.5444681252952526 0.9481875533804807 0.1479381296735028 0.3021617023318605 0.23828959877824754 0.3536224931030708 0.2577475530669252 119.17688832899027 0.05 33.62334886819243 0.05 100.64263592494407 0.5224840960786052 28.39428437984912 0.5224840960786052 0.844481151807874 0.5212140418113617 0.7947688662405039 0.021255896104901792 6.034191983575015 1.9215091726031686 178.63186784886204 0.025372033084512184 50.39736895193044 0.025372033084512184
90 2.4538625482813288 0.812634131157736 0.30791076942445383 0.19234572694617622 0.29697952527441174 0.5626058140661029 0.4389659378007531 52.18458504320504 0.05 21.266303232736007 0.05 34.95176083295495 0.6420229904028641 14.243569126329005 0.6420229904028641 0.6697717497229774 0.6556680319164229 0.7404461815896162 0.015984034573457106 2.6422216217078556 0.397109969558021 33.36578380678942 0.0919069708742044 13.59725051843618 0.0919069708742044
91 5.744482823754375 1.3695662754612081 0.1852393258504765 0.4368724497463732 0.19549839238081837 0.5123338718689058 0.2935252203096852 110.99537277406132 0.05 19.322082801793286 0.05 303.8794170578414 0.43319000941869196 52.89935167031058 0.43319000941869196 2.737766534433906 0.43252323966962586 0.7529292986552961 0.011664826653066606 5.619942593474919 1.5346854222604225 160.4588690904207 0.036326425200764144 27.9326919434587 0.036326425200764144
92 1.889756215343092 0.7265449218031265 0.3041610295246322 0.0743402035231627 0.7203870471176244 0.5996834213531107 0.6456970985656132 3.171855616037291 0.3629282741211761 1.6784469818301029 0.3629282741211761 4.667871356123666 1.6082615859173193 2.4700918130205474 1.6082615859173193 1.4716531649556608 1.7115458676523614 0.6444502662663436 0.031161068860207447 0.16059813282144236 0.017751517583534035 2.242163116806528 1.5243384474744175 1.1864827317948285 1.5243384474744175
93 2.049586343008926 0.6862263449180971 0.260284761928319 0.1642012797279897 0.1979960088624734 0.7523969929450148 0.5291069641894469 38.643025865517785 0.05 18.85406096568116 0.05 21.50945357097924 0.5268442552432905 10.49453400406736 0.5268442552432905 0.5566192887129138 0.534796371365801 0.8874049733538146 0.007326956891877347 1.9565823993263975 0.29690294308835646 26.188628188564063 0.1100506677321313 12.777518877354275 0.1100506677321313
94 1.297444565757944 0.5527186010751308 0.2632051591961412 0.15821752735403363 0.4943126168343929 0.7092479430488376 0.6461189908545254 18.167510953906127 0.06649639501746368 14.002533467233716 0.06649639501746368 16.085041363418476 1.0346617788585255 12.397478696149056 1.0346617788585255 0.885373973585528 1.0793031403040196 0.8780677992364635 0.006307169456366322 0.9198616420145608 0.08403312148521391 8.739943532314998 0.3210618031233245 6.736275107992207 0.3210618031233245
95 1.9085597597743664 0.6146016672058531 0.19183765094835264 0.32982409183385697 0.2227690709086466 0.5367575350887084 0.38382975895702254 53.326791054036235 0.05 27.94085476282945 0.05 77.72619362337274 0.481216593248256 40.725051036684164 0.481216593248256 1.4575449241754017 0.5129682893927691 0.967923435965195 0.013064624645238571 2.7000541883509905 0.22297449995816243 20.868479804133276 0.20783999423238994 10.934150579911833 0.20783999423238994
96 3.8077177473330956 1.0764836561540656 0.24579692864768277 0.3531115049666935 0.26530510027756143 0.5460583896957968 0.4843870622827091 66.86367167816039 0.05 17.560038877616737 0.05 156.04149110199884 0.6978074614871498 40.98031982840362 0.6978074614871498 2.3337260306775303 0.7023583868414568 0.9133209571426297 0.015428876446370537 3.385456533336995 0.22621948930987018 18.683701082076375 0.19615622536059452 4.906797804317911 0.19615622536059452
97 2.801728120259908 0.7986840682317151 0.19637950273274443 0.2260512623623439 0.27206242901396044 0.46405837552443585 0.3570066422127199 63.45456923025905 0.05 22.648367902440352 0.05 47.445803981316594 0.5523768111753578 16.93447827368602 0.5523768111753578 0.7477129630988262 0.579429095259543 0.891863389903267 0.014457157017352004 3.212846074183726 0.5208885668887147 47.421521383585564 0.08436006542121845 16.925811266507335 0.08436006542121845
98 3.600878758589076 1.0179980036366374 0.23574933060264455 0.2908863681929343 0.2859455735597273 0.5646421095194208 0.407317525585672 16.300905011472736 0.17775422390110557 4.526924149442866 0.17775422390110557 100.13884561727184 0.7002486388144957 27.80955770266173 0.7002486388144957 6.143146380326316 0.7525344178384347 0.9359194259730705 0.007262007169199798 0.825351159366303 0.0627773056376952 11.164623690249321 0.8194778696417467 3.1005275208499192 0.8194778696417467
99 1.7299260876772584 0.6435216767587078 0.302958439866041 0.21204967109026596 0.5967362907506701 0.8073962307848457 0.49230142646910724 11.547607116878655 0.18394879216957202 6.675202599195106 0.18394879216957202 33.63932729512505 1.1507552071192446 19.44552864700248 1.1507552071192446 2.9130993940689103 1.2685350779218838 0.8891638721460882 0.023417934029833675 0.5846811019436009 0.12880344588826687 20.29448807297813 0.32675130041161815 11.731419173074142 0.32675130041161815
100 4.89832332434702 0.9679964667479332 0.11090894387933573 0.41585768944757173 0.1972178242588217 0.6280558773734564 0.2600899550355911 107.71627254765873 0.05 21.990437424221696 0.05 194.6131401242089 0.4754912014911212 39.730562324640374 0.4754912014911212 1.8067199646005474 0.515062497354724 1.0473071090776953 0.012480237622119758 5.45391492715682 0.40900842370999585 42.339840933540906 0.19754584135775827 8.643741568281447 0.19754584135775827
101 2.9991653367882907 0.8277426111413837 0.16744328661395333 0.22576031204869731 0.22558704995365403 0.5913161394446492 0.3812350966342373 53.586230089207916 0.05228189906356866 17.86704768553763 0.05228189906356866 49.0455288289942 0.5390667364272044 16.353059375351236 0.5390667364272044 0.9152636553708936 0.5843688191807607 0.8807575291600721 0.02683417214257258 2.713190089385697 0.21344902584225783 21.353174314997602 0.30212250574726857 7.119705623786659 0.30212250574726857
102 2.341041281693681 0.7286086123038699 0.19204029281045232 0.14604691163001515 0.2647557371329159 0.4912260311937991 0.4610146819849573 17.61293953886553 0.16518986098659624 7.523549318243135 0.16518986098659624 18.067080149415272 0.5709560764606897 7.71754017782387 0.5709560764606897 1.0257844869987554 0.6650382172705983 1.000022837435864 0.018680330674215165 0.8917823754643963 -0.0009754309975723607 0.6837092224134291 13.128442489108833 0.29205346687384504 13.128442489108833
