clumpdata/PCC_13_physprop_add.txt
# %ECSV 0.9
# ---
# datatype:
# - {name: # # _idx, datatype: int64}
# - {name: area_pc2, unit: pc2, datatype: float64, description: projected area of structure}
# - {name: rad_pc, unit: pc, datatype: float64, description: equivalent radius in pc}
# - {name: e_rad_pc, datatype: float64, description: frac error in radius}
# - {name: vrms_k, unit: km / s, datatype: float64, description: rms linewidth in km/s}
# - {name: e_vrms_k, datatype: float64, description: frac error in linewidth}
# - {name: axratio, unit: '', datatype: float64, description: minor to major axis ratio}
# - {name: e_axratio, datatype: float64, description: frac error in axis ratio}
# - {name: mlumco, unit: solMass, datatype: float64, description: CO-based mass with alphascale=3 from PCC_12CO21_3p5as.pbcor.fits.gz}
# - {name: e_mlumco, datatype: float64, description: frac error in luminous mass}
# - {name: siglum, unit: solMass / pc2, datatype: float64, description: average surface density from mlumco}
# - {name: e_siglum, datatype: float64, description: same as e_mlumco}
# - {name: mvir, unit: solMass, datatype: float64, description: virial mass}
# - {name: e_mvir, datatype: float64, description: frac error in virial mass}
# - {name: sigvir, unit: solMass / pc2, datatype: float64, description: virial surface density}
# - {name: e_sigvir, datatype: float64, description: same as e_mvir}
# - {name: alpha, unit: '', datatype: float64, description: virial parameter}
# - {name: e_alpha, datatype: float64, description: frac error in virial parameter}
# - {name: 8um_avg, unit: MJy / sr, datatype: float64}
# - {name: e_8um_avg, datatype: float64}
# - {name: flux12, unit: Jy km / s, datatype: float64, description: 12CO flux within the structure}
# - {name: flux13, unit: Jy km / s, datatype: float64, description: 13CO flux within the structure}
# - {name: mlte, unit: solMass, datatype: float64, description: LTE mass using H2/13CO=3000000.0}
# - {name: e_mlte, unit: '', datatype: float64, description: fractional unc in mlte}
# - {name: siglte, unit: solMass / pc2, datatype: float64, description: LTE mass divided by area in pc2}
# - {name: e_siglte, unit: '', datatype: float64, description: 'fractional unc in siglte [same as e_lte]'}
# schema: astropy-2.0
# # _idx area_pc2 rad_pc e_rad_pc vrms_k e_vrms_k axratio e_axratio mlumco e_mlumco siglum e_siglum mvir e_mvir sigvir e_sigvir alpha e_alpha 8um_avg e_8um_avg flux12 flux13 mlte e_mlte siglte e_siglte
0 1.9085597597743664 0.9548693129231913 0.46024936705365116 0.0 nan 0.30757974959136386 0.7856828984800415 0.20151452894816366 3.767644792595957 0.10558460531096343 3.767644792595957 0.0 nan 0.0 nan 0.0 nan 0.8844802591013791 0.022878567623504865 0.010203129544569043 0.13180554148214124 nan nan nan nan
1 3.318825592119958 0.8380839299457564 0.23037132330680402 0.15700119726229075 0.23849343978609316 0.7609867494527486 0.4023729662796813 51.18277257941556 0.05 15.42195308513385 0.05 24.016093036441884 0.5392349225765215 7.236322720140646 0.5392349225765215 0.4692221977458986 0.6378921129379216 0.8290157713228177 0.018683306226901352 2.591498075531563 0.5130556756834185 50.03744415210798 0.08204271358938214 15.076852568244083 0.08204271358938214
2 4.268404585899322 1.0131945685540036 0.17759466688202305 0.19608882186049587 0.27136411627435114 0.6177160538164702 0.39167005080388534 78.13855074436356 0.05 18.306266234108715 0.05 45.29053417294886 0.5956709850609753 10.610646966917376 0.5956709850609753 0.5796183028927734 0.7293827776388487 0.7844582509889476 0.017314096875548766 3.956328657621276 0.6327683675051914 57.49735213370544 0.07795584441166414 13.47045505565428 0.07795584441166414
3 54.3046363175209 4.742981364581494 0.05 0.5574566711620641 0.05 0.25012461212565995 0.06138221521378901 1712.9031180224254 0.05 31.542483923601427 0.05 1713.4939209721924 0.11121617487977285 31.553363343662593 0.11121617487977285 1.0003449132315487 0.1210851492039632 0.7671626207839254 0.005943816718692631 86.72810909989387 22.21705454278097 2256.396980138588 0.01066396405785819 41.5507244527956 0.01066396405785819
4 56.88072190460551 3.742146245450457 0.05 0.6136283225899887 0.06438964294568864 0.40398225387723435 0.07415761306952201 2522.7094017416207 0.05 44.35086822513345 0.05 1638.1002057949083 0.1304384725987183 28.798864552776973 0.1304384725987183 0.649341618445629 0.14831796507042252 0.9484090622200454 0.014798477139543362 127.73039406993684 29.09639935647596 2591.9228374340596 0.009429642706167984 45.56768533600832 0.009429642706167984
5 28.02668297481471 2.753672353052454 0.06235360732081573 0.585350439478071 0.06887235732039455 0.6851086014689058 0.06621293290433768 1439.1008294441117 0.05 51.34752588229274 0.05 1096.8647438295163 0.15099020520796988 39.13644525166175 0.15099020520796988 0.7621875558595901 0.17587375805647834 0.9853953851105103 0.02659222690861943 72.86487812136097 19.14027339183681 1631.2770347569647 0.009772931644246792 58.204427410224035 0.009772931644246792
6 20.025774819307394 1.861250471801002 0.06572666882047305 0.5937015402783425 0.09871203011744974 0.5008294604257811 0.12957012124260364 1186.4581842369553 0.05 59.246555748397746 0.05 762.6935746625405 0.18388026487985262 38.08559626502975 0.18388026487985262 0.6428322420423526 0.20958369953402922 1.0200721249054296 0.033406930089434864 60.073023812706744 15.840436536554975 1315.8763730196195 0.010209926177816981 65.70913659485211 0.010209926177816981
7 21.332621157280975 2.4081721549247415 0.06719435025570568 0.5737597684964507 0.0754677670935056 0.42329253586027304 0.13660024956509675 616.7734983963093 0.05 28.912222921363796 0.05 921.6300599510785 0.17329342550070997 43.20285131189889 0.17329342550070997 1.4942763629556646 0.18006044270409702 0.7859707668837391 0.008774554052668767 31.228618088264156 8.641175311315598 837.1436576299235 0.015259548404126147 39.242418990982756 0.015259548404126147
8 2.0965952040871123 0.643801562867652 0.23822586834000528 0.16344349768668529 0.31488368117908017 0.7757727074479807 0.5363738090817285 31.55892805990835 0.05 15.052466016514408 0.05 19.993841152461687 0.6538398297987248 9.53633830387745 0.6538398297987248 0.6335399324878005 0.7995020192808103 0.7420779864884278 0.011410141643634249 1.5978988990707907 0.373407574176695 39.73062754313241 0.09761878420743277 18.950070793676023 0.09761878420743277
9 6.506026373220994 1.0296550413132328 0.10276544803567911 0.5855744789233861 0.12546138695417444 0.7885450920912573 0.18245037317035834 543.2740826404744 0.05 83.50320940545328 0.05 410.45442965538524 0.2415647257005361 63.08834396135072 0.2415647257005361 0.7555199903158533 0.2692005783106415 1.194901073771405 0.05276232815747885 27.50717705597448 8.652320916427886 677.5713553763956 0.011087319554104675 104.14519039844355 0.011087319554104675
10 9.55220057108747 1.5455736300782381 0.11174489560829381 0.3315043771015948 0.18760780762048943 0.47047626938506537 0.256816567616408 173.10362159088868 0.05 18.12185792191565 0.05 197.4590981377568 0.4123435570371312 20.671582078733202 0.4123435570371312 1.140698827228639 0.44148585072573754 0.9039401020121387 0.012759299127176368 8.76462194983285 2.58993552902366 274.76523929859286 0.02933324434089971 28.76460112555114 0.02933324434089971
11 20.514666974520534 2.296865485014533 0.05842468891358229 0.47742728083593033 0.10160167239780582 0.3122815563668723 0.12840579509246056 590.305464110343 0.05 28.774801211421543 0.05 608.6378268887738 0.20851348520142615 29.66842345745653 0.20851348520142615 1.0310557226605717 0.2264778781574325 0.7472435514332503 0.0072119480503299305 29.888484523331297 9.13753923067303 983.00048784768 0.015108378849348552 47.91696053699427 0.015108378849348552
12 21.097576851890043 1.9230996449331503 0.06324253884241009 0.596811457852939 0.0857723482824691 0.4721085932754809 0.13430577058899842 1209.972015919031 0.05 57.35123158518722 0.05 796.3152041880443 0.1812885601991562 37.74439167959262 0.1812885601991562 0.65812695972411 0.20865366869570068 1.0143992055386784 0.03226314083997087 61.26358519418541 16.096207209072745 1340.2393621115875 0.010187810815929472 63.52574855019529 0.010187810815929472
13 3.34703090876687 0.929240058457231 0.17414602451922004 0.30876569736001774 0.3298902600986197 0.25611401147344237 0.30674962680666235 64.26182682761112 0.05 19.19965144608921 0.05 102.98996982657218 0.7561278955192022 30.770546383904254 0.7561278955192022 1.602661718641352 0.763210016417501 0.7890761976831415 0.012491264232898838 3.253719418691614 1.2134705627931899 125.23820613452482 0.03364235733067211 37.41770230041458 0.03364235733067211
14 11.291528430980366 1.6263369060330342 0.07157697292590533 0.4378836782383378 0.14242560710406926 0.34269393103010937 0.14962743686463426 277.86785759887687 0.05 24.6085248155153 0.05 362.5241542322148 0.31279972905434583 32.10585320208412 0.31279972905434583 1.3046638692394055 0.32532006141028963 0.7497418874705661 0.0077711108099204375 14.069068439837787 5.331440325582677 598.3720151575983 0.017260184949421144 52.99300434083447 0.017260184949421144
15 11.065885897805071 2.004495008641628 0.09426476675467016 0.338940949648377 0.12860571620030486 0.25996986531965466 0.2166893489217196 241.5818346314897 0.05 21.831224075734205 0.05 267.70838774391365 0.3018365025611988 24.19222376014322 0.3018365025611988 1.1081478379873948 0.33768307379420376 0.8386095351553003 0.016278790534684173 12.231825771875231 2.1631442197338147 196.20244974495702 0.039400075533289135 17.730387928893606 0.039400075533289135
16 2.5572820426533385 0.7593546124792416 0.2289118527111465 0.17924460719912236 0.3500039814741001 0.46566482575064383 0.5610612094532164 48.45734676164865 0.05 18.94876902641961 0.05 28.36258087664553 0.6376980442433425 11.090908395547014 0.6376980442433425 0.5853102320305529 0.6997948922263209 0.7216703600304968 0.020004826755523574 2.4535034996637552 0.6889508361371329 66.0358781505173 0.052278216496968094 25.822680896785634 0.052278216496968094
17 1.2880427935423067 0.5568840299590736 0.3228285747460217 0.08880493352837661 0.47159813695896824 0.8407071528996577 0.7764990015513662 16.009757996924325 0.05 12.429523364588798 0.05 5.105612688854849 0.946590631179539 3.9638533086417613 0.946590631179539 0.31890630013493654 1.0517666752972732 0.9018691765130872 0.023355274773081986 0.8106097393265894 0.19123852328194613 18.83858891257585 0.11104502349424937 14.625747690235483 0.11104502349424937
18 2.6607015370253486 0.8031343533585245 0.2163431639744255 0.18036664363269345 0.44029063197009705 0.6923202030004989 0.5113846324998418 33.27721194471965 0.05 12.506931529766174 0.05 30.37452995073016 0.9073545040305294 11.415985418901489 0.9073545040305294 0.9127726806316753 0.9461050515048268 0.959079536658715 0.02755587956391764 1.6848993188263601 0.34293570355854075 34.540820123458346 0.10991426607194435 12.981846946303799 0.10991426607194435
19 2.7923263480442704 0.7590127753376926 0.21299682102361525 0.19803767042361864 0.31219569029816857 0.5142091903909037 0.4429910225081027 62.9435088255046 0.05 22.541601868846698 0.05 34.606176561866675 0.7012093109167009 12.39331376366686 0.7012093109167009 0.5497973851093015 0.8090882514101397 0.8767826394601301 0.014143125979914987 3.186970067256083 0.5143469983116236 41.82824768556224 0.07860492383805237 14.979713139496932 0.07860492383805237
20 5.349608390697608 1.0272793484300875 0.12967401133124298 0.38679159483840014 0.16871431300002943 0.37351946185606866 0.30028725857025707 143.83119645796276 0.05 26.886303810213416 0.05 178.66995549468285 0.37103366240709595 33.398698081409215 0.37103366240709595 1.2422197679965927 0.39564048758909515 0.8932433603937052 0.009119935879514728 7.28249387934187 2.2995255106740022 225.66493777384227 0.030735294948379958 42.18344994490611 0.030735294948379958
21 2.93335293127883 0.8010446499581718 0.2167408298844557 0.2897055994723369 0.23007286136829685 0.4771853970391238 0.29710480701573777 73.66490752725672 0.05 25.112868874984514 0.05 78.15907636261215 0.4602478459259112 26.644961650945216 0.4602478459259112 1.0610082736300532 0.4737487391296681 0.9131110509236654 0.024228505487119256 3.7298183962790086 1.4333070042035478 150.67581043574614 0.02958594888782047 51.36641037260295 0.02958594888782047
22 3.30942381990432 0.920737048600154 0.19288711011422632 0.19015889255124382 0.3420467357486014 0.6214537354489772 0.4592734977655827 39.67955485020167 0.05 11.989868028250566 0.05 38.70595729678451 0.7472397210606405 11.695678584287084 0.7472397210606405 0.9754634960726579 0.8457016860053982 0.8758195144208994 0.012489317976258412 2.009064385357927 0.4142357865011029 45.1194488826574 0.09423862110860547 13.63362667884643 0.09423862110860547
23 6.637651184239916 1.3467779236736956 0.15223693418058543 0.2656684345361371 0.22062640785977986 0.26596454992518465 0.24356814102374924 130.13975500342787 0.05 19.60629617181824 0.05 110.50573504734028 0.5119936223523699 16.648319108680973 0.5119936223523699 0.8491312669555092 0.5490787727997265 0.8175857147312705 0.01932411497048678 6.589265884806576 1.3268249568374495 124.9489386229905 0.047258030365323694 18.824270085126283 0.047258030365323694
24 4.766698513328098 1.074922280060235 0.132519023476881 0.20991336237576094 0.19895739585907582 0.4476519539785502 0.18680573916626272 132.01024158343338 0.05 27.694271247556653 0.05 55.06379637831303 0.42311345137302114 11.551768215327638 0.42311345137302114 0.41711760934481357 0.46318421950563493 0.7959597609217115 0.017611135499493714 6.683972465956892 2.4149037624451917 229.00944242550636 0.02158347187172705 48.04361798531548 0.02158347187172705
25 3.741905341823635 0.9164092617990524 0.21761524600455665 0.18747189554942953 0.2637674604924891 0.978297786228172 0.34044966879148175 53.973877212840335 0.05 14.424169582690702 0.05 37.44300764169762 0.5784820406587132 10.006401611284371 0.5784820406587132 0.6937246233774357 0.663046244158049 0.9644943114800669 0.015230652963901536 2.7328179302798494 0.4974403869473268 50.64877025789071 0.09149929067877113 13.535556255735425 0.09149929067877113
