PHANGS/NGC0628_gauss_1p5kpc.ecsv
# %ECSV 1.0
# ---
# datatype:
# - {name: ID, datatype: float64, format: .0f, description: Aperture ID}
# - {name: RA, unit: deg, datatype: float64, format: .5f, description: Right Ascension of the aperture center}
# - {name: DEC, unit: deg, datatype: float64, format: .5f, description: Declination of the aperture center}
# - {name: r_gal, unit: kpc, datatype: float64, format: .2f, description: Deprojected galactocentric radius}
# - {name: phi_gal, unit: deg, datatype: float64, format: .2f, description: Deprojected azimuthal angle (0 = receding major axis)}
# - {name: Sigma_mol_gauss, unit: solMass / pc2, datatype: float64, format: .3e, description: Kernel-average molecular gas surface density
#     (S20 alphaCO)}
# - {name: e_Sigma_mol_gauss, unit: solMass / pc2, datatype: float64, format: .1e, description: Stats error on kernel-average molecular
#     gas surface density (S20 alphaCO)}
# - {name: Sigma_atom_gauss, unit: solMass / pc2, datatype: float64, format: .3e, description: Kernel-average atomic gas surface density
#     (PHANGS-HI)}
# - {name: e_Sigma_atom_gauss, unit: solMass / pc2, datatype: float64, format: .1e, description: Stats error on kernel-average atomic
#     gas surface density (PHANGS-HI)}
# - {name: Sigma_star_gauss, unit: solMass / pc2, datatype: float64, format: .3e, description: Kernel-average stellar mass surface density
#     (fiducial)}
# - {name: e_Sigma_star_gauss, unit: solMass / pc2, datatype: float64, format: .1e, description: Stats error on kernel-average stellar
#     mass surface density (fiducial)}
# - {name: Sigma_star_3p6um_gauss, unit: solMass / pc2, datatype: float64, format: .3e, description: Kernel-average stellar mass surface
#     density (3.6um + varying M/L; Leroy+21)}
# - {name: e_Sigma_star_3p6um_gauss, unit: solMass / pc2, datatype: float64, format: .1e, description: Stats error on kernel-average stellar
#     mass surface density (3.6um + varying M/L; Leroy+21)}
# - {name: Sigma_star_3p4um_gauss, unit: solMass / pc2, datatype: float64, format: .3e, description: Kernel-average stellar mass surface
#     density (3.4um + varying M/L; Leroy+21)}
# - {name: e_Sigma_star_3p4um_gauss, unit: solMass / pc2, datatype: float64, format: .1e, description: Stats error on kernel-average stellar
#     mass surface density (3.4um + varying M/L; Leroy+21)}
# - {name: Sigma_SFR_HaW4recal_gauss, unit: solMass / (kpc2 yr), datatype: float64, format: .3e, description: Kernel-average SFR surface
#     density (recalibrated Halpha + WISE4; Belfiore+22)}
# - {name: e_Sigma_SFR_HaW4recal_gauss, unit: solMass / (kpc2 yr), datatype: float64, format: .1e, description: Stats error on kernel-average
#     SFR surface density (recalibrated Halpha + WISE4; Belfiore+22)}
# - {name: Sigma_SFR_FUVW4recal_gauss, unit: solMass / (kpc2 yr), datatype: float64, format: .3e, description: Kernel-average SFR surface
#     density (recalibrated GALEX FUV + WISE4; Belfiore+22)}
# - {name: e_Sigma_SFR_FUVW4recal_gauss, unit: solMass / (kpc2 yr), datatype: float64, format: .1e, description: Stats error on kernel-average
#     SFR surface density (recalibrated GALEX FUV + WISE4; Belfiore+22)}
# - {name: Sigma_SFR_Hacorr_gauss, unit: solMass / (kpc2 yr), datatype: float64, format: .3e, description: Kernel-average SFR surface
[...]
#       value: !astropy.table.SerializedColumn {name: e_Sigma_mol_gauss}
#     e_Sigma_star_3p4um_gauss:
#       __class__: astropy.units.quantity.Quantity
#       unit: !astropy.units.Unit {unit: solMass / pc2}
#       value: !astropy.table.SerializedColumn {name: e_Sigma_star_3p4um_gauss}
#     e_Sigma_star_3p6um_gauss:
#       __class__: astropy.units.quantity.Quantity
#       unit: !astropy.units.Unit {unit: solMass / pc2}
#       value: !astropy.table.SerializedColumn {name: e_Sigma_star_3p6um_gauss}
#     e_Sigma_star_gauss:
#       __class__: astropy.units.quantity.Quantity
#       unit: !astropy.units.Unit {unit: solMass / pc2}
#       value: !astropy.table.SerializedColumn {name: e_Sigma_star_gauss}
#     phi_gal:
#       __class__: astropy.units.quantity.Quantity
#       unit: *id001
#       value: !astropy.table.SerializedColumn {name: phi_gal}
#     r_gal:
#       __class__: astropy.units.quantity.Quantity
#       unit: !astropy.units.Unit {unit: kpc}
#       value: !astropy.table.SerializedColumn {name: r_gal}
# schema: astropy-2.0
ID,RA,DEC,r_gal,phi_gal,Sigma_mol_gauss,e_Sigma_mol_gauss,Sigma_atom_gauss,e_Sigma_atom_gauss,Sigma_star_gauss,e_Sigma_star_gauss,Sigma_star_3p6um_gauss,e_Sigma_star_3p6um_gauss,Sigma_star_3p4um_gauss,e_Sigma_star_3p4um_gauss,Sigma_SFR_HaW4recal_gauss,e_Sigma_SFR_HaW4recal_gauss,Sigma_SFR_FUVW4recal_gauss,e_Sigma_SFR_FUVW4recal_gauss,Sigma_SFR_Hacorr_gauss,e_Sigma_SFR_Hacorr_gauss,Sigma_SFR_HaW4_gauss,e_Sigma_SFR_HaW4_gauss,Sigma_SFR_FUVW4_gauss,e_Sigma_SFR_FUVW4_gauss,Sigma_SFR_NUVW4_gauss,e_Sigma_SFR_NUVW4_gauss,Sigma_SFR_W4ONLY_gauss,e_Sigma_SFR_W4ONLY_gauss
[from data line 92]
92.0,24.17385482788086,15.829026549181675,7.806159946472805,20.930530959583262,nan,nan,10.03565819896422,1.1454937878218496,19.432551475657917,0.20348013898811193,19.432551475657917,0.20348013898811193,16.645437837166426,0.5627759965999641,0.0011612713823184683,0.0001519573980129163,0.001901326070944096,9.905732355185867e-05,nan,nan,0.0014874632614986678,0.00016948074210637338,0.0019432163958012442,0.00010395968889099045,0.0027094426589398747,9.279826742185428e-05,0.0011134459108312934,0.00013059785960611327
93.0,24.214698309995676,15.80633465902077,7.832473146646879,-39.64057021720322,nan,nan,18.32772507395409,0.808920708617527,21.81466216823409,0.14361533876539678,21.81466216823409,0.14361533876539678,18.048692477806227,0.3972046893749156,0.004332544493728105,0.00016492875530560376,0.004393722746130685,9.961533550342666e-05,nan,nan,0.0048148187249897065,0.00017365106215224907,0.004513101493987205,0.00010395968889099045,0.0056708678973111165,9.279826742185428e-05,0.0035807039700928305,0.00013059785960611327
94.0,24.133011345766043,15.760950878698957,7.832473146646879,140.35942978279678,nan,nan,11.385969340875668,0.7119732563976224,21.763684768266177,0.23209341162469727,21.763684768266177,0.23209341162469727,17.505406563657587,0.641913268198651,0.0,0.000161769047679981,0.0012235993426554018,9.059491446483242e-05,nan,nan,0.0,0.00018394950691802626,0.0013087921575706206,0.00010395968889099045,0.0018227282349694738,9.279826742185428e-05,0.0008304454031722886,0.00013059785960611327
95.0,24.214698309995676,15.760950878698957,7.8867497259049335,-99.18994792566987,nan,nan,17.53797400274391,0.565178843936369,18.258447194624992,0.13262480664268417,18.258447194624992,0.13262480664268417,14.636423424158107,0.36680758182780077,0.005020401608240328,0.00016483466516668816,0.005993366499787887,0.00010395968889099045,nan,nan,0.005720449367878741,0.00017356170055793632,0.005993366499787887,0.00010395968889099045,0.006780595673753002,9.279826742185428e-05,0.005197590146242252,0.00013059785960611327
96.0,24.133011345766043,15.80633465902077,7.8867497259049335,80.81005207433013,nan,nan,11.67653641768859,0.6174847343129589,20.989741704379952,0.1926697710404417,20.989741704379952,0.1926697710404417,16.421066729559932,0.5328771788302461,0.0019529910293822532,0.00017338359454835612,0.0022105986004642797,9.942652308614541e-05,nan,nan,0.0022233577204850414,0.00018445736521474998,0.0022604583710336694,0.00010395968889099045,0.0030503805769211663,9.279826742185428e-05,0.001433221683269325,0.00013059785960611327
97.0,24.16477849852201,15.738258988538051,7.940076670982252,-170.07624410604575,nan,nan,16.234591655057006,0.794035841328251,32.03977286837832,0.1326248066426842,32.03977286837832,0.1326248066426842,23.451440162821072,0.36680758182780077,0.013857075969309827,0.0001717055367127774,0.014222016431448027,0.00010395968889099045,nan,nan,0.015167810052563069,0.000180099940027118,0.014222016431448027,0.00010395968889099045,0.017902457160585063,9.279826742185428e-05,0.009731705389614813,0.00013059785960611327
98.0,24.182931157239707,15.829026549181675,7.940076670982252,9.92375589395427,nan,nan,8.359361272602863,1.138557944226894,26.659607781982125,0.23209341162469732,26.659607781982125,0.23209341162469732,nan,nan,0.0,nan,nan,nan,nan,nan,0.0,0.000169091632410794,0.001060538931771025,0.00010395968889099045,nan,nan,0.0005994048276071448,0.00013059785960611327
99.0,24.21016014531625,15.813898622407738,7.9592483436044805,-28.69798031423798,nan,nan,13.042223127754534,0.8613864947089691,nan,nan,nan,nan,nan,nan,nan,nan,nan,nan,nan,nan,0.0017356797272007644,0.00017004066944730777,0.0022978326357847786,0.00010395968889099045,nan,nan,0.0015960726516482137,0.00013059785960611327
100.0,24.137549510445467,15.753386915311989,7.9592483436044805,151.30201968576205,nan,nan,11.958541552701785,0.7864167303053428,nan,nan,nan,nan,nan,nan,nan,nan,nan,nan,nan,nan,0.0013933971449458678,0.0001791356037242639,0.0018718208390518089,0.00010395968889099045,nan,nan,0.0011363240361450914,0.00013059785960611327
101.0,24.182931157239707,15.738258988538051,7.96391933419551,-148.09605599498826,4.025877654520745,0.1959759792614865,16.319237477997536,0.5022121515824481,28.786494297097924,0.17373994252439354,28.786494297097924,0.17373994252439354,24.13394344876109,0.4805219309836355,0.0030603252179327105,0.00015831641514269063,0.0038809840030313326,0.00010044611758755807,nan,nan,0.0035998192220219323,0.00017149439088863606,0.003950032580750533,0.00010395968889099045,0.005270254584539673,9.279826742185428e-05,0.002560828808920509,0.00013059785960611327
102.0,24.16477849852201,15.829026549181675,7.96391933419551,31.903944005011738,nan,nan,5.869726782042827,0.827133253719598,22.18143376949173,0.23209341162469724,22.18143376949173,0.23209341162469724,18.917848702301225,0.641913268198651,0.0,0.00014662174923836527,0.0016809911617376363,9.954184682343863e-05,nan,nan,0.0,0.00016908124588184455,0.0017078424724711466,0.00010395968889099045,0.0026587849032179,9.279826742185428e-05,0.0007919926121502557,0.00013059785960611327
103.0,24.2192364746751,15.7987706956338,7.994480458924368,-50.5343445259352,nan,nan,14.857955098809647,0.4200036109673868,15.156829039337731,0.13262480664268422,15.156829039337731,0.13262480664268422,12.786608138153253,0.36680758182780077,0.0034696640204046397,0.00016119076946019472,0.0038053975467262214,9.666021628027684e-05,nan,nan,0.004079794318913503,0.00017193322078257233,0.004009483210441909,0.00010395968889099045,0.0045954918691602014,9.279826742185428e-05,0.0036429888830020593,0.00013059785960611327
104.0,24.12847318108662,15.768514842085926,7.994480458924368,129.46565547406482,nan,nan,9.458216172029296,0.744777884269815,19.674862808711154,0.23209341162469727,19.674862808711154,0.23209341162469727,15.842077426489539,0.641913268198651,0.0,0.00015987901446591862,0.0012021758812978004,9.331447407477281e-05,nan,nan,0.0,0.0001831885899922712,0.0012629064415597417,0.00010395968889099045,0.001813350836014788,9.279826742185428e-05,0.0007432822616966804,0.00013059785960611327
105.0,24.21016014531625,15.753386915311989,8.022519378796243,-109.96958213411695,nan,nan,10.492207647102198,0.3276526076799675,15.408697672057228,0.21194243632957324,15.408697672057228,0.21194243632957324,12.75270913645362,0.5861806288336012,0.0,0.0001440548038818301,0.0012550768324092493,9.219528693865081e-05,nan,nan,0.0,0.000169625553135438,0.0013440966332974543,0.00010395968889099045,0.001712944131018624,9.279826742185428e-05,0.0009858369108779537,0.00013059785960611327
106.0,24.137549510445467,15.813898622407738,8.022519378796243,70.03041786588305,nan,nan,13.918030646750179,0.328869489058045,21.65747807262601,0.22061278739869372,21.65747807262601,0.22061278739869372,17.710735632355252,0.6101606864847362,0.0010945038046070857,0.00016049261817681202,0.0013943581268998323,8.851687536973329e-05,nan,nan,0.0014454565595791134,0.0001777207575597273,0.0015299502362482744,0.00010395968889099045,0.00195312910326587,9.279826742185428e-05,0.0011438066939082356,0.00013059785960611327
107.0,24.2192364746751,15.768514842085926,8.033909831185417,-88.4257795686776,nan,nan,12.300379246872605,0.36062122527193613,15.08050184323155,0.1594867773468535,15.08050184323155,0.1594867773468535,12.399411756281982,0.4411011832026314,0.002136854185197235,0.00015575632624786293,0.00307875768980033,9.834469400303563e-05,nan,nan,0.0028292855768351603,0.00017089254797276562,0.003199511511655516,0.00010395968889099045,0.003628362619454791,9.279826742185428e-05,0.0028022411572945277,0.00013059785960611327
108.0,24.12847318108662,15.7987706956338,8.033909831185417,91.5742204313224,nan,nan,11.874875056343,0.5315441478271312,22.32747609846868,0.2366518202439152,22.32747609846868,0.2366518202439152,18.47354798675511,0.6545207048081775,0.0,0.00016510644798743598,0.0013955631523118993,9.141313313922577e-05,nan,nan,0.0,0.0001841942168567263,0.001491522537182537,0.00010395968889099045,0.0020850830489434883,9.279826742185428e-05,0.0009964195860523656,0.00013059785960611327
109.0,24.192007486598555,15.829026549181675,8.351650403067284,-0.3560099715712057,nan,nan,10.147388452475331,1.0528493789590672,25.525255323380474,0.22483228262550475,25.525255323380474,0.22483228262550475,nan,nan,0.0,nan,nan,nan,nan,nan,0.0,0.00016874824301985826,0.001366819527212631,0.00010395968889099045,nan,nan,0.0008501671919574306,0.00013059785960611327
110.0,24.155702169163163,15.738258988538051,8.351650403067284,179.64399002842882,nan,nan,13.769890343296604,0.7668687206975725,23.50039333407383,0.13262480664268417,23.50039333407383,0.13262480664268417,18.22787434972702,0.36680758182780077,0.006988198128411756,0.00016518766710905578,0.007772147968745678,0.00010395968889099045,nan,nan,0.007536846708553331,0.00017389698796954704,0.007772147968745678,0.00010395968889099045,0.010535568417184298,9.279826742185428e-05,0.004073508435148165,0.00013059785960611327
111.0,24.205621980636828,15.821462585794707,8.361681267233742,-18.455678416540156,nan,nan,12.303524312310993,1.0085124860914012,19.61827552901391,0.19116134852905672,19.61827552901391,0.19116134852905672,16.20956179731851,0.5287052533226264,0.0008838785056223343,0.0001497727766029439,0.002070360043515159,0.00010158637358508809,nan,nan,0.001267855854563266,0.00016995405860802877,0.0020900473313166423,0.00010395968889099045,0.0030846897226503634,9.279826742185428e-05,0.0010809754916367104,0.00013059785960611327
112.0,24.14208767512489,15.74582295192502,8.361681267233742,161.54432158345983,nan,nan,9.483639203385048,0.6555940198374443,21.75253311582833,0.23209341162469727,21.75253311582833,0.23209341162469727,18.542077792787627,0.641913268198651,0.0,0.00014505968965399928,0.0009574547670260646,8.562465051920284e-05,nan,nan,0.0,0.00017067431978016174,0.001049252047405055,0.00010395968889099045,0.0015283041706071572,9.279826742185428e-05,0.0006521622484478536,0.00013059785960611327
113.0,24.192007486598555,15.738258988538051,8.396931087965823,-137.90325737868375,nan,nan,18.244760063077138,0.3569367376978813,19.00674391688264,0.16934235936201236,19.00674391688264,0.16934235936201236,15.1659361922352,0.46835929801538845,0.001958921326617413,0.0001553968376973287,0.002649255224167646,9.914650743917033e-05,nan,nan,0.0024192476371137587,0.00016998334513925663,0.0027216951844211412,0.00010395968889099045,0.003431352925560948,9.279826742185428e-05,0.0019611369277330484,0.00013059785960611327
114.0,24.155702169163163,15.829026549181675,8.396931087965823,42.09674262131626,nan,nan,11.36784879257355,0.5690589312713757,19.204459626783173,0.19695077336970082,19.204459626783173,0.19695077336970082,16.273270107104647,0.5447173778996816,0.0012516498728936678,0.00015156789518871628,0.002089935206783722,9.918430742000264e-05,nan,nan,0.0016465451705166157,0.00016921744054308022,0.0021389922201542717,0.00010395968889099045,0.0029698335905706946,9.279826742185428e-05,0.0013386139763467047,0.00013059785960611327
115.0,24.205621980636828,15.74582295192502,8.427555695925268,-120.04999071161944,nan,nan,9.04966352645639,0.4098468799300699,10.794951863269006,0.18172305302948097,10.794951863269006,0.18172305302948097,9.04986941982234,0.5026012503354407,0.0,0.00014588498186371537,0.0012472741812537076,9.899094993683037e-05,nan,nan,0.0,0.00016895821022230325,0.0012777657933182047,0.00010395968889099045,0.0016997320819480874,9.279826742185428e-05,0.0007996402004079183,0.00013059785960611327
116.0,24.14208767512489,15.821462585794707,8.427555695925268,59.95000928838057,nan,nan,13.258692077777791,0.41008172813663163,17.63312555857134,0.20424132573332598,17.63312555857134,0.20424132573332598,15.273792846727481,0.5648812518414184,0.0,0.00014566139999499007,0.0014181099854971026,8.979672606138792e-05,nan,nan,0.0,0.00017003935342944278,0.001544964062865872,0.00010395968889099045,0.0020426044596325585,9.279826742185428e-05,0.0011668379898451358,0.00013059785960611327
117.0,24.223774639354524,15.791206732246833,8.42863457748121,-60.64917080284264,nan,nan,12.775684764575317,0.3009287320491963,20.1664059272561,0.20450142376469696,20.1664059272561,0.20450142376469696,nan,nan,0.0,nan,nan,nan,nan,nan,0.0,0.000170681338492524,0.0019458773402408337,0.00010395968889099045,0.0022742381685452485,9.279826742185428e-05,0.0017347241091297207,0.00013059785960611327
118.0,24.123935016407195,15.776078805472894,8.42863457748121,119.35082919715737,nan,nan,10.091142042168446,0.4667668736232065,19.831318497682936,0.23209341162469738,19.831318497682936,0.23209341162469738,14.645433706288793,0.641913268198651,0.0,0.00015434294307232148,0.0013541426320508635,9.953173641192789e-05,nan,nan,0.0,0.00017709581563628122,0.0013773559857752254,0.00010395968889099045,0.0018617723201573798,9.279826742185428e-05,0.0006831257646017744,0.00013059785960611327
119.0,24.223774639354524,15.776078805472894,8.449229254365967,-78.3859006094724,nan,nan,13.702554844821629,0.24776096966504918,19.321260635904608,0.1901210060328389,19.321260635904608,0.1901210060328389,15.91997651488182,0.5258279219622993,0.0012548512007596211,0.00015412117286300024,0.0023524056462151024,0.00010007912856375304,nan,nan,0.0017574394339684698,0.000172344593349509,0.0023997942103942058,0.00010395968889099045,0.003098627893860461,9.279826742185428e-05,0.0015912930208825552,0.00013059785960611327
120.0,24.123935016407195,15.791206732246833,8.449229254365967,101.61409939052761,nan,nan,10.644186478510784,0.45961296483143216,15.558001560237635,0.23209341162469727,15.558001560237635,0.23209341162469727,12.552589467378674,0.641913268198651,0.0,0.0001532443490035512,0.0008919087416041191,8.880441782863925e-05,nan,nan,0.0,0.00017709010841898942,0.0009720453231223091,0.00010395968889099045,0.0012939738503522672,9.279826742185428e-05,0.0006888351373355479,0.00013059785960611327
121.0,24.201083815957404,15.829026549181675,9.00288141940392,-9.411321269303386,nan,nan,11.646611366318856,1.1656146248931663,15.785808532297262,0.19743976394770849,15.785808532297262,0.19743976394770849,12.370804466160171,0.546069805518587,0.0,0.0001455547012089252,0.0014493153618178305,9.627317852875967e-05,nan,nan,0.0,0.00016858846347731098,0.001508471671272755,0.00010395968889099045,0.0020859138548898854,9.279826742185428e-05,0.0010027776807994843,0.00013059785960611327
122.0,24.146625839804315,15.738258988538051,9.00288141940392,170.5886787306966,nan,nan,13.101900817910947,0.727836219518781,20.474390204599374,0.18493247954357073,20.474390204599374,0.18493247954357073,16.93639386334752,0.5114777343695249,0.0016252184601146173,0.00015469463146230273,0.0024005409061868244,0.0001033986864578335,nan,nan,0.001910374819511275,0.0001693532949251646,0.0024057653177921513,0.00010395968889099045,0.003400556142369124,9.279826742185428e-05,0.0012135976789941104,0.00013059785960611327
123.0,24.201083815957404,15.738258988538051,9.06583998939634,-128.96024266961234,nan,nan,11.575512279021273,0.4658038421949741,12.62470088428286,0.23209341162469727,12.62470088428286,0.23209341162469727,10.564193335678945,0.641913268198651,0.0,0.00014829285602772235,0.0010730822142457472,9.923344471895333e-05,nan,nan,0.0,0.0001690273518329637,0.0010960085442897024,0.00010395968889099045,0.0014591776617009372,9.279826742185428e-05,0.00063209330329665,0.00013059785960611327
