PHANGS/NGC0685_gauss_1p5kpc.ecsv
# %ECSV 1.0
# ---
# datatype:
# - {name: ID, datatype: float64, format: .0f, description: Aperture ID}
# - {name: RA, unit: deg, datatype: float64, format: .5f, description: Right Ascension of the aperture center}
# - {name: DEC, unit: deg, datatype: float64, format: .5f, description: Declination of the aperture center}
# - {name: r_gal, unit: kpc, datatype: float64, format: .2f, description: Deprojected galactocentric radius}
# - {name: phi_gal, unit: deg, datatype: float64, format: .2f, description: Deprojected azimuthal angle (0 = receding major axis)}
# - {name: Sigma_mol_gauss, unit: solMass / pc2, datatype: float64, format: .3e, description: Kernel-average molecular gas surface density
#     (S20 alphaCO)}
# - {name: e_Sigma_mol_gauss, unit: solMass / pc2, datatype: float64, format: .1e, description: Stats error on kernel-average molecular
#     gas surface density (S20 alphaCO)}
# - {name: Sigma_atom_gauss, unit: solMass / pc2, datatype: float64, format: .3e, description: Kernel-average atomic gas surface density
#     (PHANGS-HI)}
# - {name: e_Sigma_atom_gauss, unit: solMass / pc2, datatype: float64, format: .1e, description: Stats error on kernel-average atomic
#     gas surface density (PHANGS-HI)}
# - {name: Sigma_star_gauss, unit: solMass / pc2, datatype: float64, format: .3e, description: Kernel-average stellar mass surface density
#     (fiducial)}
# - {name: e_Sigma_star_gauss, unit: solMass / pc2, datatype: float64, format: .1e, description: Stats error on kernel-average stellar
#     mass surface density (fiducial)}
# - {name: Sigma_star_3p6um_gauss, unit: solMass / pc2, datatype: float64, format: .3e, description: Kernel-average stellar mass surface
#     density (3.6um + varying M/L; Leroy+21)}
# - {name: e_Sigma_star_3p6um_gauss, unit: solMass / pc2, datatype: float64, format: .1e, description: Stats error on kernel-average stellar
#     mass surface density (3.6um + varying M/L; Leroy+21)}
# - {name: Sigma_star_3p4um_gauss, unit: solMass / pc2, datatype: float64, format: .3e, description: Kernel-average stellar mass surface
#     density (3.4um + varying M/L; Leroy+21)}
# - {name: e_Sigma_star_3p4um_gauss, unit: solMass / pc2, datatype: float64, format: .1e, description: Stats error on kernel-average stellar
#     mass surface density (3.4um + varying M/L; Leroy+21)}
# - {name: Sigma_SFR_HaW4recal_gauss, unit: solMass / (kpc2 yr), datatype: float64, format: .3e, description: Kernel-average SFR surface
#     density (recalibrated Halpha + WISE4; Belfiore+22)}
# - {name: e_Sigma_SFR_HaW4recal_gauss, unit: solMass / (kpc2 yr), datatype: float64, format: .1e, description: Stats error on kernel-average
#     SFR surface density (recalibrated Halpha + WISE4; Belfiore+22)}
# - {name: Sigma_SFR_FUVW4recal_gauss, unit: solMass / (kpc2 yr), datatype: float64, format: .3e, description: Kernel-average SFR surface
#     density (recalibrated GALEX FUV + WISE4; Belfiore+22)}
# - {name: e_Sigma_SFR_FUVW4recal_gauss, unit: solMass / (kpc2 yr), datatype: float64, format: .1e, description: Stats error on kernel-average
#     SFR surface density (recalibrated GALEX FUV + WISE4; Belfiore+22)}
# - {name: Sigma_SFR_Hacorr_gauss, unit: solMass / (kpc2 yr), datatype: float64, format: .3e, description: Kernel-average SFR surface
[...]
#       value: !astropy.table.SerializedColumn {name: e_Sigma_mol_gauss}
#     e_Sigma_star_3p4um_gauss:
#       __class__: astropy.units.quantity.Quantity
#       unit: !astropy.units.Unit {unit: solMass / pc2}
#       value: !astropy.table.SerializedColumn {name: e_Sigma_star_3p4um_gauss}
#     e_Sigma_star_3p6um_gauss:
#       __class__: astropy.units.quantity.Quantity
#       unit: !astropy.units.Unit {unit: solMass / pc2}
#       value: !astropy.table.SerializedColumn {name: e_Sigma_star_3p6um_gauss}
#     e_Sigma_star_gauss:
#       __class__: astropy.units.quantity.Quantity
#       unit: !astropy.units.Unit {unit: solMass / pc2}
#       value: !astropy.table.SerializedColumn {name: e_Sigma_star_gauss}
#     phi_gal:
#       __class__: astropy.units.quantity.Quantity
#       unit: *id001
#       value: !astropy.table.SerializedColumn {name: phi_gal}
#     r_gal:
#       __class__: astropy.units.quantity.Quantity
#       unit: !astropy.units.Unit {unit: kpc}
#       value: !astropy.table.SerializedColumn {name: r_gal}
# schema: astropy-2.0
ID,RA,DEC,r_gal,phi_gal,Sigma_mol_gauss,e_Sigma_mol_gauss,Sigma_atom_gauss,e_Sigma_atom_gauss,Sigma_star_gauss,e_Sigma_star_gauss,Sigma_star_3p6um_gauss,e_Sigma_star_3p6um_gauss,Sigma_star_3p4um_gauss,e_Sigma_star_3p4um_gauss,Sigma_SFR_HaW4recal_gauss,e_Sigma_SFR_HaW4recal_gauss,Sigma_SFR_FUVW4recal_gauss,e_Sigma_SFR_FUVW4recal_gauss,Sigma_SFR_Hacorr_gauss,e_Sigma_SFR_Hacorr_gauss,Sigma_SFR_HaW4_gauss,e_Sigma_SFR_HaW4_gauss,Sigma_SFR_FUVW4_gauss,e_Sigma_SFR_FUVW4_gauss,Sigma_SFR_NUVW4_gauss,e_Sigma_SFR_NUVW4_gauss,Sigma_SFR_W4ONLY_gauss,e_Sigma_SFR_W4ONLY_gauss
0.0,26.928451538085938,-52.76197814941406,0.0,0.0,7.799067638290791,0.14959737468959164,nan,nan,230.07280004167507,0.49027400489119327,230.07280004167507,0.49027400489119327,215.99037785876519,0.7064361659618554,0.00791100873320084,0.00016629965430471847,nan,nan,nan,nan,0.010815340618403817,0.00032763426791177614,nan,nan,nan,nan,0.008225627541151834,0.0004598780599998859
1.0,26.921328885037127,-52.76197814941406,1.5048242471272897,-168.18412498803625,5.659860693803537,0.17167821842198633,nan,nan,103.25272501377297,0.3967366659713192,103.25272501377297,0.3967366659713192,86.85129659756302,0.5716581470956602,0.007018809446756848,0.00021141723680542974,nan,nan,nan,nan,0.008479351377058065,0.00032698390135646,nan,nan,nan,nan,0.005800645242931625,0.0004598780599998859
2.0,26.935574191134748,-52.76197814941406,1.5048242471272897,11.815875011963756,4.859770109673313,0.1807933163723556,nan,nan,118.66531579251881,0.5005566273309878,118.66531579251881,0.5005566273309878,109.16995221961227,0.7212524040245162,0.0031083979500249105,0.00015955832956906282,nan,nan,nan,nan,0.00398122705880139,0.0003269425068780939,nan,nan,nan,nan,0.002392467613161639,0.0004598780599998859
3.0,26.932012864610343,-52.76571081736233,1.5753133903017078,-51.43232006751882,3.915325135812482,0.16351210923468026,nan,nan,85.58908566668929,0.44671099981885914,85.58908566668929,0.44671099981885914,81.45174753144228,0.6436662006484665,0.002833991334870216,0.00016142450629211014,nan,nan,nan,nan,0.003732138762482012,0.00032688491689853046,nan,nan,nan,nan,0.002491449776880188,0.0004598780599998859
4.0,26.924890211561532,-52.75824548146579,1.5753133903017078,128.56767993248118,2.6603498571448196,0.1493584859542628,nan,nan,109.69698602743753,0.5425770146118838,109.69698602743753,0.5425770146118838,97.0146786870072,0.7817996102536863,0.0026615231897736914,0.00016612071177632098,nan,nan,nan,nan,0.003252172608577208,0.00032689787834680174,nan,nan,nan,nan,0.0016861412477265343,0.0004598780599998859
5.0,26.924890211561532,-52.76571081736233,1.6161668826224036,-107.6798555936831,8.01892179412632,0.1657121688902621,nan,nan,79.43420710232458,0.2946378088924322,79.43420710232458,0.2946378088924322,73.57084218860865,0.42454383056177936,0.009063568254049236,0.00020572175705180538,nan,nan,nan,nan,0.011670946586641024,0.00032703625740246404,nan,nan,nan,nan,0.009861699001222345,0.0004598780599998859
6.0,26.932012864610343,-52.75824548146579,1.6161668826224036,72.3201444063169,5.788734043508865,0.1707377931206931,nan,nan,133.2353001702593,0.484779568650481,133.2353001702593,0.484779568650481,121.75012329073546,0.6985192288342751,0.003705530192386838,0.00015573985115083596,nan,nan,nan,nan,0.005064305842809289,0.00032701047221078174,nan,nan,nan,nan,0.0036381503183674528,0.0004598780599998859
7.0,26.93913551765915,-52.76571081736233,2.6230175737732693,-20.61559586956027,3.916978600638893,0.14031839523433845,nan,nan,64.20425682290256,0.44784923639628255,64.20425682290256,0.44784923639628255,59.12284442838875,0.6453062865508201,0.002352026223754984,0.0001644889428526797,nan,nan,nan,nan,0.0032125593471080717,0.0003268586060821489,nan,nan,nan,nan,0.002433026350853815,0.0004598780599998859
8.0,26.917767558512725,-52.75824548146579,2.6230175737732693,159.38440413043972,2.828518764609494,0.15853929314542348,nan,nan,59.40529210602265,0.4431603336730158,59.40529210602265,0.4431603336730158,56.85713706863396,0.6385500432473887,0.0021628101462437726,0.00016241087030465445,nan,nan,nan,nan,0.0029374204358566685,0.0003268544944137961,nan,nan,nan,nan,0.002162477643240622,0.0004598780599998859
9.0,26.917767558512725,-52.76571081736233,2.696547892544827,-136.74000528155224,4.172142548703221,0.1754227876605584,nan,nan,40.63888141017932,0.25983657607416244,40.63888141017932,0.25983657607416244,40.46255444293269,0.3743987091855389,0.007152608777677763,0.0002228718688862526,nan,nan,nan,nan,0.008862154344288593,0.0003269015596227263,nan,nan,nan,nan,0.007546103755749867,0.0004598780599998859
10.0,26.93913551765915,-52.75824548146579,2.696547892544827,43.25999471844778,3.7143354330640355,0.1484214554627113,nan,nan,50.84058428160856,0.31563831217387317,50.84058428160856,0.31563831217387317,43.049038637504495,0.45480347083110795,0.004513748785786289,0.00018959547044494944,nan,nan,nan,nan,0.006254965633456972,0.0003269007522562563,nan,nan,nan,nan,0.005821751315613865,0.0004598780599998859
11.0,26.928451538085938,-52.7694434853106,2.814732549560676,-79.94808882622102,4.4755118576522115,0.1758936008418836,nan,nan,60.88260589284571,0.39667647060285793,60.88260589284571,0.39667647060285793,56.718484386961066,0.5715714115459873,0.0035967334259156707,0.00019103565043376267,nan,nan,nan,nan,0.0045492482558390735,0.00032688056648307647,nan,nan,nan,nan,0.003219349423492538,0.0004598780599998859
12.0,26.928451538085938,-52.75451281351752,2.814732549560676,100.05191117377898,3.810288978641818,0.18641437902778918,nan,nan,66.36050741831332,0.42580348488121217,66.36050741831332,0.42580348488121217,60.02103399520418,0.6135405473505328,0.0032693257712782184,0.00018153177407563805,nan,nan,nan,nan,0.0043019450622414565,0.00032687525255275244,nan,nan,nan,nan,0.003261822207480234,0.0004598780599998859
13.0,26.91420623198832,-52.76197814941406,3.009648494253828,-168.18412498803625,2.941953199965235,0.1368240984379246,nan,nan,48.209063662179815,0.4030480736099301,48.209063662179815,0.4030480736099301,46.47265000338173,0.5807522588975539,0.0022610329960224686,0.00017562200327745094,nan,nan,nan,nan,0.0029126223245595395,0.00032683101460204763,nan,nan,nan,nan,0.0019787779800477696,0.0004598780599998859
14.0,26.942696844183555,-52.76197814941406,3.009648494253828,11.815875011963756,3.3089420737942596,0.1265995242742187,nan,nan,62.43410855635404,0.5022574340575373,62.43410855635404,0.5022574340575373,59.66419032027683,0.7237030976590122,0.0,0.00013504945105433317,nan,nan,nan,nan,0.0,0.00032682504054087837,nan,nan,nan,nan,0.0,0.0004598780599998859
15.0,26.935574191134748,-52.7694434853106,3.1506267806034156,-51.43232006751882,3.9915288591223907,0.15980715220406827,nan,nan,62.036919590500254,0.41221841041163493,62.036919590500254,0.41221841041163493,57.75574113442516,0.5939658037849948,0.003332872121004892,0.00018541324692473302,nan,nan,nan,nan,0.00430034702147818,0.00032688802164706435,nan,nan,nan,nan,0.0031395077876227983,0.0004598780599998859
16.0,26.921328885037127,-52.75451281351752,3.1506267806034156,128.56767993248118,1.7553557778720328,0.14605253644960883,nan,nan,53.39939884926231,0.4398354169614528,53.39939884926231,0.4398354169614528,47.49981259463985,0.6337591683683906,0.0016922016197729512,0.00015175246230611514,nan,nan,nan,nan,0.0024826602100289745,0.0003268329713578472,nan,nan,nan,nan,0.0020726938843311066,0.0004598780599998859
17.0,26.921328885037127,-52.7694434853106,3.232333765244807,-107.6798555936831,4.637465392990357,0.20117323032291703,nan,nan,46.20163748468759,0.35544833583479263,46.20163748468759,0.35544833583479263,42.02786088909866,0.5121657625318725,0.002843590377536869,0.0001908705290586343,nan,nan,nan,nan,0.0035398934018474816,0.0003268305621614739,nan,nan,nan,nan,0.0023520158174213162,0.0004598780599998859
18.0,26.935574191134748,-52.75451281351752,3.232333765244807,72.3201444063169,1.417231368844835,0.13904616778826978,nan,nan,48.81287156443676,0.42877104306516045,48.81287156443676,0.42877104306516045,42.77603915240575,0.6178165040702909,0.0014861078529591158,0.00015629706722636053,nan,nan,nan,nan,0.00202038578898152,0.0003268338439295657,nan,nan,nan,nan,0.0014383429569524817,0.0004598780599998859
19.0,26.94625817070796,-52.76571081736233,3.9759051971178145,-8.904413236220131,2.7401413884146413,0.15169531303499637,nan,nan,47.96984105753907,0.37909381014051496,47.96984105753907,0.37909381014051496,44.377771363259164,0.5462365434507818,0.002727923258002785,0.00017530073647786416,nan,nan,nan,nan,0.0037742310470144855,0.00032685334776386707,nan,nan,nan,nan,0.0031698604702977244,0.0004598780599998859
20.0,26.910644905463915,-52.75824548146579,3.9759051971178145,171.09558676377986,3.180995953749174,0.14804164977743312,nan,nan,50.690934938339176,0.43918694128037344,50.690934938339176,0.43918694128037344,47.33751569339223,0.6328247792935243,0.0023837021069308957,0.00018645507620616294,nan,nan,nan,nan,0.002964931645665283,0.0003268503657832804,nan,nan,nan,nan,0.0019010262854106928,0.0004598780599998859
21.0,26.942696844183555,-52.7694434853106,4.056990377759674,-32.089498631976475,1.6828764074978626,0.1230915933567261,nan,nan,57.379891431786874,0.41513003066757215,57.379891431786874,0.41513003066757215,54.37528836800947,0.5981611595040841,0.003368526493109328,0.0001960725013857897,nan,nan,nan,nan,0.004151904294943231,0.0003268947488809072,nan,nan,nan,nan,0.0027492613268709294,0.0004598780599998859
22.0,26.91420623198832,-52.75451281351752,4.056990377759674,147.91050136802352,2.178278468525836,0.1531929482876206,nan,nan,40.221787573233875,0.4382073454247689,40.221787573233875,0.4382073454247689,37.2497233435053,0.6314132789212396,0.0,0.00014473709724679735,nan,nan,nan,nan,0.0,0.0003268190327019642,nan,nan,nan,nan,0.0,0.0004598780599998859
23.0,26.910644905463915,-52.76571081736233,4.0570602300897765,-147.89676521110505,1.9061009870859007,0.13411651610557948,nan,nan,41.8428683165655,0.43614158979832995,41.8428683165655,0.43614158979832995,40.17648044076373,0.6284367301546381,0.0,0.0001760343464747288,nan,nan,nan,nan,0.0,0.0003268342847893806,nan,nan,nan,nan,0.0,0.0004598780599998859
24.0,26.94625817070796,-52.75824548146579,4.0570602300897765,32.10323478889494,1.5331662686790675,0.12664235479499486,nan,nan,34.91306506718135,0.3641911739535764,34.91306506718135,0.3641911739535764,31.92948832731729,0.5247633242598891,0.0022703677901562865,0.0001935329442698234,nan,nan,nan,nan,0.0028506161102545605,0.00032682907578088824,nan,nan,nan,nan,0.001999222059872197,0.0004598780599998859
25.0,26.91420623198832,-52.7694434853106,4.183567358583674,-125.9247462146195,0.512540219370213,0.08907286116698646,nan,nan,39.40378123909082,0.3952285807711033,39.40378123909082,0.3952285807711033,37.62960944415751,0.5694851460469489,0.0015583145215604295,0.00015765639624103125,nan,nan,nan,nan,0.0021900357182256147,0.00032683010896592543,nan,nan,nan,nan,0.001714440690438868,0.0004598780599998859
26.0,26.942696844183555,-52.75451281351752,4.183567358583674,54.0752537853805,1.8869254069979504,0.15025599988631785,nan,nan,28.923006936463903,0.3351008254840408,28.923006936463903,0.3351008254840408,26.121022205669775,0.4828470202456189,0.002482947681798102,0.0002095610847472852,nan,nan,nan,nan,0.0030200051839457415,0.0003268144865798988,nan,nan,nan,nan,0.0021039461144030827,0.0004598780599998859
27.0,26.932012864610343,-52.773176153258866,4.265755245432219,-69.7937300372181,2.3727452792467982,0.17866318329778832,nan,nan,45.38724950486478,0.41710411352189797,45.38724950486478,0.41710411352189797,41.955274751947094,0.6010056169074712,0.0027518851557810768,0.00020637121222919112,nan,nan,nan,nan,0.0032503018049188357,0.00032683212849624196,nan,nan,nan,nan,0.001900380921173343,0.0004598780599998859
28.0,26.924890211561532,-52.75078014556926,4.265755245432219,110.20626996278192,1.4735663325806199,0.1495544046001246,nan,nan,41.08133884414988,0.43820734542476875,41.08133884414988,0.43820734542476875,40.311123662364395,0.6314132789212396,0.002058642213897385,0.00019017354351299058,nan,nan,nan,nan,0.0025038822350679974,0.0003268579614406763,nan,nan,nan,nan,0.0014957655075268507,0.0004598780599998859
29.0,26.924890211561532,-52.773176153258866,4.3113590848358845,-89.99391833788776,3.453848464374564,0.18568946592214827,nan,nan,45.73309527941877,0.3812746772009341,45.73309527941877,0.3812746772009341,41.98781237144849,0.5493789563653251,0.004413553808456367,0.0002456089311702999,nan,nan,nan,nan,0.004851740655471162,0.0003268803523595649,nan,nan,nan,nan,0.002476384690456503,0.0004598780599998859
30.0,26.932012864610343,-52.75078014556926,4.3113590848358845,90.00608166211224,1.7957795291507785,0.1701516617172896,nan,nan,31.259649157547816,0.4072827814493631,31.259649157547816,0.4072827814493631,31.035852544307556,0.5868540524664817,0.0018326520804324577,0.00019247996951631872,nan,nan,nan,nan,0.002256054215904827,0.00032683111584882714,nan,nan,nan,nan,0.001447333365654822,0.0004598780599998859
31.0,26.90708357893951,-52.76197814941406,4.514472741381117,-168.18412498803625,1.2464247999252032,0.1363584297519472,nan,nan,33.19160669642994,0.40552129287841787,33.19160669642994,0.40552129287841787,31.204559291131947,0.5843159223187895,0.0014510922177208047,0.00016633459614095404,nan,nan,nan,nan,0.001995594337850076,0.0003268075795001273,nan,nan,nan,nan,0.001558202322225046,0.0004598780599998859
32.0,26.949819497232365,-52.76197814941406,4.514472741381117,11.815875011963758,2.978780340989243,0.16642614959951182,nan,nan,37.224416706540424,0.3605180073320839,37.224416706540424,0.3605180073320839,32.99898004379874,0.519470655835419,0.0034987403484764215,0.00023285129900368508,nan,nan,nan,nan,0.003992981450996765,0.00032684082350176164,nan,nan,nan,nan,0.0024154603720969777,0.0004598780599998859
33.0,26.93913551765915,-52.773176153258866,4.7259401709024305,-51.43232006751144,1.3549474162218322,0.14676321738378287,nan,nan,36.74491545706059,0.3811290276454678,36.74491545706059,0.3811290276454678,33.64157787265188,0.5491690898161887,0.002457234836391179,0.000195250257692223,nan,nan,nan,nan,0.0031244501132743937,0.00032681603467240564,nan,nan,nan,nan,0.0023292810887827384,0.0004598780599998859
34.0,26.917767558512725,-52.75078014556926,4.7259401709024305,128.56767993248855,0.36032905555680067,0.0831931634167868,nan,nan,29.232379787258548,0.4382073454247688,29.232379787258548,0.4382073454247688,30.348739099077648,0.6314132789212396,0.0,0.0001217022100035448,nan,nan,nan,nan,0.0,0.0003268146970783236,nan,nan,nan,nan,0.0,0.0004598780599998859
35.0,26.917767558512725,-52.773176153258866,4.848500647864469,-107.67985559369012,0.8386818136204115,0.1132320752441814,nan,nan,40.23086836031571,0.3929071770965327,40.23086836031571,0.3929071770965327,38.05934083260065,0.5661402338240843,0.003006189650886377,0.00021935451308537277,nan,nan,nan,nan,0.003449712115548011,0.00032683549783469896,nan,nan,nan,nan,0.001895414087249657,0.0004598780599998859
36.0,26.93913551765915,-52.75078014556926,4.848500647864469,72.3201444063099,1.6749267569965642,0.17666798707677542,nan,nan,29.195674599897767,0.4382073454247688,29.195674599897767,0.4382073454247688,28.156851454970408,0.6314132789212396,0.0,0.00020632220494716516,nan,nan,nan,nan,0.0,0.00032682145062556424,nan,nan,nan,nan,0.0,0.0004598780599998859
37.0,26.949819497232365,-52.7694434853106,5.246035147547173,-20.615595869555882,0.5193120149374044,0.0909150856915656,nan,nan,35.94423964551494,0.4382073454247688,35.94423964551494,0.4382073454247688,33.38966197015584,0.6314132789212396,0.0,0.00015632470543613808,nan,nan,nan,nan,0.0,0.0003268060153125749,nan,nan,nan,nan,0.0,0.0004598780599998859
38.0,26.90708357893951,-52.75451281351752,5.246035147547173,159.38440413044412,1.938567087068138,0.17339990562457244,nan,nan,31.649569254961573,0.43820734542476875,31.649569254961573,0.43820734542476875,29.05597215311612,0.6314132789212396,0.0,0.00015457301669929936,nan,nan,nan,nan,0.0,0.00032680089401994664,nan,nan,nan,nan,0.0,0.0004598780599998859
39.0,26.90708357893951,-52.7694434853106,5.393095785090294,-136.74000528155636,0.0,0.08933018208905753,nan,nan,28.18589872319226,0.4382073454247689,28.18589872319226,0.4382073454247689,26.535356549269327,0.6314132789212396,0.0,0.00013839743915940742,nan,nan,nan,nan,0.0,0.00032678709213561927,nan,nan,nan,nan,0.0,0.0004598780599998859
40.0,26.949819497232365,-52.75451281351752,5.393095785090294,43.259994718443615,0.0,0.09111865449347722,nan,nan,28.753636556719698,0.43820734542476875,28.753636556719698,0.43820734542476875,25.369386756025357,0.6314132789212396,0.0,0.00018782796776008,nan,nan,nan,nan,0.0,0.0003268005829915583,nan,nan,nan,nan,0.0,0.0004598780599998859
