PHANGS/NGC0685_gauss_1p5kpc.ecsv
# %ECSV 1.0
# ---
# datatype:
# - {name: ID, datatype: float64, format: .0f, description: Aperture ID}
# - {name: RA, unit: deg, datatype: float64, format: .5f, description: Right Ascension of the aperture center}
# - {name: DEC, unit: deg, datatype: float64, format: .5f, description: Declination of the aperture center}
# - {name: r_gal, unit: kpc, datatype: float64, format: .2f, description: Deprojected galactocentric radius}
# - {name: phi_gal, unit: deg, datatype: float64, format: .2f, description: Deprojected azimuthal angle (0 = receding major axis)}
# - {name: Sigma_mol_gauss, unit: solMass / pc2, datatype: float64, format: .3e, description: Kernel-average molecular gas surface density
#     (S20 alphaCO)}
# - {name: e_Sigma_mol_gauss, unit: solMass / pc2, datatype: float64, format: .1e, description: Stats error on kernel-average molecular
#     gas surface density (S20 alphaCO)}
# - {name: Sigma_atom_gauss, unit: solMass / pc2, datatype: float64, format: .3e, description: Kernel-average atomic gas surface density
#     (PHANGS-HI)}
# - {name: e_Sigma_atom_gauss, unit: solMass / pc2, datatype: float64, format: .1e, description: Stats error on kernel-average atomic
#     gas surface density (PHANGS-HI)}
# - {name: Sigma_star_gauss, unit: solMass / pc2, datatype: float64, format: .3e, description: Kernel-average stellar mass surface density
#     (fiducial)}
# - {name: e_Sigma_star_gauss, unit: solMass / pc2, datatype: float64, format: .1e, description: Stats error on kernel-average stellar
#     mass surface density (fiducial)}
# - {name: Sigma_star_3p6um_gauss, unit: solMass / pc2, datatype: float64, format: .3e, description: Kernel-average stellar mass surface
#     density (3.6um + varying M/L; Leroy+21)}
# - {name: e_Sigma_star_3p6um_gauss, unit: solMass / pc2, datatype: float64, format: .1e, description: Stats error on kernel-average stellar
#     mass surface density (3.6um + varying M/L; Leroy+21)}
# - {name: Sigma_star_3p4um_gauss, unit: solMass / pc2, datatype: float64, format: .3e, description: Kernel-average stellar mass surface
#     density (3.4um + varying M/L; Leroy+21)}
# - {name: e_Sigma_star_3p4um_gauss, unit: solMass / pc2, datatype: float64, format: .1e, description: Stats error on kernel-average stellar
#     mass surface density (3.4um + varying M/L; Leroy+21)}
# - {name: Sigma_SFR_HaW4recal_gauss, unit: solMass / (kpc2 yr), datatype: float64, format: .3e, description: Kernel-average SFR surface
#     density (recalibrated Halpha + WISE4; Belfiore+22)}
# - {name: e_Sigma_SFR_HaW4recal_gauss, unit: solMass / (kpc2 yr), datatype: float64, format: .1e, description: Stats error on kernel-average
#     SFR surface density (recalibrated Halpha + WISE4; Belfiore+22)}
# - {name: Sigma_SFR_FUVW4recal_gauss, unit: solMass / (kpc2 yr), datatype: float64, format: .3e, description: Kernel-average SFR surface
#     density (recalibrated GALEX FUV + WISE4; Belfiore+22)}
# - {name: e_Sigma_SFR_FUVW4recal_gauss, unit: solMass / (kpc2 yr), datatype: float64, format: .1e, description: Stats error on kernel-average
#     SFR surface density (recalibrated GALEX FUV + WISE4; Belfiore+22)}
# - {name: Sigma_SFR_Hacorr_gauss, unit: solMass / (kpc2 yr), datatype: float64, format: .3e, description: Kernel-average SFR surface
[...]
#       value: !astropy.table.SerializedColumn {name: e_Sigma_mol_gauss}
#     e_Sigma_star_3p4um_gauss:
#       __class__: astropy.units.quantity.Quantity
#       unit: !astropy.units.Unit {unit: solMass / pc2}
#       value: !astropy.table.SerializedColumn {name: e_Sigma_star_3p4um_gauss}
#     e_Sigma_star_3p6um_gauss:
#       __class__: astropy.units.quantity.Quantity
#       unit: !astropy.units.Unit {unit: solMass / pc2}
#       value: !astropy.table.SerializedColumn {name: e_Sigma_star_3p6um_gauss}
#     e_Sigma_star_gauss:
#       __class__: astropy.units.quantity.Quantity
#       unit: !astropy.units.Unit {unit: solMass / pc2}
#       value: !astropy.table.SerializedColumn {name: e_Sigma_star_gauss}
#     phi_gal:
#       __class__: astropy.units.quantity.Quantity
#       unit: *id001
#       value: !astropy.table.SerializedColumn {name: phi_gal}
#     r_gal:
#       __class__: astropy.units.quantity.Quantity
#       unit: !astropy.units.Unit {unit: kpc}
#       value: !astropy.table.SerializedColumn {name: r_gal}
# schema: astropy-2.0
ID,RA,DEC,r_gal,phi_gal,Sigma_mol_gauss,e_Sigma_mol_gauss,Sigma_atom_gauss,e_Sigma_atom_gauss,Sigma_star_gauss,e_Sigma_star_gauss,Sigma_star_3p6um_gauss,e_Sigma_star_3p6um_gauss,Sigma_star_3p4um_gauss,e_Sigma_star_3p4um_gauss,Sigma_SFR_HaW4recal_gauss,e_Sigma_SFR_HaW4recal_gauss,Sigma_SFR_FUVW4recal_gauss,e_Sigma_SFR_FUVW4recal_gauss,Sigma_SFR_Hacorr_gauss,e_Sigma_SFR_Hacorr_gauss,Sigma_SFR_HaW4_gauss,e_Sigma_SFR_HaW4_gauss,Sigma_SFR_FUVW4_gauss,e_Sigma_SFR_FUVW4_gauss,Sigma_SFR_NUVW4_gauss,e_Sigma_SFR_NUVW4_gauss,Sigma_SFR_W4ONLY_gauss,e_Sigma_SFR_W4ONLY_gauss
[from data line 250]
250.0,26.93913551765915,-52.728384137879644,12.934077254510138,90.00608166211757,nan,nan,nan,nan,0.0,0.4382073454247688,0.0,0.4382073454247688,0.0,0.6314132789212396,nan,nan,nan,nan,nan,nan,nan,nan,nan,nan,nan,nan,0.0,0.0004598780599998859
251.0,26.889276946317487,-52.78810682505195,13.060400686983813,-119.2503750954015,nan,nan,nan,nan,0.0,0.43820734542476875,0.0,0.43820734542476875,0.0,0.6314132789212396,0.0,nan,nan,nan,nan,nan,0.0,0.0003267287846168736,nan,nan,nan,nan,0.0,0.0004598780599998859
252.0,26.967626129854388,-52.73584947377618,13.060400686983813,60.74962490459852,nan,nan,nan,nan,0.0,0.43820734542476875,0.0,0.43820734542476875,0.0,0.6314132789212396,0.0,0.00018197538692757206,nan,nan,nan,nan,0.0,0.0003267622962203349,nan,nan,nan,nan,0.0,0.0004598780599998859
253.0,26.94625817070796,-52.79557216094848,13.101700132083247,-63.26924301590737,nan,nan,nan,nan,2.0170662956035605,0.4382073454247689,2.0170662956035605,0.4382073454247689,nan,nan,nan,nan,nan,nan,nan,nan,nan,nan,nan,nan,nan,nan,0.0,0.0004598780599998859
254.0,26.910644905463915,-52.728384137879644,13.101700132083247,116.73075698409262,nan,nan,nan,nan,0.0,0.4382073454247688,0.0,0.4382073454247688,0.0,0.6314132789212396,nan,nan,nan,nan,nan,nan,nan,nan,nan,nan,nan,nan,0.0,0.0004598780599998859
255.0,26.981871435952005,-52.78064148915541,13.115087868866247,-20.61559586954669,nan,nan,nan,nan,0.0,0.4382073454247688,0.0,0.4382073454247688,0.0,0.6314132789212396,nan,nan,nan,nan,nan,nan,nan,nan,nan,nan,nan,nan,0.0,0.0004598780599998859
256.0,26.87503164021987,-52.74331480967272,13.115087868866247,159.3844041304533,nan,nan,nan,nan,3.0395077844973124,0.4382073454247689,3.0395077844973124,0.4382073454247689,2.8266070664203875,0.6314132789212396,0.0,0.0001392920382749262,nan,nan,nan,nan,0.0,0.000326742809300729,nan,nan,nan,nan,0.0,0.0004598780599998859
257.0,26.98543276247641,-52.77690882120714,13.131883435796848,-13.555492438989518,nan,nan,nan,nan,0.0,0.4382073454247688,0.0,0.4382073454247688,1.9661545765003445,0.6314132789212396,nan,nan,nan,nan,nan,nan,nan,nan,nan,nan,nan,nan,0.0,0.0004598780599998859
258.0,26.871470313695465,-52.74704747762099,13.131883435796848,166.44450756101048,nan,nan,nan,nan,3.0113288597748498,0.4382073454247688,3.0113288597748498,0.4382073454247688,nan,nan,nan,nan,nan,nan,nan,nan,nan,nan,nan,nan,nan,nan,0.0,0.0004598780599998859
259.0,26.9783101094276,-52.78437415710368,13.296190726286246,-27.588018286913133,nan,nan,nan,nan,0.0,0.4382073454247688,0.0,0.4382073454247688,2.263209629662794,0.6314132789212396,nan,nan,nan,nan,nan,nan,nan,nan,nan,nan,nan,nan,0.0,0.0004598780599998859
260.0,26.878592966744275,-52.73958214172445,13.296190726286246,152.41198171308687,nan,nan,nan,nan,1.6049758906749554,0.4382073454247688,1.6049758906749554,0.4382073454247688,2.575311313643783,0.6314132789212396,0.0,9.630228254981166e-05,nan,nan,nan,nan,0.0,0.0003267502903940127,nan,nan,nan,nan,0.0,0.0004598780599998859
261.0,26.910644905463915,-52.79557216094848,13.323730202837215,-96.34108008866787,nan,nan,nan,nan,0.0,0.4382073454247688,0.0,0.4382073454247688,0.0,0.6314132789212396,nan,nan,nan,nan,nan,nan,nan,nan,nan,nan,nan,nan,0.0,0.0004598780599998859
262.0,26.94625817070796,-52.728384137879644,13.323730202837215,83.65891991133213,nan,nan,nan,nan,0.0,0.43820734542476875,0.0,0.43820734542476875,0.0,0.6314132789212396,nan,nan,nan,nan,nan,nan,nan,nan,nan,nan,nan,nan,0.0,0.0004598780599998859
263.0,26.988994089000812,-52.773176153258866,13.34583028962906,-6.618059907721578,nan,nan,nan,nan,0.0,0.4382073454247688,0.0,0.4382073454247688,0.0,0.6314132789212396,nan,nan,nan,nan,nan,nan,nan,nan,nan,nan,nan,nan,0.0,0.0004598780599998859
264.0,26.867908987171063,-52.75078014556926,13.34583028962906,173.38194009227843,nan,nan,nan,nan,2.925206620286992,0.438207345424769,2.925206620286992,0.438207345424769,2.781403396422263,0.6314132789212396,nan,nan,nan,nan,nan,nan,nan,nan,nan,nan,nan,nan,0.0,0.0004598780599998859
265.0,26.964064803329983,-52.79183949300021,13.34768088412571,-45.654376904783035,nan,nan,nan,nan,0.0,0.4382073454247688,0.0,0.4382073454247688,0.0,0.6314132789212396,nan,nan,nan,nan,nan,nan,nan,nan,nan,nan,nan,nan,0.0,0.0004598780599998859
266.0,26.892838272841892,-52.732116805827914,13.34768088412571,134.34562309521695,nan,nan,nan,nan,0.0,0.43820734542476875,0.0,0.43820734542476875,2.8920896263590867,0.6314132789212396,nan,nan,nan,nan,nan,nan,nan,nan,nan,nan,nan,nan,0.0,0.0004598780599998859
267.0,26.871470313695465,-52.77690882120714,13.445849988748565,-143.44556708352195,nan,nan,nan,nan,0.0,0.43820734542476875,0.0,0.43820734542476875,2.5189599665612508,0.6314132789212396,nan,nan,nan,nan,nan,nan,nan,nan,nan,nan,nan,nan,0.0,0.0004598780599998859
268.0,26.98543276247641,-52.74704747762099,13.445849988748565,36.554432916478056,nan,nan,nan,nan,0.0,0.4382073454247688,0.0,0.4382073454247688,0.0,0.6314132789212396,nan,nan,nan,nan,nan,nan,nan,nan,nan,nan,nan,nan,0.0,0.0004598780599998859
269.0,26.87503164021987,-52.78064148915541,13.48273946272395,-136.74000528156512,nan,nan,nan,nan,0.0,0.4382073454247688,0.0,0.4382073454247688,3.394366185190597,0.6314132789212396,0.0,nan,nan,nan,nan,nan,0.0,0.0003267221425716978,nan,nan,nan,nan,0.0,0.0004598780599998859
270.0,26.981871435952005,-52.74331480967272,13.48273946272395,43.25999471843492,nan,nan,nan,nan,0.0,0.4382073454247688,0.0,0.4382073454247688,0.0,0.6314132789212396,nan,nan,nan,nan,nan,nan,nan,nan,nan,nan,nan,nan,0.0,0.0004598780599998859
271.0,26.864347660646658,-52.76197814941406,13.543418224142606,-168.18412498803625,nan,nan,nan,nan,2.344429404961478,0.4382073454247689,2.344429404961478,0.4382073454247689,0.0,0.6314132789212396,nan,nan,nan,nan,nan,nan,nan,nan,nan,nan,nan,nan,0.0,0.0004598780599998859
272.0,26.992555415525217,-52.76197814941406,13.543418224142606,11.815875011963755,nan,nan,nan,nan,0.0,0.438207345424769,0.0,0.438207345424769,0.0,0.6314132789212396,nan,nan,nan,nan,nan,nan,nan,nan,nan,nan,nan,nan,0.0,0.0004598780599998859
273.0,26.95338082375677,-52.79557216094848,13.567168990105774,-57.11647789265269,nan,nan,nan,nan,nan,nan,nan,nan,nan,nan,nan,nan,nan,nan,nan,nan,nan,nan,nan,nan,nan,nan,0.0,0.0004598780599998859
274.0,26.903522252415105,-52.728384137879644,13.567168990105774,122.88352210734733,nan,nan,nan,nan,0.0,0.43820734542476875,0.0,0.43820734542476875,nan,nan,nan,nan,nan,nan,nan,nan,nan,nan,nan,nan,nan,nan,0.0,0.0004598780599998859
275.0,26.867908987171063,-52.773176153258866,13.59267173794299,-150.0966509611273,nan,nan,nan,nan,1.6584055567043585,0.4382073454247688,1.6584055567043585,0.4382073454247688,3.456061252621852,0.6314132789212396,nan,nan,nan,nan,nan,nan,nan,nan,nan,nan,nan,nan,0.0,0.0004598780599998859
276.0,26.988994089000812,-52.75078014556926,13.59267173794299,29.903349038872708,nan,nan,nan,nan,0.0,0.4382073454247688,0.0,0.4382073454247688,0.0,0.6314132789212396,nan,nan,nan,nan,nan,nan,nan,nan,nan,nan,nan,nan,0.0,0.0004598780599998859
277.0,26.974748782903195,-52.78810682505195,13.667327340648903,-34.27739968424717,nan,nan,nan,nan,0.0,0.4382073454247688,0.0,0.4382073454247688,0.0,0.6314132789212396,nan,nan,nan,nan,nan,nan,nan,nan,nan,nan,nan,nan,0.0,0.0004598780599998859
278.0,26.88215429326868,-52.73584947377618,13.667327340648903,145.72260031575286,nan,nan,nan,nan,0.0,0.43820734542476875,0.0,0.43820734542476875,0.0,0.6314132789212396,0.0,nan,nan,nan,nan,nan,0.0,0.0003267492982066416,nan,nan,nan,nan,0.0,0.0004598780599998859
279.0,26.878592966744275,-52.78437415710368,13.701856424396857,-130.16028968388775,nan,nan,nan,nan,0.0,0.4382073454247688,0.0,0.4382073454247688,0.0,0.6314132789212396,0.0,nan,nan,nan,nan,nan,0.0,0.0003267266070150374,nan,nan,nan,nan,0.0,0.0004598780599998859
280.0,26.9783101094276,-52.73958214172445,13.701856424396857,49.83971031611225,nan,nan,nan,nan,0.0,0.43820734542476875,0.0,0.43820734542476875,0.0,0.6314132789212396,nan,nan,nan,nan,nan,nan,nan,nan,nan,nan,nan,nan,0.0,0.0004598780599998859
281.0,26.892838272841892,-52.79183949300021,13.732852368323647,-113.15282962873809,nan,nan,nan,nan,0.0,0.43820734542476875,0.0,0.43820734542476875,0.0,0.6314132789212396,nan,nan,nan,nan,nan,nan,nan,nan,nan,nan,nan,nan,0.0,0.0004598780599998859
282.0,26.964064803329983,-52.732116805827914,13.732852368323647,66.84717037126192,nan,nan,nan,nan,0.0,0.4382073454247688,0.0,0.4382073454247688,0.0,0.6314132789212396,nan,nan,nan,nan,nan,nan,nan,nan,nan,nan,nan,nan,0.0,0.0004598780599998859
283.0,26.864347660646658,-52.75451281351752,13.747727101335947,-179.9928225508928,nan,nan,nan,nan,1.7210582607203015,0.4382073454247688,1.7210582607203015,0.4382073454247688,0.0,0.6314132789212396,nan,nan,nan,nan,nan,nan,nan,nan,nan,nan,nan,nan,0.0,0.0004598780599998859
284.0,26.992555415525217,-52.7694434853106,13.747727101335947,0.007177449107195561,nan,nan,nan,nan,0.0,0.438207345424769,0.0,0.438207345424769,0.0,0.6314132789212396,nan,nan,nan,nan,nan,nan,nan,nan,nan,nan,nan,nan,0.0,0.0004598780599998859
285.0,26.903522252415105,-52.79557216094848,13.866586120593677,-102.25982344425799,nan,nan,nan,nan,0.0,0.4382073454247689,0.0,0.4382073454247689,0.0,0.6314132789212396,nan,nan,nan,nan,nan,nan,nan,nan,nan,nan,nan,nan,0.0,0.0004598780599998859
286.0,26.95338082375677,-52.728384137879644,13.866586120593677,77.74017655574201,nan,nan,nan,nan,0.0,0.4382073454247688,0.0,0.4382073454247688,0.0,0.6314132789212396,nan,nan,nan,nan,nan,nan,nan,nan,nan,nan,nan,nan,0.0,0.0004598780599998859
287.0,26.864347660646658,-52.7694434853106,13.91739173072246,-156.52142014452244,nan,nan,nan,nan,1.7016733243523208,0.4382073454247688,1.7016733243523208,0.4382073454247688,0.0,0.6314132789212396,nan,nan,nan,nan,nan,nan,nan,nan,nan,nan,nan,nan,0.0,0.0004598780599998859
288.0,26.992555415525217,-52.75451281351752,13.91739173072246,23.47857985547755,nan,nan,nan,nan,0.0,0.4382073454247689,0.0,0.4382073454247689,0.0,0.6314132789212396,nan,nan,nan,nan,nan,nan,nan,nan,nan,nan,nan,nan,0.0,0.0004598780599998859
289.0,26.928451538085938,-52.79930482889675,14.073662747798021,-79.94808882622102,nan,nan,nan,nan,0.0,0.4382073454247688,0.0,0.4382073454247688,0.0,0.6314132789212396,nan,nan,nan,nan,nan,nan,nan,nan,nan,nan,nan,nan,0.0,0.0004598780599998859
290.0,26.928451538085938,-52.72465146993137,14.073662747798021,100.05191117377898,nan,nan,nan,nan,0.0,0.4382073454247688,0.0,0.4382073454247688,0.0,0.6314132789212396,nan,nan,nan,nan,nan,nan,nan,nan,nan,nan,nan,nan,0.0,0.0004598780599998859
291.0,26.88215429326868,-52.78810682505195,14.09470468244031,-123.86743364365608,nan,nan,nan,nan,0.0,0.4382073454247688,0.0,0.4382073454247688,0.0,0.6314132789212396,0.0,0.0002648180328081913,nan,nan,nan,nan,0.0,0.0003267223957293484,nan,nan,nan,nan,0.0,0.0004598780599998859
292.0,26.974748782903195,-52.73584947377618,14.09470468244031,56.13256635634393,nan,nan,nan,nan,0.0,0.43820734542476875,0.0,0.43820734542476875,0.0,0.6314132789212396,nan,nan,nan,nan,nan,nan,nan,nan,nan,nan,nan,nan,0.0,0.0004598780599998859
293.0,26.935574191134748,-52.79930482889675,14.107751344749627,-73.82781318419899,nan,nan,nan,nan,1.4182212419100084,0.4382073454247688,1.4182212419100084,0.4382073454247688,0.0,0.6314132789212396,nan,nan,nan,nan,nan,nan,nan,nan,nan,nan,nan,nan,0.0,0.0004598780599998859
294.0,26.921328885037127,-52.72465146993137,14.107751344749627,106.17218681580103,nan,nan,nan,nan,0.0,0.4382073454247689,0.0,0.4382073454247689,0.0,0.6314132789212396,nan,nan,nan,nan,nan,nan,nan,nan,nan,nan,nan,nan,0.0,0.0004598780599998859
295.0,26.960503476805577,-52.79557216094848,14.177820512709987,-51.4323200675139,nan,nan,nan,nan,0.0,0.4382073454247688,0.0,0.4382073454247688,nan,nan,nan,nan,nan,nan,nan,nan,nan,nan,nan,nan,nan,nan,0.0,0.0004598780599998859
296.0,26.896399599366298,-52.728384137879644,14.177820512709987,128.56767993248613,nan,nan,nan,nan,0.0,0.4382073454247688,0.0,0.4382073454247688,2.0271928177943512,0.6314132789212396,nan,nan,nan,nan,nan,nan,nan,nan,nan,nan,nan,nan,0.0,0.0004598780599998859
297.0,26.921328885037127,-52.79930482889675,14.199870080451968,-86.02851021832006,nan,nan,nan,nan,0.0,0.43820734542476875,0.0,0.43820734542476875,nan,nan,nan,nan,nan,nan,nan,nan,nan,nan,nan,nan,nan,nan,0.0,0.0004598780599998859
298.0,26.935574191134748,-52.72465146993137,14.199870080451968,93.97148978167994,nan,nan,nan,nan,0.0,0.4382073454247688,0.0,0.4382073454247688,0.0,0.6314132789212396,nan,nan,nan,nan,nan,nan,nan,nan,nan,nan,nan,nan,0.0,0.0004598780599998859
299.0,26.97118745637879,-52.79183949300021,14.213619392260004,-40.53322564466752,nan,nan,nan,nan,0.0,0.43820734542476875,0.0,0.43820734542476875,0.0,0.6314132789212396,nan,nan,nan,nan,nan,nan,nan,nan,nan,nan,nan,nan,0.0,0.0004598780599998859
300.0,26.885715619793086,-52.732116805827914,14.213619392260004,139.4667743553325,nan,nan,nan,nan,0.0,0.4382073454247688,0.0,0.4382073454247688,0.0,0.6314132789212396,nan,nan,nan,nan,nan,nan,nan,nan,nan,nan,nan,nan,0.0,0.0004598780599998859
301.0,26.942696844183555,-52.79930482889675,14.300989647618536,-67.80518759183526,nan,nan,nan,nan,0.0,0.4382073454247689,0.0,0.4382073454247689,0.0,0.6314132789212396,nan,nan,nan,nan,nan,nan,nan,nan,nan,nan,nan,nan,0.0,0.0004598780599998859
302.0,26.91420623198832,-52.72465146993137,14.300989647618536,112.19481240816475,nan,nan,nan,nan,0.0,0.4382073454247688,0.0,0.4382073454247688,0.0,0.6314132789212396,nan,nan,nan,nan,nan,nan,nan,nan,nan,nan,nan,nan,0.0,0.0004598780599998859
303.0,26.91420623198832,-52.79930482889675,14.482183174305991,-91.93679262213377,nan,nan,nan,nan,0.0,0.4382073454247689,0.0,0.4382073454247689,0.0,0.6314132789212396,nan,nan,nan,nan,nan,nan,nan,nan,nan,nan,nan,nan,0.0,0.0004598780599998859
304.0,26.942696844183555,-52.72465146993137,14.482183174305991,88.06320737786625,nan,nan,nan,nan,0.0,0.4382073454247688,0.0,0.4382073454247688,0.0,0.6314132789212396,nan,nan,nan,nan,nan,nan,nan,nan,nan,nan,nan,nan,0.0,0.0004598780599998859
305.0,26.896399599366298,-52.79557216094848,14.545501943596152,-107.67985559368778,nan,nan,nan,nan,0.0,0.4382073454247688,0.0,0.4382073454247688,0.0,0.6314132789212396,nan,nan,nan,nan,nan,nan,nan,nan,nan,nan,nan,nan,0.0,0.0004598780599998859
306.0,26.960503476805577,-52.728384137879644,14.545501943596152,72.32014440631222,nan,nan,nan,nan,0.0,0.4382073454247688,0.0,0.4382073454247688,0.0,0.6314132789212396,nan,nan,nan,nan,nan,nan,nan,nan,nan,nan,nan,nan,0.0,0.0004598780599998859
307.0,26.949819497232365,-52.79930482889675,14.647080044390634,-62.005099966625615,nan,nan,nan,nan,nan,nan,nan,nan,nan,nan,nan,nan,nan,nan,nan,nan,nan,nan,nan,nan,nan,nan,0.0,0.0004598780599998859
308.0,26.90708357893951,-52.72465146993137,14.647080044390634,117.9949000333744,nan,nan,nan,nan,0.0,0.4382073454247688,0.0,0.4382073454247688,nan,nan,nan,nan,nan,nan,nan,nan,nan,nan,nan,nan,nan,nan,0.0,0.0004598780599998859
309.0,26.885715619793086,-52.79183949300021,14.647312219342158,-117.98225404064094,nan,nan,nan,nan,0.0,0.4382073454247688,0.0,0.4382073454247688,0.0,0.6314132789212396,nan,nan,nan,nan,nan,nan,nan,nan,nan,nan,nan,nan,0.0,0.0004598780599998859
310.0,26.97118745637879,-52.732116805827914,14.647312219342158,62.01774595935907,nan,nan,nan,nan,0.0,0.4382073454247689,0.0,0.4382073454247689,0.0,0.6314132789212396,nan,nan,nan,nan,nan,nan,nan,nan,nan,nan,nan,nan,0.0,0.0004598780599998859
311.0,26.90708357893951,-52.79930482889675,14.91173835325967,-97.56208795771553,nan,nan,nan,nan,0.0,0.4382073454247688,0.0,0.4382073454247688,0.0,0.6314132789212396,nan,nan,nan,nan,nan,nan,nan,nan,nan,nan,nan,nan,0.0,0.0004598780599998859
312.0,26.949819497232365,-52.72465146993137,14.91173835325967,82.43791204228448,nan,nan,nan,nan,0.0,0.4382073454247688,0.0,0.4382073454247688,0.0,0.6314132789212396,nan,nan,nan,nan,nan,nan,nan,nan,nan,nan,nan,nan,0.0,0.0004598780599998859
