PHANGS/NGC0628_gauss_1p5kpc.ecsv
# %ECSV 1.0
# ---
# datatype:
# - {name: ID, datatype: float64, format: .0f, description: Aperture ID}
# - {name: RA, unit: deg, datatype: float64, format: .5f, description: Right Ascension of the aperture center}
# - {name: DEC, unit: deg, datatype: float64, format: .5f, description: Declination of the aperture center}
# - {name: r_gal, unit: kpc, datatype: float64, format: .2f, description: Deprojected galactocentric radius}
# - {name: phi_gal, unit: deg, datatype: float64, format: .2f, description: Deprojected azimuthal angle (0 = receding major axis)}
# - {name: Sigma_mol_gauss, unit: solMass / pc2, datatype: float64, format: .3e, description: Kernel-average molecular gas surface density
#     (S20 alphaCO)}
# - {name: e_Sigma_mol_gauss, unit: solMass / pc2, datatype: float64, format: .1e, description: Stats error on kernel-average molecular
#     gas surface density (S20 alphaCO)}
# - {name: Sigma_atom_gauss, unit: solMass / pc2, datatype: float64, format: .3e, description: Kernel-average atomic gas surface density
#     (PHANGS-HI)}
# - {name: e_Sigma_atom_gauss, unit: solMass / pc2, datatype: float64, format: .1e, description: Stats error on kernel-average atomic
#     gas surface density (PHANGS-HI)}
# - {name: Sigma_star_gauss, unit: solMass / pc2, datatype: float64, format: .3e, description: Kernel-average stellar mass surface density
#     (fiducial)}
# - {name: e_Sigma_star_gauss, unit: solMass / pc2, datatype: float64, format: .1e, description: Stats error on kernel-average stellar
#     mass surface density (fiducial)}
# - {name: Sigma_star_3p6um_gauss, unit: solMass / pc2, datatype: float64, format: .3e, description: Kernel-average stellar mass surface
#     density (3.6um + varying M/L; Leroy+21)}
# - {name: e_Sigma_star_3p6um_gauss, unit: solMass / pc2, datatype: float64, format: .1e, description: Stats error on kernel-average stellar
#     mass surface density (3.6um + varying M/L; Leroy+21)}
# - {name: Sigma_star_3p4um_gauss, unit: solMass / pc2, datatype: float64, format: .3e, description: Kernel-average stellar mass surface
#     density (3.4um + varying M/L; Leroy+21)}
# - {name: e_Sigma_star_3p4um_gauss, unit: solMass / pc2, datatype: float64, format: .1e, description: Stats error on kernel-average stellar
#     mass surface density (3.4um + varying M/L; Leroy+21)}
# - {name: Sigma_SFR_HaW4recal_gauss, unit: solMass / (kpc2 yr), datatype: float64, format: .3e, description: Kernel-average SFR surface
#     density (recalibrated Halpha + WISE4; Belfiore+22)}
# - {name: e_Sigma_SFR_HaW4recal_gauss, unit: solMass / (kpc2 yr), datatype: float64, format: .1e, description: Stats error on kernel-average
#     SFR surface density (recalibrated Halpha + WISE4; Belfiore+22)}
# - {name: Sigma_SFR_FUVW4recal_gauss, unit: solMass / (kpc2 yr), datatype: float64, format: .3e, description: Kernel-average SFR surface
#     density (recalibrated GALEX FUV + WISE4; Belfiore+22)}
# - {name: e_Sigma_SFR_FUVW4recal_gauss, unit: solMass / (kpc2 yr), datatype: float64, format: .1e, description: Stats error on kernel-average
#     SFR surface density (recalibrated GALEX FUV + WISE4; Belfiore+22)}
# - {name: Sigma_SFR_Hacorr_gauss, unit: solMass / (kpc2 yr), datatype: float64, format: .3e, description: Kernel-average SFR surface
[...]
#       value: !astropy.table.SerializedColumn {name: e_Sigma_mol_gauss}
#     e_Sigma_star_3p4um_gauss:
#       __class__: astropy.units.quantity.Quantity
#       unit: !astropy.units.Unit {unit: solMass / pc2}
#       value: !astropy.table.SerializedColumn {name: e_Sigma_star_3p4um_gauss}
#     e_Sigma_star_3p6um_gauss:
#       __class__: astropy.units.quantity.Quantity
#       unit: !astropy.units.Unit {unit: solMass / pc2}
#       value: !astropy.table.SerializedColumn {name: e_Sigma_star_3p6um_gauss}
#     e_Sigma_star_gauss:
#       __class__: astropy.units.quantity.Quantity
#       unit: !astropy.units.Unit {unit: solMass / pc2}
#       value: !astropy.table.SerializedColumn {name: e_Sigma_star_gauss}
#     phi_gal:
#       __class__: astropy.units.quantity.Quantity
#       unit: *id001
#       value: !astropy.table.SerializedColumn {name: phi_gal}
#     r_gal:
#       __class__: astropy.units.quantity.Quantity
#       unit: !astropy.units.Unit {unit: kpc}
#       value: !astropy.table.SerializedColumn {name: r_gal}
# schema: astropy-2.0
ID,RA,DEC,r_gal,phi_gal,Sigma_mol_gauss,e_Sigma_mol_gauss,Sigma_atom_gauss,e_Sigma_atom_gauss,Sigma_star_gauss,e_Sigma_star_gauss,Sigma_star_3p6um_gauss,e_Sigma_star_3p6um_gauss,Sigma_star_3p4um_gauss,e_Sigma_star_3p4um_gauss,Sigma_SFR_HaW4recal_gauss,e_Sigma_SFR_HaW4recal_gauss,Sigma_SFR_FUVW4recal_gauss,e_Sigma_SFR_FUVW4recal_gauss,Sigma_SFR_Hacorr_gauss,e_Sigma_SFR_Hacorr_gauss,Sigma_SFR_HaW4_gauss,e_Sigma_SFR_HaW4_gauss,Sigma_SFR_FUVW4_gauss,e_Sigma_SFR_FUVW4_gauss,Sigma_SFR_NUVW4_gauss,e_Sigma_SFR_NUVW4_gauss,Sigma_SFR_W4ONLY_gauss,e_Sigma_SFR_W4ONLY_gauss
[from data line 357]
357.0,24.237389133392796,15.723131061764112,14.923680992453766,-113.74777851765425,nan,nan,8.499186386478424,0.7658317998145431,4.399928976650423,0.23209341162469727,4.399928976650423,0.23209341162469727,2.763202965138548,0.641913268198651,0.0,0.00014894602400866136,0.0,9.498229261308976e-05,nan,nan,0.0,0.00016982755920127353,0.0,0.00010395968889099045,0.0,9.279826742185428e-05,0.0,0.00013059785960611327
358.0,24.110320522368923,15.844154475955614,14.923680992453766,66.25222148234575,nan,nan,10.17422757565308,0.29547447543121214,3.4244420061294774,0.23209341162469724,3.4244420061294774,0.23209341162469724,2.1001393966355635,0.641913268198651,0.0,0.00017139096376090937,0.0,0.00010395968889099045,nan,nan,0.0,0.00017980005427930743,0.0,0.00010395968889099045,0.0,9.279826742185428e-05,0.0,0.00013059785960611327
359.0,24.260079956789912,15.760950878698957,14.951739034749844,-84.66003788094599,nan,nan,15.790750182424542,0.423350914255298,6.391298654669353,0.23209341162469727,6.391298654669353,0.23209341162469727,4.259496373477767,0.641913268198651,0.0,0.00017080589184037052,0.0,0.00010395968889099045,nan,nan,0.0,0.00019333106743815812,0.0,0.00010395968889099045,0.0,9.279826742185428e-05,0.0,0.00013059785960611327
360.0,24.087629698971806,15.80633465902077,14.951739034749844,95.33996211905402,nan,nan,3.364170354682477,0.3013940210667531,2.835396306053622,0.23209341162469727,2.835396306053622,0.23209341162469727,nan,nan,nan,nan,0.0,nan,nan,nan,nan,nan,0.0,0.00010395968889099045,0.0,9.279826742185428e-05,0.0,0.00013059785960611327
361.0,24.2192364746751,15.859282402729551,15.004802365673466,-9.411321269302796,nan,nan,4.582967341000977,0.7158864233763075,1.7634110256683195,0.23209341162469732,1.7634110256683195,0.23209341162469732,0.0,0.641913268198651,nan,nan,0.0,9.464953329796014e-05,nan,nan,nan,nan,0.0,0.00010395968889099045,0.0,9.279826742185428e-05,0.0,0.00013059785960611327
362.0,24.12847318108662,15.708003134990175,15.004802365673466,170.5886787306972,nan,nan,4.99757801012342,0.5298181421961852,1.8923359200384182,0.23209341162469727,1.8923359200384182,0.23209341162469727,0.0,0.641913268198651,0.0,nan,0.0,9.914621316728347e-05,nan,nan,0.0,0.00018229381073498526,0.0,0.00010395968889099045,0.0,9.279826742185428e-05,0.0,0.00013059785960611327
363.0,24.2192364746751,15.708003134990175,15.109733315660831,-128.9602426696129,nan,nan,6.458893287098964,0.8615767515861216,nan,nan,nan,nan,8.387328353731357,0.641913268198651,0.0,0.0001438705520582356,0.0,6.48425103643676e-05,nan,nan,0.0,0.00016843126281179067,0.0,0.00010395968889099045,0.0,9.279826742185428e-05,0.0,0.00013059785960611327
364.0,24.12847318108662,15.859282402729551,15.109733315660831,51.03975733038709,nan,nan,10.594291139491988,0.49221288391776447,4.990572699580373,0.23209341162469727,4.990572699580373,0.23209341162469727,3.7856663772896155,0.641913268198651,0.0,0.0001725493992441945,0.0,9.87535090803608e-05,nan,nan,0.0,0.0001841610799213742,0.0,0.00010395968889099045,0.0,9.279826742185428e-05,0.0,0.00013059785960611327
365.0,24.264618121469336,15.783642768859863,15.160083249798962,-69.52844430016033,nan,nan,13.262589607296018,0.3182734600377958,5.081689357167247,0.23209341162469727,5.081689357167247,0.23209341162469727,3.110707178321294,0.641913268198651,0.0,0.00017455203148450323,0.0008207542747697443,0.00010395968889099045,nan,nan,0.0,0.0001907044263837873,0.0008207542747697443,0.00010395968889099045,0.0009607709005602683,9.279826742185428e-05,0.0004440873063518711,0.00013059785960611327
366.0,24.083091534292382,15.783642768859863,15.160083249798962,110.47155569983967,nan,nan,3.2162303823441305,0.3186420209205626,3.2872773418280237,0.23209341162469727,3.2872773418280237,0.23209341162469727,0.0,0.641913268198651,nan,nan,0.0,7.865428219072728e-05,nan,nan,nan,nan,0.0,0.00010395968889099045,0.0,9.279826742185428e-05,0.0,0.00013059785960611327
367.0,24.14208767512489,15.700439171603207,15.223353104317,-179.4671542506848,nan,nan,1.8275431938837052,0.5690611456766076,2.264784696018892,0.23209341162469727,2.264784696018892,0.23209341162469727,2.883647869007474,0.641913268198651,0.0,nan,0.0,7.142283544146576e-05,nan,nan,0.0,0.00016825854594232766,0.0,0.00010395968889099045,0.0,9.279826742185428e-05,0.0,0.00013059785960611327
368.0,24.205621980636828,15.866846366116519,15.223353104317,0.5328457493152052,nan,nan,6.550217057837593,0.7905117396303737,1.6265114274134485,0.23209341162469727,1.6265114274134485,0.23209341162469727,2.109923188201475,0.641913268198651,0.0,nan,0.0,9.833577166772383e-05,nan,nan,0.0,0.0001680101845574362,0.0,0.00010395968889099045,0.0,9.279826742185428e-05,0.0,0.00013059785960611327
369.0,24.23285096871337,15.851718439342582,15.243362917903168,-19.342302274881238,nan,nan,4.027465987398845,0.4841550205230896,2.099748295290536,0.23209341162469727,2.099748295290536,0.23209341162469727,0.0,0.641913268198651,nan,nan,0.0,9.743700536926852e-05,nan,nan,nan,nan,0.0,0.00010395968889099045,0.0,9.279826742185428e-05,0.0,0.00013059785960611327
370.0,24.114858687048347,15.715567098377145,15.243362917903168,160.65769772511877,nan,nan,4.662355047967221,0.5782304207634436,2.485065327498326,0.23209341162469732,2.485065327498326,0.23209341162469732,0.0,0.641913268198651,0.0,0.00016492802030980788,0.0,0.00010395968889099045,nan,nan,0.0,0.00018202781191078104,0.0,0.00010395968889099045,0.0,9.279826742185428e-05,0.0,0.00013059785960611327
371.0,24.205621980636828,15.700439171603207,15.303059785662816,-138.78271449838311,nan,nan,5.084698075185501,0.7505777293161526,3.446244588783909,0.23209341162469727,3.446244588783909,0.23209341162469727,5.378442904783495,0.641913268198651,0.0,0.00014072603881699143,0.0,7.431355431924927e-05,nan,nan,0.0,0.0001667705483077572,0.0,0.00010395968889099045,0.0,9.279826742185428e-05,0.0,0.00013059785960611327
372.0,24.14208767512489,15.866846366116519,15.303059785662816,41.2172855016169,nan,nan,10.206286124495174,0.5935512173164977,2.956151090095766,0.23209341162469727,2.956151090095766,0.23209341162469727,2.346330649554307,0.641913268198651,0.0,0.0001591621488305318,0.0,0.00010395968889099045,nan,nan,0.0,0.00016876215841396015,0.0,0.00010395968889099045,0.0,9.279826742185428e-05,0.0,0.00013059785960611327
373.0,24.264618121469336,15.7987706956338,15.36121141804898,-59.776338953335575,nan,nan,10.326037710303346,0.2563754701390086,2.6570286353699717,0.23209341162469727,2.6570286353699717,0.23209341162469727,0.0,0.641913268198651,0.0,0.00016560746891584096,0.0,0.00010395968889099045,nan,nan,0.0,0.00018867871182071642,0.0,0.00010395968889099045,0.0,9.279826742185428e-05,0.0,0.00013059785960611327
374.0,24.083091534292382,15.768514842085926,15.36121141804898,120.22366104666443,nan,nan,3.1585119531526784,0.40261073583509194,2.415984280856462,0.23209341162469724,2.415984280856462,0.23209341162469724,0.0,0.641913268198651,nan,nan,0.0,9.049407718542838e-05,nan,nan,nan,nan,0.0,0.00010395968889099045,0.0,9.279826742185428e-05,0.0,0.00013059785960611327
375.0,24.23285096871337,15.715567098377145,15.364154739091441,-119.17721435830016,nan,nan,7.500828641141302,0.5316967129930216,4.321365245824066,0.23209341162469718,4.321365245824066,0.23209341162469718,3.1640931560436827,0.641913268198651,0.0,0.00014949430949258351,0.0,8.892701979960775e-05,nan,nan,0.0,0.00016868664303930106,0.0,0.00010395968889099045,0.0,9.279826742185428e-05,0.0,0.00013059785960611327
376.0,24.114858687048347,15.851718439342582,15.364154739091441,60.82278564169984,nan,nan,9.65586503357935,0.37466425384515933,3.354315598507569,0.23209341162469738,3.354315598507569,0.23209341162469738,2.6678356970158816,0.641913268198651,0.0,0.00017501794371324868,0.0,9.978477758306005e-05,nan,nan,0.0,0.00018326068231228006,0.0,0.00010395968889099045,0.0,9.279826742185428e-05,0.0,0.00013059785960611327
377.0,24.264618121469336,15.768514842085926,15.4022983663149,-79.25428194435366,nan,nan,11.335818867565782,0.4264629970046973,4.660415595592788,0.23209341162469718,4.660415595592788,0.23209341162469718,4.6272994941431635,0.641913268198651,0.0,nan,0.0,0.00010003490564803592,nan,nan,0.0,0.00019183459724515727,0.0,0.00010395968889099045,0.0,9.279826742185428e-05,0.0,0.00013059785960611327
378.0,24.083091534292382,15.7987706956338,15.4022983663149,100.74571805564634,nan,nan,2.865625352960638,0.3343257865308719,1.859505810513595,0.23209341162469732,1.859505810513595,0.23209341162469732,0.0,0.641913268198651,nan,nan,0.0,0.00010395968889099045,nan,nan,nan,nan,0.0,0.00010395968889099045,0.0,9.279826742185428e-05,0.0,0.00013059785960611327
379.0,24.17385482788086,15.692875208216238,15.612319892945916,-159.06946904041675,nan,nan,0.0,0.6496963818626024,1.4386370528790764,0.23209341162469727,1.4386370528790764,0.23209341162469727,0.0,0.641913268198651,0.0,nan,0.0,0.00010210473897705195,nan,nan,0.0,0.00016476198754600754,0.0,0.00010395968889099045,0.0,9.279826742185428e-05,0.0,0.00013059785960611327
380.0,24.17385482788086,15.874410329503489,15.612319892945916,20.93053095958326,nan,nan,12.481745943285329,1.105490978599619,3.1976348339813634,0.23209341162469724,3.1976348339813634,0.23209341162469724,nan,nan,0.0,nan,0.0,nan,nan,nan,0.0,0.0001693848783357671,0.0,0.00010395968889099045,0.0,9.279826742185428e-05,0.0,0.00013059785960611327
381.0,24.25554179211049,15.829026549181675,15.664946293293092,-39.64057021720311,nan,nan,4.661743502676143,0.5019485541734984,1.3581138032865583,0.23209341162469727,1.3581138032865583,0.23209341162469727,0.0,0.641913268198651,0.0,nan,0.0,0.00010395968889099045,nan,nan,0.0,0.0001812049223420678,0.0,0.00010395968889099045,0.0,9.279826742185428e-05,0.0,0.00013059785960611327
382.0,24.09216786365123,15.738258988538051,15.664946293293092,140.3594297827969,nan,nan,8.166234167296771,0.41721040125541914,1.5654418913544468,0.23209341162469724,1.5654418913544468,0.23209341162469724,1.9291152849237838,0.641913268198651,0.0,nan,0.0,9.73405168229342e-05,nan,nan,0.0,0.0001652255027164349,0.0,0.00010395968889099045,0.0,9.279826742185428e-05,0.0,0.00013059785960611327
383.0,24.16477849852201,15.692875208216238,15.67366007225456,-164.61980559319497,nan,nan,3.4980121349271607,0.6374373715020797,1.6761899813065082,0.23209341162469727,1.6761899813065082,0.23209341162469727,0.0,0.641913268198651,0.0,nan,0.0,9.552884619997154e-05,nan,nan,0.0,0.00016462539804731516,0.0,0.00010395968889099045,0.0,9.279826742185428e-05,0.0,0.00013059785960611327
384.0,24.182931157239707,15.874410329503489,15.67366007225456,15.38019440680506,nan,nan,8.80474320285509,1.146011889780644,2.5752453837286686,0.23209341162469732,2.5752453837286686,0.23209341162469732,0.0,0.641913268198651,0.0,nan,0.0,0.00010395968889099045,nan,nan,0.0,0.0001692726390845461,0.0,0.00010395968889099045,0.0,9.279826742185428e-05,0.0,0.00013059785960611327
385.0,24.182931157239707,15.692875208216238,15.697834478092185,-153.52770668937504,nan,nan,2.6912622633484826,0.7345868809789459,1.2727702281699635,0.23209341162469732,1.2727702281699635,0.23209341162469732,0.0,0.641913268198651,0.0,nan,0.0,9.937452254271968e-05,nan,nan,0.0,0.0001650105123610291,0.0,0.00010395968889099045,0.0,9.279826742185428e-05,0.0,0.00013059785960611327
386.0,24.16477849852201,15.874410329503489,15.697834478092185,26.47229331062497,nan,nan,10.884040563418473,0.8397967577427654,3.1226150823799284,0.23209341162469732,3.1226150823799284,0.23209341162469732,2.4140978684232963,0.641913268198651,0.0,nan,0.0,0.00010395968889099045,nan,nan,0.0,0.0001696374919784148,0.0,0.00010395968889099045,0.0,9.279826742185428e-05,0.0,0.00013059785960611327
387.0,24.251003627431064,15.836590512568645,15.719780506340145,-34.125217978810525,nan,nan,5.695405341841511,0.6955667055053473,1.535795274090572,0.23209341162469727,1.535795274090572,0.23209341162469727,0.0,0.641913268198651,0.0,nan,0.0,0.00010395968889099045,nan,nan,0.0,0.00017583395517153724,0.0,0.00010395968889099045,0.0,9.279826742185428e-05,0.0,0.00013059785960611327
388.0,24.096706028330654,15.730695025151082,15.719780506340145,145.87478202118947,nan,nan,8.628067325474902,0.5287218054326082,1.8787019257810065,0.23209341162469727,1.8787019257810065,0.23209341162469727,0.0,0.641913268198651,0.0,0.0001480922032733103,0.0,0.00010395968889099045,nan,nan,0.0,0.00016907807380796383,0.0,0.00010395968889099045,0.0,9.279826742185428e-05,0.0,0.00013059785960611327
389.0,24.260079956789912,15.821462585794707,15.75549638676658,-45.14338116404361,nan,nan,5.254032028656401,0.32931501869832813,0.9982537274798788,0.23209341162469724,0.9982537274798788,0.23209341162469724,0.0,0.641913268198651,0.0,nan,0.0,8.312227124450857e-05,nan,nan,0.0,0.00018630527989692627,0.0,0.00010395968889099045,0.0,9.279826742185428e-05,0.0,0.00013059785960611327
390.0,24.087629698971806,15.74582295192502,15.75549638676658,134.8566188359564,nan,nan,7.4620450255442945,0.3725740462581957,nan,nan,nan,nan,nan,nan,nan,nan,0.0,nan,nan,nan,nan,nan,0.0,0.00010395968889099045,0.0,9.279826742185428e-05,0.0,0.00013059785960611327
391.0,24.25554179211049,15.738258988538051,15.773499451809199,-99.18994792566998,nan,nan,9.42309690238397,0.567717187180614,4.256071858175525,0.23209341162469727,4.256071858175525,0.23209341162469727,2.3547417102240944,0.641913268198651,0.0,nan,0.0,9.660472640101498e-05,nan,nan,0.0,0.00018337622151610777,0.0,0.00010395968889099045,0.0,9.279826742185428e-05,0.0,0.00013059785960611327
392.0,24.09216786365123,15.829026549181675,15.773499451809199,80.81005207433002,nan,nan,4.318099322811629,0.532755225626627,1.5989734360118957,0.23209341162469727,1.5989734360118957,0.23209341162469727,0.0,0.641913268198651,0.0,0.00015738244857278245,0.0,0.00010172475614019102,nan,nan,0.0,0.00016650054708232362,0.0,0.00010395968889099045,0.0,9.279826742185428e-05,0.0,0.00013059785960611327
393.0,24.214698309995676,15.866846366116519,15.804718773767046,-4.640629409502975,nan,nan,6.298910172691427,0.6579465668256583,2.031780403933577,0.23209341162469727,2.031780403933577,0.23209341162469727,2.129817578109131,0.641913268198651,nan,nan,0.0,9.965584363214032e-05,nan,nan,nan,nan,0.0,0.00010395968889099045,0.0,9.279826742185428e-05,0.0,0.00013059785960611327
394.0,24.133011345766043,15.700439171603207,15.804718773767046,175.35937059049704,nan,nan,3.2261982715737143,0.5615238944307451,1.7850957210659748,0.23209341162469727,1.7850957210659748,0.23209341162469727,0.0,0.641913268198651,0.0,nan,0.0,8.896523083893346e-05,nan,nan,0.0,0.00018088940151041955,0.0,0.00010395968889099045,0.0,9.279826742185428e-05,0.0,0.00013059785960611327
395.0,24.228312804033948,15.859282402729551,15.814840909875345,-14.178952624644825,nan,nan,3.385867114846012,0.6163497543078114,1.41336158991697,0.23209341162469727,1.41336158991697,0.23209341162469727,0.0,0.641913268198651,nan,nan,0.0,0.00010391806537013623,nan,nan,nan,nan,0.0,0.00010395968889099045,0.0,9.279826742185428e-05,0.0,0.00013059785960611327
396.0,24.11939685172777,15.708003134990175,15.814840909875345,165.8210473753552,nan,nan,4.5681581118839665,0.4157632763558905,1.9339390532280278,0.23209341162469727,1.9339390532280278,0.23209341162469727,0.0,0.641913268198651,0.0,0.00015554180770963714,0.0,0.00010395968889099045,nan,nan,0.0,0.00017813817693023817,0.0,0.00010395968889099045,0.0,9.279826742185428e-05,0.0,0.00013059785960611327
397.0,24.251003627431064,15.730695025151082,15.838934178286792,-104.62589786181927,nan,nan,10.38380986793956,0.6751064242685187,5.3891370380563,0.23209341162469727,5.3891370380563,0.23209341162469727,2.79876115625112,0.641913268198651,0.0,0.00015653596698825693,0.0,0.00010181823123679168,nan,nan,0.0,0.00017852469575384782,0.0,0.00010395968889099045,0.0,9.279826742185428e-05,0.0,0.00013059785960611327
