PHANGS/NGC0628_gauss_1p5kpc.ecsv
# %ECSV 1.0
# ---
# datatype:
# - {name: ID, datatype: float64, format: .0f, description: Aperture ID}
# - {name: RA, unit: deg, datatype: float64, format: .5f, description: Right Ascension of the aperture center}
# - {name: DEC, unit: deg, datatype: float64, format: .5f, description: Declination of the aperture center}
# - {name: r_gal, unit: kpc, datatype: float64, format: .2f, description: Deprojected galactocentric radius}
# - {name: phi_gal, unit: deg, datatype: float64, format: .2f, description: Deprojected azimuthal angle (0 = receding major axis)}
# - {name: Sigma_mol_gauss, unit: solMass / pc2, datatype: float64, format: .3e, description: Kernel-average molecular gas surface density
#     (S20 alphaCO)}
# - {name: e_Sigma_mol_gauss, unit: solMass / pc2, datatype: float64, format: .1e, description: Stats error on kernel-average molecular
#     gas surface density (S20 alphaCO)}
# - {name: Sigma_atom_gauss, unit: solMass / pc2, datatype: float64, format: .3e, description: Kernel-average atomic gas surface density
#     (PHANGS-HI)}
# - {name: e_Sigma_atom_gauss, unit: solMass / pc2, datatype: float64, format: .1e, description: Stats error on kernel-average atomic
#     gas surface density (PHANGS-HI)}
# - {name: Sigma_star_gauss, unit: solMass / pc2, datatype: float64, format: .3e, description: Kernel-average stellar mass surface density
#     (fiducial)}
# - {name: e_Sigma_star_gauss, unit: solMass / pc2, datatype: float64, format: .1e, description: Stats error on kernel-average stellar
#     mass surface density (fiducial)}
# - {name: Sigma_star_3p6um_gauss, unit: solMass / pc2, datatype: float64, format: .3e, description: Kernel-average stellar mass surface
#     density (3.6um + varying M/L; Leroy+21)}
# - {name: e_Sigma_star_3p6um_gauss, unit: solMass / pc2, datatype: float64, format: .1e, description: Stats error on kernel-average stellar
#     mass surface density (3.6um + varying M/L; Leroy+21)}
# - {name: Sigma_star_3p4um_gauss, unit: solMass / pc2, datatype: float64, format: .3e, description: Kernel-average stellar mass surface
#     density (3.4um + varying M/L; Leroy+21)}
# - {name: e_Sigma_star_3p4um_gauss, unit: solMass / pc2, datatype: float64, format: .1e, description: Stats error on kernel-average stellar
#     mass surface density (3.4um + varying M/L; Leroy+21)}
# - {name: Sigma_SFR_HaW4recal_gauss, unit: solMass / (kpc2 yr), datatype: float64, format: .3e, description: Kernel-average SFR surface
#     density (recalibrated Halpha + WISE4; Belfiore+22)}
# - {name: e_Sigma_SFR_HaW4recal_gauss, unit: solMass / (kpc2 yr), datatype: float64, format: .1e, description: Stats error on kernel-average
#     SFR surface density (recalibrated Halpha + WISE4; Belfiore+22)}
# - {name: Sigma_SFR_FUVW4recal_gauss, unit: solMass / (kpc2 yr), datatype: float64, format: .3e, description: Kernel-average SFR surface
#     density (recalibrated GALEX FUV + WISE4; Belfiore+22)}
# - {name: e_Sigma_SFR_FUVW4recal_gauss, unit: solMass / (kpc2 yr), datatype: float64, format: .1e, description: Stats error on kernel-average
#     SFR surface density (recalibrated GALEX FUV + WISE4; Belfiore+22)}
# - {name: Sigma_SFR_Hacorr_gauss, unit: solMass / (kpc2 yr), datatype: float64, format: .3e, description: Kernel-average SFR surface
[...]
#       value: !astropy.table.SerializedColumn {name: e_Sigma_mol_gauss}
#     e_Sigma_star_3p4um_gauss:
#       __class__: astropy.units.quantity.Quantity
#       unit: !astropy.units.Unit {unit: solMass / pc2}
#       value: !astropy.table.SerializedColumn {name: e_Sigma_star_3p4um_gauss}
#     e_Sigma_star_3p6um_gauss:
#       __class__: astropy.units.quantity.Quantity
#       unit: !astropy.units.Unit {unit: solMass / pc2}
#       value: !astropy.table.SerializedColumn {name: e_Sigma_star_3p6um_gauss}
#     e_Sigma_star_gauss:
#       __class__: astropy.units.quantity.Quantity
#       unit: !astropy.units.Unit {unit: solMass / pc2}
#       value: !astropy.table.SerializedColumn {name: e_Sigma_star_gauss}
#     phi_gal:
#       __class__: astropy.units.quantity.Quantity
#       unit: *id001
#       value: !astropy.table.SerializedColumn {name: phi_gal}
#     r_gal:
#       __class__: astropy.units.quantity.Quantity
#       unit: !astropy.units.Unit {unit: kpc}
#       value: !astropy.table.SerializedColumn {name: r_gal}
# schema: astropy-2.0
ID,RA,DEC,r_gal,phi_gal,Sigma_mol_gauss,e_Sigma_mol_gauss,Sigma_atom_gauss,e_Sigma_atom_gauss,Sigma_star_gauss,e_Sigma_star_gauss,Sigma_star_3p6um_gauss,e_Sigma_star_3p6um_gauss,Sigma_star_3p4um_gauss,e_Sigma_star_3p4um_gauss,Sigma_SFR_HaW4recal_gauss,e_Sigma_SFR_HaW4recal_gauss,Sigma_SFR_FUVW4recal_gauss,e_Sigma_SFR_FUVW4recal_gauss,Sigma_SFR_Hacorr_gauss,e_Sigma_SFR_Hacorr_gauss,Sigma_SFR_HaW4_gauss,e_Sigma_SFR_HaW4_gauss,Sigma_SFR_FUVW4_gauss,e_Sigma_SFR_FUVW4_gauss,Sigma_SFR_NUVW4_gauss,e_Sigma_SFR_NUVW4_gauss,Sigma_SFR_W4ONLY_gauss,e_Sigma_SFR_W4ONLY_gauss
[from data line 443]
443.0,24.21016014531625,15.692875208216238,16.79386217593193,-137.90325737868412,nan,nan,11.868612735561273,0.519977553813603,3.7781332127021807,0.23209341162469727,3.7781332127021807,0.23209341162469727,4.940688211297776,0.641913268198651,0.0,0.0001473126189201052,0.0,9.786810485391749e-05,nan,nan,0.0,0.00016722344631936388,0.0,0.00010395968889099045,0.0,9.279826742185428e-05,0.0,0.00013059785960611327
444.0,24.137549510445467,15.874410329503489,16.79386217593193,42.09674262131588,nan,nan,11.182290782513117,0.4982766251444686,2.1892869092317055,0.23209341162469727,2.1892869092317055,0.23209341162469727,0.0,0.641913268198651,0.0,0.00016952988651350567,0.0,0.00010395968889099045,nan,nan,0.0,0.00017802690662152917,0.0,0.00010395968889099045,0.0,9.279826742185428e-05,0.0,0.00013059785960611327
445.0,24.237389133392796,15.708003134990175,16.855111391850535,-120.04999071161944,nan,nan,9.360045011542484,0.622299003027422,3.2144342658902194,0.23209341162469727,3.2144342658902194,0.23209341162469727,1.928369848737741,0.641913268198651,0.0,0.00015817321964438114,0.0,9.731463579702539e-05,nan,nan,0.0,0.00016847751296822383,0.0,0.00010395968889099045,0.0,9.279826742185428e-05,0.0,0.00013059785960611327
446.0,24.110320522368923,15.859282402729551,16.855111391850535,59.95000928838057,nan,nan,9.482353331324944,0.30637304457101117,1.867287934942132,0.23209341162469724,1.867287934942132,0.23209341162469724,2.2419026012584804,0.641913268198651,0.0,0.00017250349140053548,0.0,0.00010395968889099045,nan,nan,0.0,0.0001808608625582748,0.0,0.00010395968889099045,0.0,9.279826742185428e-05,0.0,0.00013059785960611327
447.0,24.273694450828184,15.7987706956338,16.85726915496179,-60.649170802843365,nan,nan,6.590383097567453,0.20710562420303738,1.1411833730768755,0.23209341162469727,1.1411833730768755,0.23209341162469727,0.0,0.641913268198651,nan,nan,0.0,0.00010395968889099045,nan,nan,nan,nan,0.0,0.00010395968889099045,0.0,9.279826742185428e-05,0.0,0.00013059785960611327
448.0,24.074015204933534,15.768514842085926,16.85726915496179,119.35082919715663,nan,nan,2.9075503646710152,0.48323318379273655,2.1037636285488195,0.23209341162469727,2.1037636285488195,0.23209341162469727,0.0,0.641913268198651,nan,nan,0.0,9.149578612668219e-05,nan,nan,nan,nan,0.0,0.00010395968889099045,0.0,9.279826742185428e-05,0.0,0.00013059785960611327
449.0,24.273694450828184,15.768514842085926,16.8984585087313,-78.38590060947168,nan,nan,13.485792168513058,0.39480810651105747,3.335653665248938,0.23209341162469727,3.335653665248938,0.23209341162469727,6.126162423124513,0.641913268198651,nan,nan,0.0,8.74137990683696e-05,nan,nan,nan,nan,0.0,0.00010395968889099045,0.0,9.279826742185428e-05,0.0,0.00013059785960611327
450.0,24.074015204933534,15.7987706956338,16.8984585087313,101.61409939052832,nan,nan,1.9494234358822566,0.4237169975232306,1.6759684811901836,0.23209341162469732,1.6759684811901836,0.23209341162469732,0.0,0.641913268198651,nan,nan,0.0,0.00010395968889099045,nan,nan,nan,nan,0.0,0.00010395968889099045,0.0,9.279826742185428e-05,0.0,0.00013059785960611327
451.0,24.169316663201435,15.685311244829268,16.924256713655282,-161.63641058301073,nan,nan,4.441792580002177,0.6722845536026496,1.64060839177029,0.23209341162469732,1.64060839177029,0.23209341162469732,0.0,0.641913268198651,nan,nan,0.0,nan,nan,nan,nan,nan,0.0,0.00010395968889099045,0.0,9.279826742185428e-05,0.0,0.00013059785960611327
452.0,24.178392992560283,15.881974292890458,16.924256713655282,18.363589416989278,nan,nan,12.275229524255561,0.5765712151074396,2.466154615828632,0.23209341162469727,2.466154615828632,0.23209341162469727,nan,nan,0.0,nan,0.0,nan,nan,nan,0.0,0.00018002294046832272,0.0,0.00010395968889099045,0.0,9.279826742185428e-05,0.0,0.00013059785960611327
453.0,24.178392992560283,15.685311244829268,16.936388587847677,-156.50436747933745,nan,nan,3.656928094516576,0.7483247815029275,1.3226493352490507,0.23209341162469727,1.3226493352490507,0.23209341162469727,0.0,0.641913268198651,nan,nan,0.0,nan,nan,nan,nan,nan,0.0,0.00010395968889099045,0.0,9.279826742185428e-05,0.0,0.00013059785960611327
454.0,24.169316663201435,15.881974292890458,16.936388587847677,23.49563252066254,nan,nan,8.674271983480883,0.5177258526809492,2.1330539881535486,0.23209341162469732,2.1330539881535486,0.23209341162469732,nan,nan,0.0,nan,0.0,nan,nan,nan,0.0,0.00017964356144086884,0.0,0.00010395968889099045,0.0,9.279826742185428e-05,0.0,0.00013059785960611327
455.0,24.260079956789912,15.836590512568645,16.978202650287823,-37.09039213275197,nan,nan,4.014169583226298,0.6061446129943991,0.0,0.23209341162469732,0.0,0.23209341162469732,0.0,0.641913268198651,0.0,nan,0.0,9.573614061075102e-05,nan,nan,0.0,0.00018614282243461242,0.0,0.00010395968889099045,0.0,9.279826742185428e-05,0.0,0.00013059785960611327
456.0,24.087629698971806,15.730695025151082,16.978202650287823,142.90960786724804,nan,nan,7.818674723097825,0.46146794526045365,1.8197353184203662,0.23209341162469727,1.8197353184203662,0.23209341162469727,3.9077152778697464,0.641913268198651,nan,nan,0.0,7.939915323482133e-05,nan,nan,nan,nan,0.0,0.00010395968889099045,0.0,9.279826742185428e-05,0.0,0.00013059785960611327
457.0,24.264618121469336,15.829026549181675,16.99612570994546,-42.18805726762206,nan,nan,3.742812897247481,0.3757510081650953,0.9763287032373028,0.23209341162469727,0.9763287032373028,0.23209341162469727,0.0,0.641913268198651,0.0,nan,0.0,8.318022830979328e-05,nan,nan,0.0,0.00018446081222465044,0.0,0.00010395968889099045,0.0,9.279826742185428e-05,0.0,0.00013059785960611327
458.0,24.083091534292382,15.738258988538051,16.99612570994546,137.81194273237796,nan,nan,7.212273121296743,0.3589160443910019,1.7729009069141162,0.23209341162469727,1.7729009069141162,0.23209341162469727,nan,nan,nan,nan,0.0,nan,nan,nan,nan,nan,0.0,0.00010395968889099045,0.0,9.279826742185428e-05,0.0,0.00013059785960611327
459.0,24.160240333842587,15.685311244829268,17.047470038209532,-166.7349244136916,nan,nan,4.889981660103322,0.7379800482805137,1.3794728169897097,0.23209341162469727,1.3794728169897097,0.23209341162469727,0.0,0.641913268198651,nan,nan,0.0,0.00010395968889099045,nan,nan,nan,nan,0.0,0.00010395968889099045,0.0,9.279826742185428e-05,0.0,0.00013059785960611327
460.0,24.18746932191913,15.881974292890458,17.047470038209532,13.265075586308397,nan,nan,11.512022717653995,0.7969395072807892,1.9848408077561042,0.23209341162469738,1.9848408077561042,0.23209341162469738,0.0,0.641913268198651,0.0,nan,0.0,0.00010395968889099045,nan,nan,0.0,0.00017952652373108677,0.0,0.00010395968889099045,0.0,9.279826742185428e-05,0.0,0.00013059785960611327
461.0,24.18746932191913,15.685311244829268,17.083577317712628,-151.42031216709483,nan,nan,6.29990180105045,0.7531888926912604,1.753805996997418,0.23209341162469727,1.753805996997418,0.23209341162469727,0.0,0.641913268198651,nan,nan,0.0,0.00010395968889099045,nan,nan,nan,nan,0.0,0.00010395968889099045,0.0,9.279826742185428e-05,0.0,0.00013059785960611327
462.0,24.160240333842587,15.881974292890458,17.083577317712628,28.579687832905194,nan,nan,8.135391129753003,0.48555223509836737,nan,nan,nan,nan,4.3416009144657846,0.641913268198651,0.0,0.00015418837470648913,0.0,8.723389856685059e-05,nan,nan,0.0,0.00017959070816239326,0.0,0.00010395968889099045,0.0,9.279826742185428e-05,0.0,0.00013059785960611327
463.0,24.25554179211049,15.844154475955614,17.094341816449685,-32.02209265892938,nan,nan,6.37641832699412,0.5322207146650193,1.1366158528187529,0.23209341162469732,1.1366158528187529,0.23209341162469732,0.0,0.641913268198651,nan,nan,0.0,0.00010395968889099045,nan,nan,nan,nan,0.0,0.00010395968889099045,0.0,9.279826742185428e-05,0.0,0.00013059785960611327
464.0,24.09216786365123,15.723131061764112,17.094341816449685,147.97790734107062,nan,nan,7.371911519210492,0.5495644844967684,2.048178868735196,0.23209341162469738,2.048178868735196,0.23209341162469738,0.0,0.641913268198651,0.0,0.00015098671357866096,0.0,0.00010395968889099045,nan,nan,0.0,0.00016498126949573006,0.0,0.00010395968889099045,0.0,9.279826742185428e-05,0.0,0.00013059785960611327
465.0,24.260079956789912,15.730695025151082,17.101523163978005,-101.70428953309094,nan,nan,7.612560450138582,0.5985027579783164,2.654921019189952,0.23209341162469724,2.654921019189952,0.23209341162469724,0.0,0.641913268198651,0.0,0.0001758169250685376,0.0,0.00010395968889099045,nan,nan,0.0,0.00018712541113341036,0.0,0.00010395968889099045,0.0,9.279826742185428e-05,0.0,0.00013059785960611327
466.0,24.087629698971806,15.836590512568645,17.101523163978005,78.29571046690907,nan,nan,3.6267698704666778,0.5042457655113654,1.1349660432531503,0.23209341162469724,1.1349660432531503,0.23209341162469724,0.0,0.641913268198651,nan,nan,0.0,9.626633508508758e-05,nan,nan,nan,nan,0.0,0.00010395968889099045,0.0,9.279826742185428e-05,0.0,0.00013059785960611327
467.0,24.264618121469336,15.738258988538051,17.10731496621354,-96.67645811292608,nan,nan,7.546973994740129,0.42595560339222016,2.8884241931076025,0.23209341162469727,2.8884241931076025,0.23209341162469727,0.0,0.641913268198651,0.0,nan,0.0,0.0001001296757169419,nan,nan,0.0,0.00018814820033542727,0.0,0.00010395968889099045,0.0,9.279826742185428e-05,0.0,0.00013059785960611327
468.0,24.083091534292382,15.829026549181675,17.10731496621354,83.32354188707393,nan,nan,2.2941431907009244,0.4852674236392619,0.9763292248416948,0.23209341162469727,0.9763292248416948,0.23209341162469727,0.0,0.641913268198651,nan,nan,0.0,8.9630161496836e-05,nan,nan,nan,nan,0.0,0.00010395968889099045,0.0,9.279826742185428e-05,0.0,0.00013059785960611327
469.0,24.26915628614876,15.821462585794707,17.14769062817819,-47.2352056298575,nan,nan,4.160090681526921,0.2783651177649501,0.0,0.23209341162469727,0.0,0.23209341162469727,0.0,0.641913268198651,0.0,nan,0.0,8.48598860083928e-05,nan,nan,0.0,0.00017986397343171883,0.0,0.00010395968889099045,0.0,9.279826742185428e-05,0.0,0.00013059785960611327
470.0,24.07855336961296,15.74582295192502,17.14769062817819,132.7647943701425,nan,nan,6.24463204419692,0.3740285599291136,nan,nan,nan,nan,0.0,0.641913268198651,nan,nan,0.0,0.00010395968889099045,nan,nan,nan,nan,0.0,0.00010395968889099045,0.0,9.279826742185428e-05,0.0,0.00013059785960611327
471.0,24.25554179211049,15.723131061764112,17.226922115792416,-106.69712359383666,nan,nan,10.476175227085044,0.6704008326967145,2.9102536778156782,0.23209341162469727,2.9102536778156782,0.23209341162469727,0.0,0.641913268198651,0.0,0.00017261352024087743,0.0,0.00010395968889099045,nan,nan,0.0,0.000180965810113116,0.0,0.00010395968889099045,0.0,9.279826742185428e-05,0.0,0.00013059785960611327
472.0,24.09216786365123,15.844154475955614,17.226922115792416,73.30287640616335,nan,nan,5.688206513678349,0.4470732847835573,1.200991385116031,0.23209341162469732,1.200991385116031,0.23209341162469732,0.0,0.641913268198651,0.0,0.000158229675933173,0.0,9.997203181550959e-05,nan,nan,0.0,0.00016730160610665246,0.0,0.00010395968889099045,0.0,9.279826742185428e-05,0.0,0.00013059785960611327
473.0,24.26915628614876,15.74582295192502,17.24416533378911,-91.69032220981289,nan,nan,7.240053214715644,0.3256928190863919,2.892813238274227,0.23209341162469727,2.892813238274227,0.23209341162469727,0.0,0.641913268198651,0.0,nan,0.0,0.00010395968889099045,nan,nan,0.0,0.00018184792607297206,0.0,0.00010395968889099045,0.0,9.279826742185428e-05,0.0,0.00013059785960611327
474.0,24.07855336961296,15.821462585794707,17.24416533378911,88.30967779018711,nan,nan,2.189988615692382,0.3470180116970134,0.9722717258742538,0.23209341162469732,0.9722717258742538,0.23209341162469732,2.232163620397799,0.641913268198651,nan,nan,0.0,7.9338692429229e-05,nan,nan,nan,nan,0.0,0.00010395968889099045,0.0,9.279826742185428e-05,0.0,0.00013059785960611327
475.0,24.2192364746751,15.874410329503489,17.300450727434985,-5.053920511398473,nan,nan,5.886808465900969,0.6445887116591514,1.3259434938179637,0.23209341162469732,1.3259434938179637,0.23209341162469732,0.0,0.641913268198651,nan,nan,0.0,8.868505987725685e-05,nan,nan,nan,nan,0.0,0.00010395968889099045,0.0,9.279826742185428e-05,0.0,0.00013059785960611327
476.0,24.12847318108662,15.692875208216238,17.300450727434985,174.94607948860155,nan,nan,4.650660701242522,0.5231721293499599,2.2320080071064896,0.23209341162469724,2.2320080071064896,0.23209341162469724,0.0,0.641913268198651,0.0,nan,0.0,9.38462790249407e-05,nan,nan,0.0,0.0001797780299302896,0.0,0.00010395968889099045,0.0,9.279826742185428e-05,0.0,0.00013059785960611327
477.0,24.15116400448374,15.685311244829268,17.30313747793777,-171.72151193820696,nan,nan,4.840910230461428,0.7027425362362243,1.4080017788351011,0.23209341162469727,1.4080017788351011,0.23209341162469727,0.0,0.641913268198651,nan,nan,0.0,0.00010395968889099045,nan,nan,nan,nan,0.0,0.00010395968889099045,0.0,9.279826742185428e-05,0.0,0.00013059785960611327
478.0,24.19654565127798,15.881974292890458,17.30313747793777,8.278488061793048,nan,nan,10.870478815025727,0.7620074183219747,1.6912319235045736,0.23209341162469718,1.6912319235045736,0.23209341162469718,2.356008001971602,0.641913268198651,0.0,nan,0.0,0.00010395968889099045,nan,nan,0.0,0.00017982773597525968,0.0,0.00010395968889099045,0.0,9.279826742185428e-05,0.0,0.00013059785960611327
479.0,24.23285096871337,15.866846366116519,17.3105786883226,-13.766167705395524,nan,nan,5.462876050198452,0.8505414610473697,1.3562268315485384,0.23209341162469727,1.3562268315485384,0.23209341162469727,0.0,0.641913268198651,nan,nan,0.0,8.578292104633234e-05,nan,nan,nan,nan,0.0,0.00010395968889099045,0.0,9.279826742185428e-05,0.0,0.00013059785960611327
480.0,24.114858687048347,15.700439171603207,17.3105786883226,166.23383229460447,nan,nan,5.253820840464319,0.5012368057950939,1.706410455386965,0.23209341162469738,1.706410455386965,0.23209341162469738,0.0,0.641913268198651,0.0,nan,0.0,8.797982829552675e-05,nan,nan,0.0,0.00018190102089158798,0.0,0.00010395968889099045,0.0,9.279826742185428e-05,0.0,0.00013059785960611327
481.0,24.251003627431064,15.851718439342582,17.341849954903928,-27.060341478793788,nan,nan,9.334699141487116,0.4856148755693317,1.497034392889002,0.23209341162469727,1.497034392889002,0.23209341162469727,0.0,0.641913268198651,nan,nan,0.0,0.00010395968889099045,nan,nan,nan,nan,0.0,0.00010395968889099045,0.0,9.279826742185428e-05,0.0,0.00013059785960611327
482.0,24.096706028330654,15.715567098377145,17.341849954903928,152.9396585212062,nan,nan,7.385755585507278,0.584035246857645,2.2553396861405877,0.23209341162469727,2.2553396861405877,0.23209341162469727,0.0,0.641913268198651,0.0,0.00015983713270140433,0.0,0.00010395968889099045,nan,nan,0.0,0.00016917963863489064,0.0,0.00010395968889099045,0.0,9.279826742185428e-05,0.0,0.00013059785960611327
483.0,24.19654565127798,15.685311244829268,17.362388430880433,-146.46131452746266,nan,nan,9.46522314745147,0.6139714329789631,2.837415150748982,0.23209341162469727,2.837415150748982,0.23209341162469727,nan,nan,nan,nan,0.0,nan,nan,nan,nan,nan,0.0,0.00010395968889099045,0.0,9.279826742185428e-05,0.0,0.00013059785960611327
484.0,24.15116400448374,15.881974292890458,17.362388430880433,33.538685472537345,nan,nan,8.44180554520321,0.46841499066428427,nan,nan,nan,nan,3.851391092185395,0.641913268198651,0.0,0.0001583336702907677,0.0,8.505074900521811e-05,nan,nan,0.0,0.00017946778633009226,0.0,0.00010395968889099045,0.0,9.279826742185428e-05,0.0,0.00013059785960611327
485.0,24.2192364746751,15.692875208216238,17.409696481483255,-133.26012151500535,nan,nan,13.358977384417345,0.41382159750629266,nan,nan,nan,nan,4.131397504646006,0.641913268198651,0.0,0.0001545319787518343,0.0,0.00010395968889099045,nan,nan,0.0,0.00016852958617976998,0.0,0.00010395968889099045,0.0,9.279826742185428e-05,0.0,0.00013059785960611327
