PHANGS/NGC0685_gauss_1p5kpc.ecsv
# %ECSV 1.0
# ---
# datatype:
# - {name: ID, datatype: float64, format: .0f, description: Aperture ID}
# - {name: RA, unit: deg, datatype: float64, format: .5f, description: Right Ascension of the aperture center}
# - {name: DEC, unit: deg, datatype: float64, format: .5f, description: Declination of the aperture center}
# - {name: r_gal, unit: kpc, datatype: float64, format: .2f, description: Deprojected galactocentric radius}
# - {name: phi_gal, unit: deg, datatype: float64, format: .2f, description: Deprojected azimuthal angle (0 = receding major axis)}
# - {name: Sigma_mol_gauss, unit: solMass / pc2, datatype: float64, format: .3e, description: Kernel-average molecular gas surface density
#     (S20 alphaCO)}
# - {name: e_Sigma_mol_gauss, unit: solMass / pc2, datatype: float64, format: .1e, description: Stats error on kernel-average molecular
#     gas surface density (S20 alphaCO)}
# - {name: Sigma_atom_gauss, unit: solMass / pc2, datatype: float64, format: .3e, description: Kernel-average atomic gas surface density
#     (PHANGS-HI)}
# - {name: e_Sigma_atom_gauss, unit: solMass / pc2, datatype: float64, format: .1e, description: Stats error on kernel-average atomic
#     gas surface density (PHANGS-HI)}
# - {name: Sigma_star_gauss, unit: solMass / pc2, datatype: float64, format: .3e, description: Kernel-average stellar mass surface density
#     (fiducial)}
# - {name: e_Sigma_star_gauss, unit: solMass / pc2, datatype: float64, format: .1e, description: Stats error on kernel-average stellar
#     mass surface density (fiducial)}
# - {name: Sigma_star_3p6um_gauss, unit: solMass / pc2, datatype: float64, format: .3e, description: Kernel-average stellar mass surface
#     density (3.6um + varying M/L; Leroy+21)}
# - {name: e_Sigma_star_3p6um_gauss, unit: solMass / pc2, datatype: float64, format: .1e, description: Stats error on kernel-average stellar
#     mass surface density (3.6um + varying M/L; Leroy+21)}
# - {name: Sigma_star_3p4um_gauss, unit: solMass / pc2, datatype: float64, format: .3e, description: Kernel-average stellar mass surface
#     density (3.4um + varying M/L; Leroy+21)}
# - {name: e_Sigma_star_3p4um_gauss, unit: solMass / pc2, datatype: float64, format: .1e, description: Stats error on kernel-average stellar
#     mass surface density (3.4um + varying M/L; Leroy+21)}
# - {name: Sigma_SFR_HaW4recal_gauss, unit: solMass / (kpc2 yr), datatype: float64, format: .3e, description: Kernel-average SFR surface
#     density (recalibrated Halpha + WISE4; Belfiore+22)}
# - {name: e_Sigma_SFR_HaW4recal_gauss, unit: solMass / (kpc2 yr), datatype: float64, format: .1e, description: Stats error on kernel-average
#     SFR surface density (recalibrated Halpha + WISE4; Belfiore+22)}
# - {name: Sigma_SFR_FUVW4recal_gauss, unit: solMass / (kpc2 yr), datatype: float64, format: .3e, description: Kernel-average SFR surface
#     density (recalibrated GALEX FUV + WISE4; Belfiore+22)}
# - {name: e_Sigma_SFR_FUVW4recal_gauss, unit: solMass / (kpc2 yr), datatype: float64, format: .1e, description: Stats error on kernel-average
#     SFR surface density (recalibrated GALEX FUV + WISE4; Belfiore+22)}
# - {name: Sigma_SFR_Hacorr_gauss, unit: solMass / (kpc2 yr), datatype: float64, format: .3e, description: Kernel-average SFR surface
[...]
#       value: !astropy.table.SerializedColumn {name: e_Sigma_mol_gauss}
#     e_Sigma_star_3p4um_gauss:
#       __class__: astropy.units.quantity.Quantity
#       unit: !astropy.units.Unit {unit: solMass / pc2}
#       value: !astropy.table.SerializedColumn {name: e_Sigma_star_3p4um_gauss}
#     e_Sigma_star_3p6um_gauss:
#       __class__: astropy.units.quantity.Quantity
#       unit: !astropy.units.Unit {unit: solMass / pc2}
#       value: !astropy.table.SerializedColumn {name: e_Sigma_star_3p6um_gauss}
#     e_Sigma_star_gauss:
#       __class__: astropy.units.quantity.Quantity
#       unit: !astropy.units.Unit {unit: solMass / pc2}
#       value: !astropy.table.SerializedColumn {name: e_Sigma_star_gauss}
#     phi_gal:
#       __class__: astropy.units.quantity.Quantity
#       unit: *id001
#       value: !astropy.table.SerializedColumn {name: phi_gal}
#     r_gal:
#       __class__: astropy.units.quantity.Quantity
#       unit: !astropy.units.Unit {unit: kpc}
#       value: !astropy.table.SerializedColumn {name: r_gal}
# schema: astropy-2.0
ID,RA,DEC,r_gal,phi_gal,Sigma_mol_gauss,e_Sigma_mol_gauss,Sigma_atom_gauss,e_Sigma_atom_gauss,Sigma_star_gauss,e_Sigma_star_gauss,Sigma_star_3p6um_gauss,e_Sigma_star_3p6um_gauss,Sigma_star_3p4um_gauss,e_Sigma_star_3p4um_gauss,Sigma_SFR_HaW4recal_gauss,e_Sigma_SFR_HaW4recal_gauss,Sigma_SFR_FUVW4recal_gauss,e_Sigma_SFR_FUVW4recal_gauss,Sigma_SFR_Hacorr_gauss,e_Sigma_SFR_Hacorr_gauss,Sigma_SFR_HaW4_gauss,e_Sigma_SFR_HaW4_gauss,Sigma_SFR_FUVW4_gauss,e_Sigma_SFR_FUVW4_gauss,Sigma_SFR_NUVW4_gauss,e_Sigma_SFR_NUVW4_gauss,Sigma_SFR_W4ONLY_gauss,e_Sigma_SFR_W4ONLY_gauss
[from data line 191]
191.0,26.87503164021987,-52.75824548146579,11.330521051541554,-175.31587426740023,nan,nan,nan,nan,6.073125788904712,0.4382073454247688,6.073125788904712,0.4382073454247688,6.111891219898028,0.6314132789212396,0.0,nan,nan,nan,nan,nan,0.0,0.0003267339183376428,nan,nan,nan,nan,0.0,0.0004598780599998859
192.0,26.981871435952005,-52.76571081736233,11.330521051541554,4.684125732599773,nan,nan,nan,nan,3.030818757319009,0.4382073454247688,3.030818757319009,0.4382073454247688,nan,nan,nan,nan,nan,nan,nan,nan,nan,nan,nan,nan,nan,nan,0.0,0.0004598780599998859
193.0,26.921328885037127,-52.79183949300021,11.404870457050137,-87.52651930334471,nan,nan,nan,nan,0.0,0.43820734542476875,0.0,0.43820734542476875,2.3535102016002964,0.6314132789212396,nan,nan,nan,nan,nan,nan,nan,nan,nan,nan,nan,nan,0.0,0.0004598780599998859
194.0,26.935574191134748,-52.732116805827914,11.404870457050137,92.47348069665529,nan,nan,nan,nan,0.0,0.43820734542476875,0.0,0.43820734542476875,0.0,0.6314132789212396,nan,nan,nan,nan,nan,nan,nan,nan,nan,nan,nan,nan,0.0,0.0004598780599998859
195.0,26.87503164021987,-52.76571081736233,11.416499201670767,-161.10636115825034,nan,nan,nan,nan,5.948364528146981,0.43820734542476875,5.948364528146981,0.43820734542476875,5.303307994641478,0.6314132789212396,0.0,nan,nan,nan,nan,nan,0.0,0.00032673971421186157,nan,nan,nan,nan,0.0,0.0004598780599998859
196.0,26.981871435952005,-52.75824548146579,11.416499201670767,18.893638841749656,nan,nan,nan,nan,2.5160069587181337,0.4382073454247688,2.5160069587181337,0.4382073454247688,4.556415164716855,0.6314132789212396,nan,nan,nan,nan,nan,nan,nan,nan,nan,nan,nan,nan,0.0,0.0004598780599998859
197.0,26.892838272841892,-52.78437415710368,11.481653528265836,-120.86821845047699,nan,nan,nan,nan,3.246634262791199,0.43820734542476875,3.246634262791199,0.43820734542476875,2.8944623915598164,0.6314132789212396,0.0,nan,nan,nan,nan,nan,0.0,0.0003267298017561813,nan,nan,nan,nan,0.0,0.0004598780599998859
198.0,26.964064803329983,-52.73958214172445,11.481653528265836,59.131781549523026,nan,nan,nan,nan,0.0,0.43820734542476875,0.0,0.43820734542476875,3.683363550284045,0.6314132789212396,0.0,nan,nan,nan,nan,nan,0.0,0.00032675151838522143,nan,nan,nan,nan,0.0,0.0004598780599998859
199.0,26.942696844183555,-52.79183949300021,11.564400694830741,-64.87044249547735,nan,nan,nan,nan,2.048969668938407,0.4382073454247688,2.048969668938407,0.4382073454247688,2.809485634326701,0.6314132789212396,nan,nan,nan,nan,nan,nan,nan,nan,nan,nan,nan,nan,0.0,0.0004598780599998859
200.0,26.91420623198832,-52.732116805827914,11.564400694830741,115.12955750452265,nan,nan,nan,nan,0.0,0.4382073454247688,0.0,0.4382073454247688,0.0,0.6314132789212396,nan,nan,nan,nan,nan,nan,nan,nan,nan,nan,nan,nan,0.0,0.0004598780599998859
201.0,26.91420623198832,-52.79183949300021,11.74340764449947,-94.79057663868586,nan,nan,nan,nan,0.0,0.4382073454247688,0.0,0.4382073454247688,0.0,0.6314132789212396,nan,nan,nan,nan,nan,nan,nan,nan,nan,nan,nan,nan,0.0,0.0004598780599998859
202.0,26.942696844183555,-52.732116805827914,11.74340764449947,85.20942336131414,nan,nan,nan,nan,1.3641429555058104,0.438207345424769,1.3641429555058104,0.438207345424769,2.618245415994391,0.6314132789212396,nan,nan,nan,nan,nan,nan,nan,nan,nan,nan,nan,nan,0.0,0.0004598780599998859
203.0,26.960503476805577,-52.78810682505195,11.781438278904867,-44.883085149674855,nan,nan,nan,nan,2.3658085570165217,0.4382073454247689,2.3658085570165217,0.4382073454247689,2.5604794958011543,0.6314132789212396,0.0,nan,nan,nan,nan,nan,0.0,0.0003267326632295591,nan,nan,nan,nan,0.0,0.0004598780599998859
204.0,26.896399599366298,-52.73584947377618,11.781438278904867,135.11691485032514,nan,nan,nan,nan,2.5937592036972656,0.4382073454247688,2.5937592036972656,0.4382073454247688,3.233723742557833,0.6314132789212396,0.0,nan,nan,nan,nan,nan,0.0,0.00032675637007798577,nan,nan,nan,nan,0.0,0.0004598780599998859
205.0,26.9783101094276,-52.77690882120714,11.789845410755612,-16.690591720101896,nan,nan,nan,nan,1.8299629876292989,0.43820734542476875,1.8299629876292989,0.43820734542476875,2.5667032405321284,0.6314132789212396,nan,nan,nan,nan,nan,nan,nan,nan,nan,nan,nan,nan,0.0,0.0004598780599998859
206.0,26.878592966744275,-52.74704747762099,11.789845410755612,163.30940827989812,nan,nan,nan,nan,nan,nan,nan,nan,nan,nan,0.0,nan,nan,nan,nan,nan,0.0,0.0003267476814944424,nan,nan,nan,nan,0.0,0.0004598780599998859
207.0,26.974748782903195,-52.78064148915541,11.872426086348396,-24.513256646080638,nan,nan,nan,nan,2.0428457054632285,0.4382073454247688,2.0428457054632285,0.4382073454247688,2.370402623736925,0.6314132789212396,nan,nan,nan,nan,nan,nan,nan,nan,nan,nan,nan,nan,0.0,0.0004598780599998859
208.0,26.88215429326868,-52.74331480967272,11.872426086348396,155.48674335391937,nan,nan,nan,nan,5.6697010797933896,0.4382073454247688,5.6697010797933896,0.4382073454247688,5.271752975918848,0.6314132789212396,0.0,0.00012286756204448506,nan,nan,nan,nan,0.0,0.00032674492872470013,nan,nan,nan,nan,0.0,0.0004598780599998859
209.0,26.981871435952005,-52.773176153258866,11.927715591352573,-8.90441323620796,nan,nan,nan,nan,2.254132649293901,0.4382073454247688,2.254132649293901,0.4382073454247688,4.637657797520481,0.6314132789212396,nan,nan,nan,nan,nan,nan,nan,nan,nan,nan,nan,nan,0.0,0.0004598780599998859
210.0,26.87503164021987,-52.75078014556926,11.927715591352573,171.09558676379203,nan,nan,nan,nan,5.003692010126762,0.4382073454247688,5.003692010126762,0.4382073454247688,6.083051133912075,0.6314132789212396,0.0,9.953290658776139e-05,nan,nan,nan,nan,0.0,0.000326764613189647,nan,nan,nan,nan,0.0,0.0004598780599998859
211.0,26.949819497232365,-52.79183949300021,12.000615758607498,-57.861431402580045,nan,nan,nan,nan,2.720214550444855,0.4382073454247688,2.720214550444855,0.4382073454247688,2.60929892553011,0.6314132789212396,nan,nan,nan,nan,nan,nan,nan,nan,nan,nan,nan,nan,0.0,0.0004598780599998859
212.0,26.90708357893951,-52.732116805827914,12.000615758607498,122.13856859741998,nan,nan,nan,nan,0.0,0.4382073454247688,0.0,0.4382073454247688,0.0,0.6314132789212396,nan,nan,nan,nan,nan,nan,nan,nan,nan,nan,nan,nan,0.0,0.0004598780599998859
213.0,26.871470313695465,-52.76197814941406,12.038593977016063,-168.18412498803625,nan,nan,nan,nan,4.477342979523112,0.43820734542476875,4.477342979523112,0.43820734542476875,4.265276770154954,0.6314132789212396,nan,nan,nan,nan,nan,nan,nan,nan,nan,nan,nan,nan,0.0,0.0004598780599998859
214.0,26.98543276247641,-52.76197814941406,12.038593977016063,11.815875011963755,nan,nan,nan,nan,2.0173545479379125,0.4382073454247688,2.0173545479379125,0.4382073454247688,nan,nan,nan,nan,nan,nan,nan,nan,nan,nan,nan,nan,nan,nan,0.0,0.0004598780599998859
215.0,26.878592966744275,-52.77690882120714,12.095532614958193,-140.4611959653138,nan,nan,nan,nan,4.06897371376528,0.4382073454247688,4.06897371376528,0.4382073454247688,5.661171544577684,0.6314132789212396,0.0,nan,nan,nan,nan,nan,0.0,0.00032673769442710714,nan,nan,nan,nan,0.0,0.0004598780599998859
216.0,26.9783101094276,-52.74704747762099,12.095532614958193,39.538804034686194,nan,nan,nan,nan,1.370433065824158,0.4382073454247688,1.370433065824158,0.4382073454247688,0.0,0.6314132789212396,nan,nan,nan,nan,nan,nan,nan,nan,nan,nan,nan,nan,0.0,0.0004598780599998859
217.0,26.896399599366298,-52.78810682505195,12.125032954734555,-113.88124268142539,nan,nan,nan,nan,0.0,0.43820734542476875,0.0,0.43820734542476875,0.0,0.6314132789212396,0.0,nan,nan,nan,nan,nan,0.0,0.0003267284022108091,nan,nan,nan,nan,0.0,0.0004598780599998859
218.0,26.960503476805577,-52.73584947377618,12.125032954734555,66.11875731857461,nan,nan,nan,nan,0.0,0.43820734542476875,0.0,0.43820734542476875,0.0,0.6314132789212396,0.0,nan,nan,nan,nan,nan,0.0,0.00032675397533839755,nan,nan,nan,nan,0.0,0.0004598780599998859
219.0,26.97118745637879,-52.78437415710368,12.170971133277224,-32.08949863196712,nan,nan,nan,nan,2.511949142753385,0.4382073454247688,2.511949142753385,0.4382073454247688,3.675438462641848,0.6314132789212396,nan,nan,nan,nan,nan,nan,nan,nan,nan,nan,nan,nan,0.0,0.0004598780599998859
220.0,26.885715619793086,-52.73958214172445,12.170971133277224,147.91050136803287,nan,nan,nan,nan,3.6923061740732277,0.43820734542476875,3.6923061740732277,0.43820734542476875,4.850910978131599,0.6314132789212396,0.0,7.762131244257007e-05,nan,nan,nan,nan,0.0,0.0003267478198478485,nan,nan,nan,nan,0.0,0.0004598780599998859
221.0,26.87503164021987,-52.773176153258866,12.171180690268322,-147.89676521111676,nan,nan,nan,nan,4.137614635093237,0.4382073454247688,4.137614635093237,0.4382073454247688,3.9294022893472973,0.6314132789212396,0.0,nan,nan,nan,nan,nan,0.0,0.00032673837360777425,nan,nan,nan,nan,0.0,0.0004598780599998859
222.0,26.981871435952005,-52.75078014556926,12.171180690268322,32.10323478888325,nan,nan,nan,nan,0.0,0.4382073454247688,0.0,0.4382073454247688,1.9127905716487914,0.6314132789212396,nan,nan,nan,nan,nan,nan,nan,nan,nan,nan,nan,nan,0.0,0.0004598780599998859
223.0,26.88215429326868,-52.78064148915541,12.22413201986963,-133.05801625803258,nan,nan,nan,nan,2.288289948958679,0.43820734542476875,2.288289948958679,0.43820734542476875,3.2587888307544017,0.6314132789212396,0.0,nan,nan,nan,nan,nan,0.0,0.00032673219778511873,nan,nan,nan,nan,0.0,0.0004598780599998859
224.0,26.974748782903195,-52.74331480967272,12.22413201986963,46.94198374196742,nan,nan,nan,nan,0.0,0.4382073454247688,0.0,0.4382073454247688,0.0,0.6314132789212396,nan,nan,nan,nan,nan,nan,nan,nan,nan,nan,nan,nan,0.0,0.0004598780599998859
225.0,26.90708357893951,-52.79183949300021,12.258595682098719,-101.54629605134761,nan,nan,nan,nan,1.3764314766754495,0.4382073454247688,1.3764314766754495,0.4382073454247688,0.0,0.6314132789212396,nan,nan,nan,nan,nan,nan,nan,nan,nan,nan,nan,nan,0.0,0.0004598780599998859
226.0,26.949819497232365,-52.732116805827914,12.258595682098719,78.4537039486524,nan,nan,nan,nan,0.0,0.4382073454247688,0.0,0.4382073454247688,2.0903546763168293,0.6314132789212396,nan,nan,nan,nan,nan,nan,nan,nan,nan,nan,nan,nan,0.0,0.0004598780599998859
227.0,26.98543276247641,-52.7694434853106,12.278612887124478,-1.4299822381815945,nan,nan,nan,nan,1.8727066679015767,0.4382073454247688,1.8727066679015767,0.4382073454247688,0.0,0.6314132789212396,nan,nan,nan,nan,nan,nan,nan,nan,nan,nan,nan,nan,0.0,0.0004598780599998859
228.0,26.871470313695465,-52.75451281351752,12.278612887124478,178.5700177618184,nan,nan,nan,nan,3.4763828610744243,0.43820734542476875,3.4763828610744243,0.43820734542476875,4.961881852668783,0.6314132789212396,nan,nan,nan,nan,nan,nan,nan,nan,nan,nan,nan,nan,0.0,0.0004598780599998859
229.0,26.871470313695465,-52.7694434853106,12.44735289554162,-155.12103310740335,nan,nan,nan,nan,3.11978322883498,0.4382073454247688,3.11978322883498,0.4382073454247688,2.675931925579818,0.6314132789212396,nan,nan,nan,nan,nan,nan,nan,nan,nan,nan,nan,nan,0.0,0.0004598780599998859
230.0,26.98543276247641,-52.75451281351752,12.44735289554162,24.878966892596665,nan,nan,nan,nan,0.0,0.4382073454247688,0.0,0.4382073454247688,1.9141680930638423,0.6314132789212396,nan,nan,nan,nan,nan,nan,nan,nan,nan,nan,nan,nan,0.0,0.0004598780599998859
231.0,26.885715619793086,-52.78437415710368,12.550702075749161,-125.92474621462833,nan,nan,nan,nan,1.4000615357814066,0.4382073454247688,1.4000615357814066,0.4382073454247688,0.0,0.6314132789212396,0.0,nan,nan,nan,nan,nan,0.0,0.0003267225869078783,nan,nan,nan,nan,0.0,0.0004598780599998859
232.0,26.97118745637879,-52.73958214172445,12.550702075749161,54.07525378537169,nan,nan,nan,nan,0.0,0.43820734542476875,0.0,0.43820734542476875,2.3700247781410395,0.6314132789212396,nan,nan,nan,nan,nan,nan,nan,nan,nan,nan,nan,nan,0.0,0.0004598780599998859
233.0,26.956942150281172,-52.79183949300021,12.602507122408277,-51.432320067513295,nan,nan,nan,nan,2.0993434465375125,0.43820734542476875,2.0993434465375125,0.43820734542476875,0.0,0.6314132789212396,nan,nan,nan,nan,nan,nan,nan,nan,nan,nan,nan,nan,0.0,0.0004598780599998859
234.0,26.899960925890703,-52.732116805827914,12.602507122408277,128.5676799324867,nan,nan,nan,nan,1.5200437284355404,0.4382073454247688,1.5200437284355404,0.4382073454247688,3.6182813997674543,0.6314132789212396,nan,nan,nan,nan,nan,nan,nan,nan,nan,nan,nan,nan,0.0,0.0004598780599998859
235.0,26.932012864610343,-52.79557216094848,12.665483264738421,-76.54395727802721,nan,nan,nan,nan,1.4238048624493431,0.43820734542476875,1.4238048624493431,0.43820734542476875,3.0228707415506606,0.6314132789212396,nan,nan,nan,nan,nan,nan,nan,nan,nan,nan,nan,nan,0.0,0.0004598780599998859
236.0,26.924890211561532,-52.728384137879644,12.665483264738421,103.45604272197279,nan,nan,nan,nan,0.0,0.4382073454247688,0.0,0.4382073454247688,0.0,0.6314132789212396,nan,nan,nan,nan,nan,nan,nan,nan,nan,nan,nan,nan,0.0,0.0004598780599998859
237.0,26.967626129854388,-52.78810682505195,12.67022360747086,-39.18615384455436,nan,nan,nan,nan,1.6102302253462757,0.4382073454247689,1.6102302253462757,0.4382073454247689,2.0410773653696017,0.6314132789212396,0.0,nan,nan,nan,nan,nan,0.0,0.0003267450850585555,nan,nan,nan,nan,0.0,0.0004598780599998859
238.0,26.889276946317487,-52.73584947377618,12.67022360747086,140.81384615544565,nan,nan,nan,nan,1.8632737403979491,0.4382073454247688,1.8632737403979491,0.4382073454247688,2.4125454040811416,0.6314132789212396,0.0,nan,nan,nan,nan,nan,0.0,0.00032675841479871135,nan,nan,nan,nan,0.0,0.0004598780599998859
239.0,26.924890211561532,-52.79557216094848,12.711723500877547,-83.33982297534966,nan,nan,nan,nan,0.0,0.4382073454247688,0.0,0.4382073454247688,nan,nan,nan,nan,nan,nan,nan,nan,nan,nan,nan,nan,nan,nan,0.0,0.0004598780599998859
240.0,26.932012864610343,-52.728384137879644,12.711723500877547,96.66017702465035,nan,nan,nan,nan,0.0,0.4382073454247688,0.0,0.4382073454247688,0.0,0.6314132789212396,nan,nan,nan,nan,nan,nan,nan,nan,nan,nan,nan,nan,0.0,0.0004598780599998859
241.0,26.93913551765915,-52.79557216094848,12.797265736299185,-69.79373003722354,nan,nan,nan,nan,nan,nan,nan,nan,5.851438029721993,0.6314132789212396,nan,nan,nan,nan,nan,nan,nan,nan,nan,nan,nan,nan,0.0,0.0004598780599998859
242.0,26.917767558512725,-52.728384137879644,12.797265736299185,110.20626996277646,nan,nan,nan,nan,0.0,0.4382073454247688,0.0,0.4382073454247688,0.0,0.6314132789212396,nan,nan,nan,nan,nan,nan,nan,nan,nan,nan,nan,nan,0.0,0.0004598780599998859
243.0,26.867908987171063,-52.75824548146579,12.82506375892355,-174.4812026501103,nan,nan,nan,nan,2.641530096786298,0.4382073454247688,2.641530096786298,0.4382073454247688,3.3405319933665245,0.6314132789212396,nan,nan,nan,nan,nan,nan,nan,nan,nan,nan,nan,nan,0.0,0.0004598780599998859
244.0,26.988994089000812,-52.76571081736233,12.82506375892355,5.518797349889708,nan,nan,nan,nan,1.5722150027334574,0.4382073454247688,1.5722150027334574,0.4382073454247688,nan,nan,nan,nan,nan,nan,nan,nan,nan,nan,nan,nan,nan,nan,0.0,0.0004598780599998859
245.0,26.867908987171063,-52.76571081736233,12.911187914844248,-161.92922025791074,nan,nan,nan,nan,3.5927373510831933,0.4382073454247688,3.5927373510831933,0.4382073454247688,2.934591582641932,0.6314132789212396,nan,nan,nan,nan,nan,nan,nan,nan,nan,nan,nan,nan,0.0,0.0004598780599998859
246.0,26.988994089000812,-52.75824548146579,12.911187914844248,18.070779742089268,nan,nan,nan,nan,0.0,0.4382073454247689,0.0,0.4382073454247689,0.0,0.6314132789212396,nan,nan,nan,nan,nan,nan,nan,nan,nan,nan,nan,nan,0.0,0.0004598780599998859
247.0,26.899960925890703,-52.79183949300021,12.929335060973749,-107.67985559368836,nan,nan,nan,nan,0.0,0.4382073454247688,0.0,0.4382073454247688,0.0,0.6314132789212396,nan,nan,nan,nan,nan,nan,nan,nan,nan,nan,nan,nan,0.0,0.0004598780599998859
248.0,26.956942150281172,-52.732116805827914,12.929335060973749,72.32014440631166,nan,nan,nan,nan,0.0,0.43820734542476875,0.0,0.43820734542476875,0.0,0.6314132789212396,nan,nan,nan,nan,nan,nan,nan,nan,nan,nan,nan,nan,0.0,0.0004598780599998859
