PHANGS/NGC0628_gauss_1p5kpc.ecsv
# %ECSV 1.0
# ---
# datatype:
# - {name: ID, datatype: float64, format: .0f, description: Aperture ID}
# - {name: RA, unit: deg, datatype: float64, format: .5f, description: Right Ascension of the aperture center}
# - {name: DEC, unit: deg, datatype: float64, format: .5f, description: Declination of the aperture center}
# - {name: r_gal, unit: kpc, datatype: float64, format: .2f, description: Deprojected galactocentric radius}
# - {name: phi_gal, unit: deg, datatype: float64, format: .2f, description: Deprojected azimuthal angle (0 = receding major axis)}
# - {name: Sigma_mol_gauss, unit: solMass / pc2, datatype: float64, format: .3e, description: Kernel-average molecular gas surface density
#     (S20 alphaCO)}
# - {name: e_Sigma_mol_gauss, unit: solMass / pc2, datatype: float64, format: .1e, description: Stats error on kernel-average molecular
#     gas surface density (S20 alphaCO)}
# - {name: Sigma_atom_gauss, unit: solMass / pc2, datatype: float64, format: .3e, description: Kernel-average atomic gas surface density
#     (PHANGS-HI)}
# - {name: e_Sigma_atom_gauss, unit: solMass / pc2, datatype: float64, format: .1e, description: Stats error on kernel-average atomic
#     gas surface density (PHANGS-HI)}
# - {name: Sigma_star_gauss, unit: solMass / pc2, datatype: float64, format: .3e, description: Kernel-average stellar mass surface density
#     (fiducial)}
# - {name: e_Sigma_star_gauss, unit: solMass / pc2, datatype: float64, format: .1e, description: Stats error on kernel-average stellar
#     mass surface density (fiducial)}
# - {name: Sigma_star_3p6um_gauss, unit: solMass / pc2, datatype: float64, format: .3e, description: Kernel-average stellar mass surface
#     density (3.6um + varying M/L; Leroy+21)}
# - {name: e_Sigma_star_3p6um_gauss, unit: solMass / pc2, datatype: float64, format: .1e, description: Stats error on kernel-average stellar
#     mass surface density (3.6um + varying M/L; Leroy+21)}
# - {name: Sigma_star_3p4um_gauss, unit: solMass / pc2, datatype: float64, format: .3e, description: Kernel-average stellar mass surface
#     density (3.4um + varying M/L; Leroy+21)}
# - {name: e_Sigma_star_3p4um_gauss, unit: solMass / pc2, datatype: float64, format: .1e, description: Stats error on kernel-average stellar
#     mass surface density (3.4um + varying M/L; Leroy+21)}
# - {name: Sigma_SFR_HaW4recal_gauss, unit: solMass / (kpc2 yr), datatype: float64, format: .3e, description: Kernel-average SFR surface
#     density (recalibrated Halpha + WISE4; Belfiore+22)}
# - {name: e_Sigma_SFR_HaW4recal_gauss, unit: solMass / (kpc2 yr), datatype: float64, format: .1e, description: Stats error on kernel-average
#     SFR surface density (recalibrated Halpha + WISE4; Belfiore+22)}
# - {name: Sigma_SFR_FUVW4recal_gauss, unit: solMass / (kpc2 yr), datatype: float64, format: .3e, description: Kernel-average SFR surface
#     density (recalibrated GALEX FUV + WISE4; Belfiore+22)}
# - {name: e_Sigma_SFR_FUVW4recal_gauss, unit: solMass / (kpc2 yr), datatype: float64, format: .1e, description: Stats error on kernel-average
#     SFR surface density (recalibrated GALEX FUV + WISE4; Belfiore+22)}
# - {name: Sigma_SFR_Hacorr_gauss, unit: solMass / (kpc2 yr), datatype: float64, format: .3e, description: Kernel-average SFR surface
[...]
#       value: !astropy.table.SerializedColumn {name: e_Sigma_mol_gauss}
#     e_Sigma_star_3p4um_gauss:
#       __class__: astropy.units.quantity.Quantity
#       unit: !astropy.units.Unit {unit: solMass / pc2}
#       value: !astropy.table.SerializedColumn {name: e_Sigma_star_3p4um_gauss}
#     e_Sigma_star_3p6um_gauss:
#       __class__: astropy.units.quantity.Quantity
#       unit: !astropy.units.Unit {unit: solMass / pc2}
#       value: !astropy.table.SerializedColumn {name: e_Sigma_star_3p6um_gauss}
#     e_Sigma_star_gauss:
#       __class__: astropy.units.quantity.Quantity
#       unit: !astropy.units.Unit {unit: solMass / pc2}
#       value: !astropy.table.SerializedColumn {name: e_Sigma_star_gauss}
#     phi_gal:
#       __class__: astropy.units.quantity.Quantity
#       unit: *id001
#       value: !astropy.table.SerializedColumn {name: phi_gal}
#     r_gal:
#       __class__: astropy.units.quantity.Quantity
#       unit: !astropy.units.Unit {unit: kpc}
#       value: !astropy.table.SerializedColumn {name: r_gal}
# schema: astropy-2.0
ID,RA,DEC,r_gal,phi_gal,Sigma_mol_gauss,e_Sigma_mol_gauss,Sigma_atom_gauss,e_Sigma_atom_gauss,Sigma_star_gauss,e_Sigma_star_gauss,Sigma_star_3p6um_gauss,e_Sigma_star_3p6um_gauss,Sigma_star_3p4um_gauss,e_Sigma_star_3p4um_gauss,Sigma_SFR_HaW4recal_gauss,e_Sigma_SFR_HaW4recal_gauss,Sigma_SFR_FUVW4recal_gauss,e_Sigma_SFR_FUVW4recal_gauss,Sigma_SFR_Hacorr_gauss,e_Sigma_SFR_Hacorr_gauss,Sigma_SFR_HaW4_gauss,e_Sigma_SFR_HaW4_gauss,Sigma_SFR_FUVW4_gauss,e_Sigma_SFR_FUVW4_gauss,Sigma_SFR_NUVW4_gauss,e_Sigma_SFR_NUVW4_gauss,Sigma_SFR_W4ONLY_gauss,e_Sigma_SFR_W4ONLY_gauss
[from data line 626]
626.0,24.12847318108662,15.889538256277426,19.78465024198469,43.457304583535354,nan,nan,6.147719409110326,0.35274647581802404,1.047765139161912,0.23209341162469732,1.047765139161912,0.23209341162469732,2.0977687855188574,0.641913268198651,0.0,0.00022484408424972127,0.0,7.970196188926748e-05,nan,nan,0.0,0.0002313180911257144,0.0,0.00010395968889099045,0.0,9.279826742185428e-05,0.0,0.00013059785960611327
627.0,24.26915628614876,15.715567098377145,19.836278787211995,-105.70498682694071,nan,nan,5.044349808739548,0.35193354020135376,1.6410336301814294,0.23209341162469732,1.6410336301814294,0.23209341162469732,2.6993523137438666,0.641913268198651,0.0,0.00016709786682516853,0.0002682542269041348,6.958830846571468e-05,nan,nan,0.0,0.00017886766534149602,0.00038692333032683274,0.00010395968889099045,0.0,9.279826742185428e-05,0.00044945600351862906,0.00013059785960611327
628.0,24.07855336961296,15.851718439342582,19.836278787211995,74.29501317305929,nan,nan,5.181273990898156,0.43301475361853514,0.0,0.23209341162469732,0.0,0.23209341162469732,0.0,0.641913268198651,nan,nan,0.0,0.00010395968889099045,nan,nan,nan,nan,0.0,0.00010395968889099045,0.0,9.279826742185428e-05,0.0,0.00013059785960611327
629.0,24.24646546275164,15.692875208216238,19.84610996779414,-121.40140877515232,nan,nan,3.9143594372405506,0.4073957054956317,nan,nan,nan,nan,nan,nan,0.0,nan,0.0,nan,nan,nan,0.0,0.00017402778110092813,0.0,0.00010395968889099045,0.0,9.279826742185428e-05,0.0,0.00013059785960611327
630.0,24.10124419301008,15.874410329503489,19.84610996779414,58.598591224847695,nan,nan,4.606529029374317,0.4270908823087826,0.0,0.23209341162469727,0.0,0.23209341162469727,0.0,0.641913268198651,0.0,0.00017031441959423864,0.0,9.429304931949734e-05,nan,nan,0.0,0.0001787741552397072,0.0,0.00010395968889099045,0.0,9.279826742185428e-05,0.0,0.00013059785960611327
631.0,24.15116400448374,15.670183318055331,19.85019167745608,-170.0762441060455,nan,nan,0.0,0.2874921091071018,1.2212241230780971,0.23209341162469727,1.2212241230780971,0.23209341162469727,0.0,0.641913268198651,nan,nan,0.0,0.0001003057703814026,nan,nan,nan,nan,0.0,0.00010395968889099045,0.0,9.279826742185428e-05,0.0,0.00013059785960611327
632.0,24.19654565127798,15.897102219664395,19.85019167745608,9.923755893954521,nan,nan,4.2633918191859275,0.3354876192828424,0.7897890274727207,0.23209341162469718,0.7897890274727207,0.23209341162469718,4.018221317066272,0.641913268198651,nan,nan,0.0,6.237171580465068e-05,nan,nan,nan,nan,0.0,0.00010395968889099045,0.0,9.279826742185428e-05,0.0,0.00013059785960611327
633.0,24.282770780187032,15.738258988538051,19.85355871363373,-92.68060404773729,nan,nan,3.7110538961389303,0.4387839169796913,2.5670543715293457,0.23209341162469724,2.5670543715293457,0.23209341162469724,nan,nan,nan,nan,0.0,nan,nan,nan,nan,nan,0.0,0.00010395968889099045,0.0,9.279826742185428e-05,0.0,0.00013059785960611327
634.0,24.064938875574686,15.829026549181675,19.85355871363373,87.31939595226271,nan,nan,3.8074774506564553,0.32386744278985075,1.1827287256821126,0.23209341162469727,1.1827287256821126,0.23209341162469727,0.0,0.641913268198651,nan,nan,0.0,0.00010395968889099045,nan,nan,nan,nan,0.0,0.00010395968889099045,0.0,9.279826742185428e-05,0.0,0.00013059785960611327
635.0,24.29184710954588,15.7987706956338,19.858464821756314,-61.999575023430815,nan,nan,3.3014315921519772,0.42143236351691843,nan,nan,nan,nan,nan,nan,nan,nan,0.0,nan,nan,nan,nan,nan,0.0,0.00010395968889099045,nan,nan,0.0,0.00013059785960611327
636.0,24.055862546215838,15.768514842085926,19.858464821756314,118.00042497656919,nan,nan,2.3971174979112493,0.2652443118166354,nan,nan,nan,nan,0.0,0.641913268198651,nan,nan,0.0,7.950782541171437e-05,nan,nan,nan,nan,0.0,0.00010395968889099045,0.0,9.279826742185428e-05,0.0,0.00013059785960611327
637.0,24.264618121469336,15.859282402729551,19.898120859010948,-28.697980314236194,nan,nan,6.694646137948498,0.369430956740775,nan,nan,nan,nan,0.0,0.641913268198651,nan,nan,0.0,0.00010395968889099045,nan,nan,nan,nan,0.0,0.00010395968889099045,0.0,9.279826742185428e-05,0.0,0.00013059785960611327
638.0,24.083091534292382,15.708003134990175,19.898120859010948,151.3020196857638,nan,nan,2.598280343878016,0.46696925498683073,nan,nan,nan,nan,0.0,0.641913268198651,nan,nan,0.0,9.204377313428656e-05,nan,nan,nan,nan,0.0,0.00010395968889099045,0.0,9.279826742185428e-05,0.0,0.00013059785960611327
639.0,24.29184710954588,15.768514842085926,19.899793904269913,-77.04158683245443,nan,nan,4.436858842333584,0.47642792947363277,1.1556472932582427,0.23209341162469724,1.1556472932582427,0.23209341162469724,0.0,0.641913268198651,nan,nan,0.0,7.229854211058943e-05,nan,nan,nan,nan,0.0,0.00010395968889099045,0.0,9.279826742185428e-05,0.0,0.00013059785960611327
640.0,24.055862546215838,15.7987706956338,19.899793904269913,102.95841316754557,nan,nan,3.3010540252730176,0.3934227371323483,1.411398303015621,0.23209341162469738,1.411398303015621,0.23209341162469738,nan,nan,nan,nan,0.0,nan,nan,nan,nan,nan,0.0,0.00010395968889099045,0.0,9.279826742185428e-05,0.0,0.00013059785960611327
641.0,24.19654565127798,15.670183318055331,19.90979833548923,-148.09605599498852,nan,nan,2.755787276138571,0.46586232203960953,nan,nan,nan,nan,2.613952477977232,0.641913268198651,nan,nan,0.0,6.86794012220689e-05,nan,nan,nan,nan,0.0,0.00010395968889099045,0.0,9.279826742185428e-05,0.0,0.00013059785960611327
642.0,24.15116400448374,15.897102219664395,19.90979833548923,31.90394400501148,nan,nan,2.4966952977360015,0.3169112794276644,0.0,0.23209341162469727,0.0,0.23209341162469727,0.0,0.641913268198651,nan,nan,0.0,7.288869652058798e-05,nan,nan,nan,nan,0.0,0.00010395968889099045,0.0,9.279826742185428e-05,0.0,0.00013059785960611327
643.0,24.287308944866457,15.821462585794707,19.986201147310407,-50.53434452593422,nan,nan,4.982811598134158,0.286154410881164,nan,nan,nan,nan,0.0,0.641913268198651,nan,nan,0.0,0.00010395968889099045,nan,nan,nan,nan,0.0,0.00010395968889099045,0.0,9.279826742185428e-05,0.0,0.00013059785960611327
644.0,24.060400710895262,15.74582295192502,19.986201147310407,129.46565547406578,nan,nan,5.9067021120480545,0.4161301655775097,nan,nan,nan,nan,nan,nan,nan,nan,0.0,nan,nan,nan,nan,nan,0.0,0.00010395968889099045,nan,nan,0.0,0.00013059785960611327
645.0,24.264618121469336,15.708003134990175,20.056298446990354,-109.96958213411871,nan,nan,4.895505504379925,0.5275204542294327,1.6535417662270928,0.23209341162469727,1.6535417662270928,0.23209341162469727,0.0,0.641913268198651,0.0,0.00017512508863009452,0.0,8.232985102732793e-05,nan,nan,0.0,0.00018336301079456297,0.0,0.00010395968889099045,0.0,9.279826742185428e-05,0.0,0.00013059785960611327
646.0,24.083091534292382,15.859282402729551,20.056298446990354,70.03041786588129,nan,nan,5.138345198660916,0.3379163208194749,0.7756895741600723,0.23209341162469727,0.7756895741600723,0.23209341162469727,0.0,0.641913268198651,nan,nan,0.0,9.160322062919814e-05,nan,nan,nan,nan,0.0,0.00010395968889099045,0.0,9.279826742185428e-05,0.0,0.00013059785960611327
647.0,24.287308944866457,15.74582295192502,20.08477457796303,-88.42577956867855,nan,nan,6.2842738032333925,0.3543528685557443,2.1556996666737462,0.23209341162469732,2.1556996666737462,0.23209341162469732,nan,nan,nan,nan,0.0,nan,nan,nan,nan,nan,0.0,0.00010395968889099045,0.0,9.279826742185428e-05,0.0,0.00013059785960611327
648.0,24.060400710895262,15.821462585794707,20.08477457796303,91.57422043132145,nan,nan,2.688324593527994,0.31861824126189964,1.0217773267600807,0.23209341162469727,1.0217773267600807,0.23209341162469727,0.0,0.641913268198651,nan,nan,0.0,0.00010395968889099045,nan,nan,nan,nan,0.0,0.00010395968889099045,0.0,9.279826742185428e-05,0.0,0.00013059785960611327
649.0,24.14208767512489,15.670183318055331,20.182809642232108,-174.31108310863067,nan,nan,0.0,0.3904797956488496,1.6735446984838849,0.23209341162469727,1.6735446984838849,0.23209341162469727,nan,nan,nan,nan,0.0,nan,nan,nan,nan,nan,0.0,0.00010395968889099045,0.0,9.279826742185428e-05,0.0,0.00013059785960611327
650.0,24.205621980636828,15.897102219664395,20.182809642232108,5.688916891369325,nan,nan,4.3434743233632895,0.3029322914901924,0.883087555646602,0.23209341162469727,0.883087555646602,0.23209341162469727,0.0,0.641913268198651,nan,nan,0.0,8.423438127305322e-05,nan,nan,nan,nan,0.0,0.00010395968889099045,0.0,9.279826742185428e-05,0.0,0.00013059785960611327
651.0,24.260079956789912,15.866846366116519,20.222038761110014,-24.48157070121841,nan,nan,6.6555939755201114,0.4494007095488704,nan,nan,nan,nan,0.0,0.641913268198651,nan,nan,0.0,9.035996349215755e-05,nan,nan,nan,nan,0.0,0.00010395968889099045,0.0,9.279826742185428e-05,0.0,0.00013059785960611327
652.0,24.087629698971806,15.700439171603207,20.222038761110014,155.5184292987816,nan,nan,0.0,0.3737013765425587,nan,nan,nan,nan,0.0,0.641913268198651,nan,nan,0.0,8.527785982176022e-05,nan,nan,nan,nan,0.0,0.00010395968889099045,0.0,9.279826742185428e-05,0.0,0.00013059785960611327
653.0,24.205621980636828,15.670183318055331,20.264840222264805,-143.89104015317295,nan,nan,3.046232677134174,0.44190733944272154,nan,nan,nan,nan,0.0,0.641913268198651,nan,nan,0.0,7.84104537608171e-05,nan,nan,nan,nan,0.0,0.00010395968889099045,0.0,9.279826742185428e-05,0.0,0.00013059785960611327
654.0,24.14208767512489,15.897102219664395,20.264840222264805,36.10895984682706,nan,nan,2.5112498205994065,0.38601274218700937,0.0,0.23209341162469724,0.0,0.23209341162469724,0.0,0.641913268198651,nan,nan,0.0,7.404009841880539e-05,nan,nan,nan,nan,0.0,0.00010395968889099045,0.0,9.279826742185428e-05,0.0,0.00013059785960611327
655.0,24.228312804033948,15.889538256277426,20.294017855601037,-5.697660007964372,nan,nan,9.159892360558137,0.3156429749774731,0.7456125351138845,0.23209341162469727,0.7456125351138845,0.23209341162469727,0.0,0.641913268198651,nan,nan,0.0,0.00010395968889099045,nan,nan,nan,nan,0.0,0.00010395968889099045,0.0,9.279826742185428e-05,0.0,0.00013059785960611327
656.0,24.11939685172777,15.6777472814423,20.294017855601037,174.30233999203563,nan,nan,0.0,0.3454374422329413,1.720716720649685,0.23209341162469724,1.720716720649685,0.23209341162469724,0.0,0.641913268198651,nan,nan,0.0,8.172317357924122e-05,nan,nan,nan,nan,0.0,0.00010395968889099045,0.0,9.279826742185428e-05,0.0,0.00013059785960611327
657.0,24.24192729807222,15.881974292890458,20.304153841184448,-13.123126044622976,nan,nan,4.427700457558624,0.582410569230615,0.0,0.23209341162469727,0.0,0.23209341162469727,0.0,0.641913268198651,nan,nan,0.0,0.00010395968889099045,nan,nan,nan,nan,0.0,0.00010395968889099045,0.0,9.279826742185428e-05,0.0,0.00013059785960611327
658.0,24.1057823576895,15.685311244829268,20.304153841184448,166.87687395537702,nan,nan,0.0,0.34409971971708003,1.3967138549941174,0.23209341162469738,1.3967138549941174,0.23209341162469738,0.0,0.641913268198651,nan,nan,0.0,7.336441806393904e-05,nan,nan,nan,nan,0.0,0.00010395968889099045,0.0,9.279826742185428e-05,0.0,0.00013059785960611327
659.0,24.29184710954588,15.813898622407738,20.343281035004235,-54.70707624271864,nan,nan,4.799304318161699,0.30836429136511906,nan,nan,nan,nan,0.0,0.641913268198651,nan,nan,0.0,7.019523981922149e-05,nan,nan,nan,nan,0.0,0.00010395968889099045,0.0,9.279826742185428e-05,0.0,0.00013059785960611327
660.0,24.055862546215838,15.753386915311989,20.343281035004235,125.29292375728137,nan,nan,3.861298184582938,0.3079913100727847,nan,nan,nan,nan,0.0,0.641913268198651,nan,nan,0.0,8.590920987666789e-05,nan,nan,nan,nan,0.0,0.00010395968889099045,0.0,9.279826742185428e-05,0.0,0.00013059785960611327
661.0,24.260079956789912,15.700439171603207,20.384679064094904,-114.11924504554769,nan,nan,5.188998427931248,0.5055585368922749,nan,nan,nan,nan,0.0,0.641913268198651,0.0,0.00017566824342971736,0.0,8.640760416569892e-05,nan,nan,0.0,0.00018388183382169918,0.0,0.00010395968889099045,0.0,9.279826742185428e-05,0.0,0.00013059785960611327
662.0,24.087629698971806,15.866846366116519,20.384679064094904,65.88075495445231,nan,nan,4.156218552874478,0.30137370303232036,0.0,0.23209341162469727,0.0,0.23209341162469727,0.0,0.641913268198651,nan,nan,0.0,8.412986580610172e-05,nan,nan,nan,nan,0.0,0.00010395968889099045,0.0,9.279826742185428e-05,0.0,0.00013059785960611327
663.0,24.29184710954588,15.753386915311989,20.42389355583632,-84.28998034556597,nan,nan,6.9201294321553135,0.4103110801376575,1.2266138781666625,0.23209341162469724,1.2266138781666625,0.23209341162469724,0.0,0.641913268198651,nan,nan,0.0,8.67916257796939e-05,nan,nan,nan,nan,0.0,0.00010395968889099045,0.0,9.279826742185428e-05,0.0,0.00013059785960611327
664.0,24.055862546215838,15.813898622407738,20.42389355583632,95.71001965443405,nan,nan,4.394411853889286,0.27264948646965503,0.7779269510097375,0.23209341162469732,0.7779269510097375,0.23209341162469732,0.0,0.641913268198651,nan,nan,0.0,0.00010395968889099045,nan,nan,nan,nan,0.0,0.00010395968889099045,0.0,9.279826742185428e-05,0.0,0.00013059785960611327
665.0,24.228312804033948,15.6777472814423,20.42439402798537,-132.62450524864337,nan,nan,1.9263464961910832,0.34942252579253513,nan,nan,nan,nan,0.0,0.641913268198651,nan,nan,0.0,6.514319233899484e-05,nan,nan,nan,nan,0.0,0.00010395968889099045,0.0,9.279826742185428e-05,0.0,0.00013059785960611327
666.0,24.11939685172777,15.889538256277426,20.42439402798537,47.37549475135664,nan,nan,6.470420186362754,0.3533407962116026,0.6963457481340074,0.23209341162469727,0.6963457481340074,0.23209341162469727,0.0,0.641913268198651,0.0,0.000209946787932628,0.0,0.00010395968889099045,nan,nan,0.0,0.0002168659743324813,0.0,0.00010395968889099045,0.0,9.279826742185428e-05,0.0,0.00013059785960611327
667.0,24.24192729807222,15.685311244829268,20.45533083427284,-125.30152950133522,nan,nan,2.5121866757118045,0.26940139208057834,nan,nan,nan,nan,0.0,0.641913268198651,nan,nan,0.0,6.999623967293063e-05,nan,nan,nan,nan,0.0,0.00010395968889099045,0.0,9.279826742185428e-05,0.0,0.00013059785960611327
668.0,24.1057823576895,15.881974292890458,20.45533083427284,54.69847049866479,nan,nan,3.8926435011823672,0.44077449720503603,0.0,0.23209341162469732,0.0,0.23209341162469732,0.0,0.641913268198651,0.0,0.00018440735223203308,0.0,0.00010395968889099045,nan,nan,0.0,0.00019224793527416017,0.0,0.00010395968889099045,0.0,9.279826742185428e-05,0.0,0.00013059785960611327
669.0,24.296385274225305,15.791206732246833,20.497020119709756,-65.889325753771,nan,nan,2.9473807111525456,0.5183459962579661,nan,nan,nan,nan,0.0,0.641913268198651,nan,nan,0.0,8.575494752472244e-05,nan,nan,nan,nan,0.0,0.00010395968889099045,0.0,9.279826742185428e-05,0.0,0.00013059785960611327
670.0,24.051324381536414,15.776078805472894,20.497020119709756,114.11067424622901,nan,nan,2.6562578576113776,0.23564828057200424,nan,nan,nan,nan,0.0,0.641913268198651,nan,nan,0.0,8.234607237063051e-05,nan,nan,nan,nan,0.0,0.00010395968889099045,0.0,9.279826742185428e-05,0.0,0.00013059785960611327
671.0,24.296385274225305,15.776078805472894,20.517821995375233,-73.16386838544825,nan,nan,2.9298005869655723,0.6188730390390867,nan,nan,nan,nan,0.0,0.641913268198651,nan,nan,0.0,8.648464415883347e-05,nan,nan,nan,nan,0.0,0.00010395968889099045,0.0,9.279826742185428e-05,0.0,0.00013059785960611327
672.0,24.051324381536414,15.791206732246833,20.517821995375233,106.83613161455175,nan,nan,3.865793283878045,0.3795300717871442,nan,nan,nan,nan,0.0,0.641913268198651,nan,nan,0.0,0.00010395968889099045,nan,nan,nan,nan,0.0,0.00010395968889099045,0.0,9.279826742185428e-05,0.0,0.00013059785960611327
673.0,24.133011345766043,15.670183318055331,20.621786124393417,-178.38719628786762,nan,nan,0.0,0.39499108072450567,2.0603973775396534,0.23209341162469727,2.0603973775396534,0.23209341162469727,0.0,0.641913268198651,nan,nan,0.0,6.752034828630449e-05,nan,nan,nan,nan,0.0,0.00010395968889099045,0.0,9.279826742185428e-05,0.0,0.00013059785960611327
