PHANGS/NGC0685_gauss_1p5kpc.ecsv
# %ECSV 1.0
# ---
# datatype:
# - {name: ID, datatype: float64, format: .0f, description: Aperture ID}
# - {name: RA, unit: deg, datatype: float64, format: .5f, description: Right Ascension of the aperture center}
# - {name: DEC, unit: deg, datatype: float64, format: .5f, description: Declination of the aperture center}
# - {name: r_gal, unit: kpc, datatype: float64, format: .2f, description: Deprojected galactocentric radius}
# - {name: phi_gal, unit: deg, datatype: float64, format: .2f, description: Deprojected azimuthal angle (0 = receding major axis)}
# - {name: Sigma_mol_gauss, unit: solMass / pc2, datatype: float64, format: .3e, description: Kernel-average molecular gas surface density
#     (S20 alphaCO)}
# - {name: e_Sigma_mol_gauss, unit: solMass / pc2, datatype: float64, format: .1e, description: Stats error on kernel-average molecular
#     gas surface density (S20 alphaCO)}
# - {name: Sigma_atom_gauss, unit: solMass / pc2, datatype: float64, format: .3e, description: Kernel-average atomic gas surface density
#     (PHANGS-HI)}
# - {name: e_Sigma_atom_gauss, unit: solMass / pc2, datatype: float64, format: .1e, description: Stats error on kernel-average atomic
#     gas surface density (PHANGS-HI)}
# - {name: Sigma_star_gauss, unit: solMass / pc2, datatype: float64, format: .3e, description: Kernel-average stellar mass surface density
#     (fiducial)}
# - {name: e_Sigma_star_gauss, unit: solMass / pc2, datatype: float64, format: .1e, description: Stats error on kernel-average stellar
#     mass surface density (fiducial)}
# - {name: Sigma_star_3p6um_gauss, unit: solMass / pc2, datatype: float64, format: .3e, description: Kernel-average stellar mass surface
#     density (3.6um + varying M/L; Leroy+21)}
# - {name: e_Sigma_star_3p6um_gauss, unit: solMass / pc2, datatype: float64, format: .1e, description: Stats error on kernel-average stellar
#     mass surface density (3.6um + varying M/L; Leroy+21)}
# - {name: Sigma_star_3p4um_gauss, unit: solMass / pc2, datatype: float64, format: .3e, description: Kernel-average stellar mass surface
#     density (3.4um + varying M/L; Leroy+21)}
# - {name: e_Sigma_star_3p4um_gauss, unit: solMass / pc2, datatype: float64, format: .1e, description: Stats error on kernel-average stellar
#     mass surface density (3.4um + varying M/L; Leroy+21)}
# - {name: Sigma_SFR_HaW4recal_gauss, unit: solMass / (kpc2 yr), datatype: float64, format: .3e, description: Kernel-average SFR surface
#     density (recalibrated Halpha + WISE4; Belfiore+22)}
# - {name: e_Sigma_SFR_HaW4recal_gauss, unit: solMass / (kpc2 yr), datatype: float64, format: .1e, description: Stats error on kernel-average
#     SFR surface density (recalibrated Halpha + WISE4; Belfiore+22)}
# - {name: Sigma_SFR_FUVW4recal_gauss, unit: solMass / (kpc2 yr), datatype: float64, format: .3e, description: Kernel-average SFR surface
#     density (recalibrated GALEX FUV + WISE4; Belfiore+22)}
# - {name: e_Sigma_SFR_FUVW4recal_gauss, unit: solMass / (kpc2 yr), datatype: float64, format: .1e, description: Stats error on kernel-average
#     SFR surface density (recalibrated GALEX FUV + WISE4; Belfiore+22)}
# - {name: Sigma_SFR_Hacorr_gauss, unit: solMass / (kpc2 yr), datatype: float64, format: .3e, description: Kernel-average SFR surface
[...]
#       value: !astropy.table.SerializedColumn {name: e_Sigma_mol_gauss}
#     e_Sigma_star_3p4um_gauss:
#       __class__: astropy.units.quantity.Quantity
#       unit: !astropy.units.Unit {unit: solMass / pc2}
#       value: !astropy.table.SerializedColumn {name: e_Sigma_star_3p4um_gauss}
#     e_Sigma_star_3p6um_gauss:
#       __class__: astropy.units.quantity.Quantity
#       unit: !astropy.units.Unit {unit: solMass / pc2}
#       value: !astropy.table.SerializedColumn {name: e_Sigma_star_3p6um_gauss}
#     e_Sigma_star_gauss:
#       __class__: astropy.units.quantity.Quantity
#       unit: !astropy.units.Unit {unit: solMass / pc2}
#       value: !astropy.table.SerializedColumn {name: e_Sigma_star_gauss}
#     phi_gal:
#       __class__: astropy.units.quantity.Quantity
#       unit: *id001
#       value: !astropy.table.SerializedColumn {name: phi_gal}
#     r_gal:
#       __class__: astropy.units.quantity.Quantity
#       unit: !astropy.units.Unit {unit: kpc}
#       value: !astropy.table.SerializedColumn {name: r_gal}
# schema: astropy-2.0
ID,RA,DEC,r_gal,phi_gal,Sigma_mol_gauss,e_Sigma_mol_gauss,Sigma_atom_gauss,e_Sigma_atom_gauss,Sigma_star_gauss,e_Sigma_star_gauss,Sigma_star_3p6um_gauss,e_Sigma_star_3p6um_gauss,Sigma_star_3p4um_gauss,e_Sigma_star_3p4um_gauss,Sigma_SFR_HaW4recal_gauss,e_Sigma_SFR_HaW4recal_gauss,Sigma_SFR_FUVW4recal_gauss,e_Sigma_SFR_FUVW4recal_gauss,Sigma_SFR_Hacorr_gauss,e_Sigma_SFR_Hacorr_gauss,Sigma_SFR_HaW4_gauss,e_Sigma_SFR_HaW4_gauss,Sigma_SFR_FUVW4_gauss,e_Sigma_SFR_FUVW4_gauss,Sigma_SFR_NUVW4_gauss,e_Sigma_SFR_NUVW4_gauss,Sigma_SFR_W4ONLY_gauss,e_Sigma_SFR_W4ONLY_gauss
[from data line 42]
42.0,26.903522252415105,-52.75824548146579,5.409659426442474,176.7437518662528,1.0091365602050701,0.1230039565785902,nan,nan,35.759690086212686,0.4382073454247688,35.759690086212686,0.4382073454247688,32.245873566964,0.6314132789212396,0.0,0.00015794925216660783,nan,nan,nan,nan,0.0,0.0003268046160754593,nan,nan,nan,nan,0.0,0.0004598780599998859
43.0,26.903522252415105,-52.76571081736233,5.493368448761533,-153.34699328921033,0.7936683464561378,0.12602030178575702,nan,nan,29.920333956702653,0.4382073454247689,29.920333956702653,0.4382073454247689,27.482909999858837,0.6314132789212396,0.0,0.00015138582866186954,nan,nan,nan,nan,0.0,0.00032678157762816405,nan,nan,nan,nan,0.0,0.0004598780599998859
44.0,26.95338082375677,-52.75824548146579,5.493368448761533,26.653006710789672,0.6978842404802883,0.09885214111498693,nan,nan,30.16242202097941,0.43820734542476875,30.16242202097941,0.43820734542476875,27.153637956757496,0.6314132789212396,0.0,0.00019992059355375915,nan,nan,nan,nan,0.0,0.00032680338548321736,nan,nan,nan,nan,0.0,0.0004598780599998859
45.0,26.94625817070796,-52.773176153258866,5.567885165253632,-37.46666111639363,1.0756879064624543,0.12467034489238488,nan,nan,22.68417259863791,0.335365323042777,22.68417259863791,0.335365323042777,21.051410339601446,0.48322813496807154,0.0016885754258996772,0.00018791350954313436,nan,nan,nan,nan,0.002229851205573377,0.00032679361740250225,nan,nan,nan,nan,0.001790226758883846,0.0004598780599998859
46.0,26.910644905463915,-52.75078014556926,5.567885165253632,142.53333888360638,0.2738350384049049,0.08537332785334045,nan,nan,23.098880259029986,0.4382073454247688,23.098880259029986,0.4382073454247688,23.0964872540479,0.6314132789212396,0.0,0.00010693207807897517,nan,nan,nan,nan,0.0,0.00032681541828043584,nan,nan,nan,nan,0.0,0.0004598780599998859
47.0,26.928451538085938,-52.77690882120714,5.629465099118674,-79.94808882622102,1.4601942250625501,0.1525142261411897,nan,nan,25.708184314200977,0.33357687429894406,25.708184314200977,0.33357687429894406,23.67953761245482,0.4806511578878916,0.0029469872681887124,0.0002321993144630651,nan,nan,nan,nan,0.0034333910835651843,0.00032680515519119225,nan,nan,nan,nan,0.0023620274193208095,0.0004598780599998859
48.0,26.928451538085938,-52.74704747762099,5.629465099118674,100.05191117377898,0.9708991472356494,0.1485109712760233,nan,nan,15.423306745963115,0.29769913170792006,15.423306745963115,0.29769913170792006,14.609255959667154,0.42895489280650256,0.0,0.00016822982489840928,nan,nan,nan,nan,0.0,0.00032679129623621497,nan,nan,nan,nan,0.0,0.0004598780599998859
49.0,26.910644905463915,-52.773176153258866,5.740826764131906,-120.86821845048574,1.780190716451939,0.17817465068083044,nan,nan,23.590396924825896,0.300798631009318,23.590396924825896,0.300798631009318,21.890544486148315,0.43342096357720766,0.0040552105541021,0.00026496726074836356,nan,nan,nan,nan,0.004416307433727146,0.0003268433610144406,nan,nan,nan,nan,0.00268100791344205,0.0004598780599998859
50.0,26.94625817070796,-52.75078014556926,5.740826764131906,59.13178154951427,0.7758773172438562,0.12152325587039907,nan,nan,27.43023209460169,0.4382073454247688,27.43023209460169,0.4382073454247688,26.316563169451328,0.6314132789212396,0.0,0.00022860250208960026,nan,nan,nan,nan,0.0,0.0003268293772676001,nan,nan,nan,nan,0.0,0.0004598780599998859
51.0,26.935574191134748,-52.77690882120714,5.782200347415458,-64.87044249547372,0.0,0.09635799118663839,nan,nan,24.733158057226024,0.4382073454247688,24.733158057226024,0.4382073454247688,23.35282234732551,0.6314132789212396,0.0,0.00019881192812955923,nan,nan,nan,nan,0.0,0.00032677360045819443,nan,nan,nan,nan,0.0,0.0004598780599998859
52.0,26.921328885037127,-52.74704747762099,5.782200347415458,115.12955750452626,0.4855549940829751,0.12099326997742399,nan,nan,20.250330059638767,0.4382073454247688,20.250330059638767,0.4382073454247688,19.198593620867232,0.6314132789212396,0.0008359177198129955,0.00014858834953473065,nan,nan,nan,nan,0.0013714758318632881,0.0003267842926106043,nan,nan,nan,nan,0.0013801598995426937,0.0004598780599998859
53.0,26.921328885037127,-52.77690882120714,5.871703822249843,-94.79057663868939,1.3064954365506043,0.15521470860639194,nan,nan,26.909809856108442,0.3106459577475377,26.909809856108442,0.3106459577475377,24.931163936023896,0.4476099837506623,0.003659717894560722,0.000249422498713952,nan,nan,nan,nan,0.004071246174595082,0.0003268192694159683,nan,nan,nan,nan,0.0024428024565449247,0.0004598780599998859
54.0,26.935574191134748,-52.74704747762099,5.871703822249843,85.20942336131063,0.5752293279263204,0.11254506630745315,nan,nan,22.465772398252916,0.4382073454247688,22.465772398252916,0.4382073454247688,20.96264597772922,0.6314132789212396,0.0,0.00018036575944312168,nan,nan,nan,nan,0.0,0.0003267966690375711,nan,nan,nan,nan,0.0,0.0004598780599998859
55.0,26.899960925890703,-52.76197814941406,6.019296988507656,-168.18412498803625,0.7468641787883654,0.12464425402247674,nan,nan,31.054618253866625,0.43820734542476875,31.054618253866625,0.43820734542476875,28.823105224943266,0.6314132789212396,0.0008602095772171689,0.0001323097556362659,nan,nan,nan,nan,0.0014666061428352253,0.000326802547916615,nan,nan,nan,nan,0.0014313203341883385,0.0004598780599998859
56.0,26.956942150281172,-52.76197814941406,6.019296988507656,11.815875011963756,0.0,0.0925885787999595,nan,nan,18.482422470214093,0.32722865233137416,18.482422470214093,0.32722865233137416,18.075929885078164,0.47150400029294603,0.0012890422659971345,0.00017439013815342613,nan,nan,nan,nan,0.0017955241388494276,0.0003267839536180352,nan,nan,nan,nan,0.0015265473981357993,0.0004598780599998859
57.0,26.942696844183555,-52.77690882120714,6.301253561204138,-51.432320067513295,1.5566566318968882,0.14986268114622556,nan,nan,25.352415464764672,0.4382073454247688,25.352415464764672,0.4382073454247688,23.633560017121077,0.6314132789212396,0.0,0.0002447214409041353,nan,nan,nan,nan,0.0,0.00032678521338565985,nan,nan,nan,nan,0.0,0.0004598780599998859
58.0,26.91420623198832,-52.74704747762099,6.301253561204138,128.5676799324867,0.0,0.1146332807338812,nan,nan,17.34348490381552,0.4382073454247688,17.34348490381552,0.4382073454247688,16.734548095628078,0.6314132789212396,0.0,0.0001234679064456043,nan,nan,nan,nan,0.0,0.00032678211119575287,nan,nan,nan,nan,0.0,0.0004598780599998859
59.0,26.91420623198832,-52.77690882120714,6.464667530486874,-107.67985559368836,2.386438249723332,0.21409737540006282,nan,nan,26.185439161685327,0.2692471257622745,26.185439161685327,0.2692471257622745,25.025010271335784,0.3879583769936225,0.00685114430639288,0.00026502184320753753,nan,nan,nan,nan,0.007410775802479399,0.00032688761179929296,nan,nan,nan,nan,0.004155052436834478,0.0004598780599998859
60.0,26.942696844183555,-52.74704747762099,6.464667530486874,72.32014440631166,0.0,0.11190134517451844,nan,nan,21.5647459096362,0.43820734542476875,21.5647459096362,0.43820734542476875,20.808197882805782,0.6314132789212396,0.0,0.00018782688144474048,nan,nan,nan,nan,0.0,0.00032680144992142313,nan,nan,nan,nan,0.0,0.0004598780599998859
61.0,26.956942150281172,-52.7694434853106,6.56594171789862,-13.555492439001634,1.8856148191952835,0.15294883691728653,nan,nan,15.286885618081135,0.2504041973855823,15.286885618081135,0.2504041973855823,13.336342198646998,0.3608075879549942,0.00426112840582623,0.0002649263219390387,nan,nan,nan,nan,0.004716986530917664,0.0003268101733833754,nan,nan,nan,nan,0.0033845743614457566,0.0004598780599998859
62.0,26.899960925890703,-52.75451281351752,6.56594171789862,166.44450756099837,0.6128970688208538,0.11411601860371079,nan,nan,25.663874364587553,0.43820734542476875,25.663874364587553,0.43820734542476875,23.315433988786943,0.6314132789212396,0.0,0.00014758041115224777,nan,nan,nan,nan,0.0,0.0003267785736837414,nan,nan,nan,nan,0.0,0.0004598780599998859
63.0,26.95338082375677,-52.773176153258866,6.648095363142596,-27.588018286901935,0.3571942023456834,0.08005825770947199,nan,nan,11.25714365047936,0.2504041973855822,11.25714365047936,0.2504041973855822,9.88862905346137,0.3608075879549942,0.0027813497132750217,0.000264907101690623,nan,nan,nan,nan,0.0030757985989000223,0.00032679459282070555,nan,nan,nan,nan,0.002186171736749798,0.0004598780599998859
64.0,26.903522252415105,-52.75078014556926,6.648095363142596,152.41198171309807,2.0390771740690776,0.1948683952881422,nan,nan,20.84050416123073,0.4382073454247688,20.84050416123073,0.4382073454247688,19.816466446419398,0.6314132789212396,0.0,0.00018065652807604574,nan,nan,nan,nan,0.0,0.00032680210903019883,nan,nan,nan,nan,0.0,0.0004598780599998859
65.0,26.899960925890703,-52.7694434853106,6.722924994374538,-143.44556708351038,1.5057604077273514,0.1783166428812318,nan,nan,31.24019680649614,0.43820734542476875,31.24019680649614,0.43820734542476875,28.395553016324303,0.6314132789212396,0.0,0.000228555829530543,nan,nan,nan,nan,0.0,0.0003268354091135657,nan,nan,nan,nan,0.0,0.0004598780599998859
66.0,26.956942150281172,-52.75451281351752,6.722924994374538,36.55443291648962,0.0,0.1079145078600175,nan,nan,15.83970798992605,0.43820734542476875,15.83970798992605,0.43820734542476875,nan,nan,0.0,nan,nan,nan,nan,nan,0.0,0.00032676537661707446,nan,nan,nan,nan,0.0,0.0004598780599998859
67.0,26.903522252415105,-52.773176153258866,6.850928212197866,-130.1602896838983,0.0,0.1075981679234988,nan,nan,20.94261538898082,0.4382073454247688,20.94261538898082,0.4382073454247688,20.47796301214643,0.6314132789212396,0.0,0.00015790309182598698,nan,nan,nan,nan,0.0,0.0003267672672076606,nan,nan,nan,nan,0.0,0.0004598780599998859
68.0,26.95338082375677,-52.75078014556926,6.850928212197866,49.83971031610171,0.0,0.11361531072616271,nan,nan,13.055741564173411,0.43820734542476875,13.055741564173411,0.43820734542476875,12.978272682670285,0.6314132789212396,0.0,nan,nan,nan,nan,nan,0.0,0.00032677705038466605,nan,nan,nan,nan,0.0,0.0004598780599998859
69.0,26.896399599366298,-52.75824548146579,6.8738635506679735,-179.9928225508928,0.5019043151128995,0.1197112632726162,nan,nan,26.401124250894817,0.43820734542476875,26.401124250894817,0.43820734542476875,23.828543820358885,0.6314132789212396,0.0,0.00013746621914399173,nan,nan,nan,nan,0.0,0.0003267886699179333,nan,nan,nan,nan,0.0,0.0004598780599998859
70.0,26.960503476805577,-52.76571081736233,6.8738635506679735,0.007177449107195561,0.35144169094989947,0.07840436731787791,nan,nan,22.66887867071102,0.43820734542476875,22.66887867071102,0.43820734542476875,20.774282867854893,0.6314132789212396,0.0,0.00020012761492063297,nan,nan,nan,nan,0.0,0.0003267765212373892,nan,nan,nan,nan,0.0,0.0004598780599998859
71.0,26.896399599366298,-52.76571081736233,6.95869586536123,-156.52142014452244,0.4065799087487071,0.10041977288529093,nan,nan,28.712277855878437,0.4382073454247688,28.712277855878437,0.4382073454247688,26.37868120229098,0.6314132789212396,0.0,0.0001497206474187649,nan,nan,nan,nan,0.0,0.00032679624684276044,nan,nan,nan,nan,0.0,0.0004598780599998859
72.0,26.960503476805577,-52.75824548146579,6.95869586536123,23.47857985547755,0.660924019033065,0.10139562876369593,nan,nan,17.010686458726838,0.4382073454247688,17.010686458726838,0.4382073454247688,17.29676114936357,0.6314132789212396,0.0,0.00010856915289430675,nan,nan,nan,nan,0.0,0.0003267636525422067,nan,nan,nan,nan,0.0,0.0004598780599998859
73.0,26.932012864610343,-52.78064148915541,7.053875672374813,-73.82781318419899,0.43399146800211374,0.09850056416133564,nan,nan,17.458190818233764,0.4382073454247688,17.458190818233764,0.4382073454247688,16.339528075784404,0.6314132789212396,0.0,0.0002185870439164251,nan,nan,nan,nan,0.0,0.000326765114806556,nan,nan,nan,nan,0.0,0.0004598780599998859
74.0,26.924890211561532,-52.74331480967272,7.053875672374813,106.17218681580103,nan,nan,nan,nan,13.672133243728103,0.2972126828806048,13.672133243728103,0.2972126828806048,12.761686997446885,0.42825396834165863,0.0017613642222123235,0.0002179974815456419,nan,nan,nan,nan,0.0021822068768926626,0.0003267861917744386,nan,nan,nan,nan,0.0017772608449557142,0.0004598780599998859
75.0,26.924890211561532,-52.78064148915541,7.099935040225984,-86.02851021832006,0.0,0.11427113405343596,nan,nan,11.838367003510461,0.28251919343486076,11.838367003510461,0.28251919343486076,11.10985491161775,0.40708210884044765,0.0,0.00016603662535702676,nan,nan,nan,nan,0.0,0.00032678243321285287,nan,nan,nan,nan,0.0,0.0004598780599998859
76.0,26.932012864610343,-52.74331480967272,7.099935040225984,93.97148978167994,nan,nan,nan,nan,16.059496809704495,0.3226552959377362,16.059496809704495,0.3226552959377362,14.958188199305319,0.464914247778909,0.0014755517731829075,0.00019335140109176508,nan,nan,nan,nan,0.001973794675051746,0.00032678408787564306,nan,nan,nan,nan,0.0017153166044775884,0.0004598780599998859
77.0,26.949819497232365,-52.77690882120714,7.106809696130231,-40.53322564466512,0.49575447542656026,0.08823012769672192,nan,nan,18.271512026862492,0.4382073454247688,18.271512026862492,0.4382073454247688,nan,nan,0.0,nan,nan,nan,nan,nan,0.0,0.0003267770652254564,nan,nan,nan,nan,0.0,0.0004598780599998859
78.0,26.90708357893951,-52.74704747762099,7.106809696130231,139.4667743553349,0.40241061636395886,0.10531857859104482,nan,nan,14.556929283071591,0.4382073454247688,14.556929283071591,0.4382073454247688,13.911390448274767,0.6314132789212396,0.0,0.0001517039427616791,nan,nan,nan,nan,0.0,0.0003267765950608385,nan,nan,nan,nan,0.0,0.0004598780599998859
79.0,26.93913551765915,-52.78064148915541,7.3235400221952105,-62.00509996662842,0.0,0.118215558275932,nan,nan,16.004067098093326,0.29511215874046764,16.004067098093326,0.29511215874046764,14.671215633845577,0.4252273215986846,0.004540787563764688,0.00026496581680474584,nan,nan,nan,nan,0.004866452369881479,0.000326842190430995,nan,nan,nan,nan,0.002417938153426594,0.0004598780599998859
80.0,26.917767558512725,-52.74331480967272,7.3235400221952105,117.99490003337158,nan,nan,nan,nan,16.49337346085238,0.4382073454247688,16.49337346085238,0.4382073454247688,16.037013965222478,0.6314132789212396,0.0,0.00017981827062839978,nan,nan,nan,nan,0.0,0.00032677920263910837,nan,nan,nan,nan,0.0,0.0004598780599998859
81.0,26.90708357893951,-52.77690882120714,7.323656109671319,-117.98225404064318,0.0,0.11134059292230372,nan,nan,21.43575812139034,0.43820734542476875,21.43575812139034,0.43820734542476875,nan,nan,0.0,nan,nan,nan,nan,nan,0.0,0.000326771256014273,nan,nan,nan,nan,0.0,0.0004598780599998859
82.0,26.949819497232365,-52.74704747762099,7.323656109671319,62.01774595935683,0.0,0.12198094104296381,nan,nan,13.290955151101759,0.4382073454247688,13.290955151101759,0.4382073454247688,12.260894270653298,0.6314132789212396,0.0,0.00014881621013969587,nan,nan,nan,nan,0.0,0.00032677305573433976,nan,nan,nan,nan,0.0,0.0004598780599998859
83.0,26.917767558512725,-52.78064148915541,7.455869176629712,-97.5620879577128,0.0,0.11501776642739726,nan,nan,21.648935998787202,0.4382073454247688,21.648935998787202,0.4382073454247688,19.479397419026796,0.6314132789212396,0.0,0.00022713172442144543,nan,nan,nan,nan,0.0,0.00032677541667538377,nan,nan,nan,nan,0.0,0.0004598780599998859
84.0,26.93913551765915,-52.74331480967272,7.455869176629712,82.43791204228721,nan,nan,nan,nan,11.434868256809974,0.4382073454247689,11.434868256809974,0.4382073454247689,10.865964259155536,0.6314132789212396,0.0,5.1946704508507915e-05,nan,nan,nan,nan,0.0,0.0003267606879220259,nan,nan,nan,nan,0.0,0.0004598780599998859
85.0,26.892838272841892,-52.76197814941406,7.524121235634947,-168.18412498803625,nan,nan,nan,nan,23.48626186968056,0.4382073454247688,23.48626186968056,0.4382073454247688,21.77602159915503,0.6314132789212396,0.0,0.00014554296312416234,nan,nan,nan,nan,0.0,0.0003267839778365696,nan,nan,nan,nan,0.0,0.0004598780599998859
