PHANGS/NGC1433_gauss_1p5kpc.ecsv
# %ECSV 1.0
# ---
# datatype:
# - {name: ID, datatype: float64, format: .0f, description: Aperture ID}
# - {name: RA, unit: deg, datatype: float64, format: .5f, description: Right Ascension of the aperture center}
# - {name: DEC, unit: deg, datatype: float64, format: .5f, description: Declination of the aperture center}
# - {name: r_gal, unit: kpc, datatype: float64, format: .2f, description: Deprojected galactocentric radius}
# - {name: phi_gal, unit: deg, datatype: float64, format: .2f, description: Deprojected azimuthal angle (0 = receding major axis)}
# - {name: Sigma_mol_gauss, unit: solMass / pc2, datatype: float64, format: .3e, description: Kernel-average molecular gas surface density
#     (S20 alphaCO)}
# - {name: e_Sigma_mol_gauss, unit: solMass / pc2, datatype: float64, format: .1e, description: Stats error on kernel-average molecular
#     gas surface density (S20 alphaCO)}
# - {name: Sigma_atom_gauss, unit: solMass / pc2, datatype: float64, format: .3e, description: Kernel-average atomic gas surface density
#     (PHANGS-HI)}
# - {name: e_Sigma_atom_gauss, unit: solMass / pc2, datatype: float64, format: .1e, description: Stats error on kernel-average atomic
#     gas surface density (PHANGS-HI)}
# - {name: Sigma_star_gauss, unit: solMass / pc2, datatype: float64, format: .3e, description: Kernel-average stellar mass surface density
#     (fiducial)}
# - {name: e_Sigma_star_gauss, unit: solMass / pc2, datatype: float64, format: .1e, description: Stats error on kernel-average stellar
#     mass surface density (fiducial)}
# - {name: Sigma_star_3p6um_gauss, unit: solMass / pc2, datatype: float64, format: .3e, description: Kernel-average stellar mass surface
#     density (3.6um + varying M/L; Leroy+21)}
# - {name: e_Sigma_star_3p6um_gauss, unit: solMass / pc2, datatype: float64, format: .1e, description: Stats error on kernel-average stellar
#     mass surface density (3.6um + varying M/L; Leroy+21)}
# - {name: Sigma_star_3p4um_gauss, unit: solMass / pc2, datatype: float64, format: .3e, description: Kernel-average stellar mass surface
#     density (3.4um + varying M/L; Leroy+21)}
# - {name: e_Sigma_star_3p4um_gauss, unit: solMass / pc2, datatype: float64, format: .1e, description: Stats error on kernel-average stellar
#     mass surface density (3.4um + varying M/L; Leroy+21)}
# - {name: Sigma_SFR_HaW4recal_gauss, unit: solMass / (kpc2 yr), datatype: float64, format: .3e, description: Kernel-average SFR surface
#     density (recalibrated Halpha + WISE4; Belfiore+22)}
# - {name: e_Sigma_SFR_HaW4recal_gauss, unit: solMass / (kpc2 yr), datatype: float64, format: .1e, description: Stats error on kernel-average
#     SFR surface density (recalibrated Halpha + WISE4; Belfiore+22)}
# - {name: Sigma_SFR_FUVW4recal_gauss, unit: solMass / (kpc2 yr), datatype: float64, format: .3e, description: Kernel-average SFR surface
#     density (recalibrated GALEX FUV + WISE4; Belfiore+22)}
# - {name: e_Sigma_SFR_FUVW4recal_gauss, unit: solMass / (kpc2 yr), datatype: float64, format: .1e, description: Stats error on kernel-average
#     SFR surface density (recalibrated GALEX FUV + WISE4; Belfiore+22)}
# - {name: Sigma_SFR_Hacorr_gauss, unit: solMass / (kpc2 yr), datatype: float64, format: .3e, description: Kernel-average SFR surface
[...]
#       value: !astropy.table.SerializedColumn {name: e_Sigma_mol_gauss}
#     e_Sigma_star_3p4um_gauss:
#       __class__: astropy.units.quantity.Quantity
#       unit: !astropy.units.Unit {unit: solMass / pc2}
#       value: !astropy.table.SerializedColumn {name: e_Sigma_star_3p4um_gauss}
#     e_Sigma_star_3p6um_gauss:
#       __class__: astropy.units.quantity.Quantity
#       unit: !astropy.units.Unit {unit: solMass / pc2}
#       value: !astropy.table.SerializedColumn {name: e_Sigma_star_3p6um_gauss}
#     e_Sigma_star_gauss:
#       __class__: astropy.units.quantity.Quantity
#       unit: !astropy.units.Unit {unit: solMass / pc2}
#       value: !astropy.table.SerializedColumn {name: e_Sigma_star_gauss}
#     phi_gal:
#       __class__: astropy.units.quantity.Quantity
#       unit: *id001
#       value: !astropy.table.SerializedColumn {name: phi_gal}
#     r_gal:
#       __class__: astropy.units.quantity.Quantity
#       unit: !astropy.units.Unit {unit: kpc}
#       value: !astropy.table.SerializedColumn {name: r_gal}
# schema: astropy-2.0
ID,RA,DEC,r_gal,phi_gal,Sigma_mol_gauss,e_Sigma_mol_gauss,Sigma_atom_gauss,e_Sigma_atom_gauss,Sigma_star_gauss,e_Sigma_star_gauss,Sigma_star_3p6um_gauss,e_Sigma_star_3p6um_gauss,Sigma_star_3p4um_gauss,e_Sigma_star_3p4um_gauss,Sigma_SFR_HaW4recal_gauss,e_Sigma_SFR_HaW4recal_gauss,Sigma_SFR_FUVW4recal_gauss,e_Sigma_SFR_FUVW4recal_gauss,Sigma_SFR_Hacorr_gauss,e_Sigma_SFR_Hacorr_gauss,Sigma_SFR_HaW4_gauss,e_Sigma_SFR_HaW4_gauss,Sigma_SFR_FUVW4_gauss,e_Sigma_SFR_FUVW4_gauss,Sigma_SFR_NUVW4_gauss,e_Sigma_SFR_NUVW4_gauss,Sigma_SFR_W4ONLY_gauss,e_Sigma_SFR_W4ONLY_gauss
[from data line 876]
876.0,55.54355374500165,-47.289860232367715,24.990653613368227,43.88999511532672,nan,nan,nan,nan,nan,nan,nan,nan,0.0,0.6800945110961155,nan,nan,0.0,0.00010278545897788455,nan,nan,nan,nan,0.0,0.00021482566469049465,0.0,0.00018779641896584526,0.0,0.0002695094212411597
877.0,55.51638379835272,-47.14603529664831,25.01366295978357,-163.59695293457716,nan,nan,nan,nan,0.0,0.39050566178370094,0.0,0.39050566178370094,0.0,0.6800945110961155,nan,nan,0.0,nan,nan,nan,nan,nan,0.0,0.00021482566469049465,0.0,0.00018779641896584526,0.0,0.0002695094212411597
878.0,55.49600633836603,-47.29785050657435,25.01366295978357,16.403047065422864,nan,nan,nan,nan,nan,nan,nan,nan,0.0,0.6800945110961155,nan,nan,0.0,0.00013429887589611972,nan,nan,nan,nan,0.0,0.00021482566469049465,0.0,0.00018779641896584526,0.0,0.0002695094212411597
879.0,55.421288985081475,-47.185986667681476,25.03716096430068,-100.7884075162922,nan,nan,nan,nan,1.5363205163531912,0.3905056617837011,1.5363205163531912,0.3905056617837011,0.0,0.6800945110961155,nan,nan,0.0,0.00016880389854502365,nan,nan,nan,nan,0.0,0.00021482566469049465,0.0,0.00018779641896584526,0.0,0.0002695094212411597
880.0,55.591101151637275,-47.25789913554118,25.03716096430068,79.21159248370782,nan,nan,nan,nan,2.8488246394197074,0.3905056617837011,2.8488246394197074,0.3905056617837011,0.0,0.6800945110961155,nan,nan,0.0,nan,nan,nan,nan,nan,0.0,0.00021482566469049465,0.0,0.00018779641896584526,0.0,0.0002695094212411597
881.0,55.50959131169049,-47.14603529664831,25.039631277904423,-159.73660280386864,nan,nan,nan,nan,0.0,0.390505661783701,0.0,0.390505661783701,0.0,0.6800945110961155,nan,nan,0.0,0.00013819225206234477,nan,nan,nan,nan,0.0,0.00021482566469049465,0.0,0.00018779641896584526,0.0,0.0002695094212411597
882.0,55.50279882502826,-47.29785050657435,25.039631277904423,20.263397196131358,nan,nan,nan,nan,nan,nan,nan,nan,0.0,0.6800945110961155,nan,nan,0.0,0.00018298917070368263,nan,nan,nan,nan,0.0,0.00021482566469049465,0.0,0.00018779641896584526,0.0,0.0002695094212411597
883.0,55.45864766172375,-47.15802070795826,25.041347090748484,-129.79818138417113,nan,nan,nan,nan,2.221724927922123,0.3905056617837011,2.221724927922123,0.3905056617837011,2.4802488502771043,0.6800945110961155,nan,nan,0.0,0.00013477892019845918,nan,nan,nan,nan,0.0,0.00021482566469049465,0.0,0.00018779641896584526,0.0,0.0002695094212411597
884.0,55.553742474995,-47.2858650952644,25.041347090748484,50.201818615828884,nan,nan,nan,nan,nan,nan,nan,nan,0.0,0.6800945110961155,nan,nan,0.0,0.00018642824851027826,nan,nan,nan,nan,0.0,0.00021482566469049465,0.0,0.00018779641896584526,0.0,0.0002695094212411597
885.0,55.41110025508813,-47.25390399843786,25.053279098531487,-47.694192516930514,nan,nan,nan,nan,nan,nan,nan,nan,2.3408806987103974,0.6800945110961155,nan,nan,0.0,nan,nan,nan,nan,nan,0.0,0.00021482566469049465,0.0,0.00018779641896584526,0.0,0.0002695094212411597
886.0,55.60128988163062,-47.18998180478479,25.053279098531487,132.3058074830695,nan,nan,nan,nan,nan,nan,nan,nan,nan,nan,nan,nan,0.0,nan,nan,nan,nan,nan,0.0,0.00021482566469049465,0.0,0.00018779641896584526,0.0,0.0002695094212411597
887.0,55.46544014838598,-47.29385536947103,25.057011861801232,-1.5394979136671372,nan,nan,nan,nan,nan,nan,nan,nan,2.651529869784519,0.6800945110961155,nan,nan,0.0,0.00013181806398355895,nan,nan,nan,nan,0.0,0.00021482566469049465,0.0,0.00018779641896584526,0.0,0.0002695094212411597
888.0,55.54694998833277,-47.150030433751624,25.057011861801232,178.46050208633287,nan,nan,nan,nan,nan,nan,nan,nan,0.0,0.6800945110961155,nan,nan,0.0,0.00019469128532320553,nan,nan,nan,nan,0.0,0.00021482566469049465,0.0,0.00018779641896584526,0.0,0.0002695094212411597
889.0,55.42468522841259,-47.18199153057816,25.058683626397155,-104.23601155430222,nan,nan,nan,nan,1.3217495190597097,0.3905056617837011,1.3217495190597097,0.3905056617837011,0.0,0.6800945110961155,nan,nan,0.0,0.0001236347379803242,nan,nan,nan,nan,0.0,0.00021482566469049465,0.0,0.00018779641896584526,0.0,0.0002695094212411597
890.0,55.58770490830616,-47.2618942726445,25.058683626397155,75.76398844569778,nan,nan,nan,nan,nan,nan,nan,nan,2.096109468643398,0.6800945110961155,nan,nan,0.0,nan,nan,nan,nan,nan,0.0,0.00021482566469049465,0.0,0.00018779641896584526,0.0,0.0002695094212411597
891.0,55.43147771507483,-47.277874821057765,25.08558591392195,-25.274781623387184,nan,nan,nan,nan,nan,nan,nan,nan,2.0792261955950897,0.6800945110961155,nan,nan,0.0,0.00010438635174929537,nan,nan,nan,nan,0.0,0.00021482566469049465,0.0,0.00018779641896584526,0.0,0.0002695094212411597
892.0,55.58091242164392,-47.16601098216489,25.08558591392195,154.72521837661282,nan,nan,nan,nan,nan,nan,nan,nan,0.0,0.6800945110961155,nan,nan,0.0,nan,nan,nan,nan,nan,0.0,0.00021482566469049465,0.0,0.00018779641896584526,0.0,0.0002695094212411597
893.0,55.40770401175701,-47.20995749030138,25.087850331362056,-81.6048636348593,nan,nan,nan,nan,2.174978046686963,0.3905056617837011,2.174978046686963,0.3905056617837011,nan,nan,nan,nan,0.0,nan,nan,nan,nan,nan,0.0,0.00021482566469049465,nan,nan,0.0,0.0002695094212411597
894.0,55.60468612496174,-47.23392831292128,25.087850331362056,98.3951363651407,nan,nan,nan,nan,nan,nan,nan,nan,0.0,0.6800945110961155,nan,nan,0.0,0.00014216738079666957,nan,nan,nan,nan,0.0,0.00021482566469049465,0.0,0.00018779641896584526,0.0,0.0002695094212411597
895.0,55.523176285014955,-47.14603529664831,25.10117946377297,-167.44782317613726,nan,nan,nan,nan,0.0,0.3905056617837011,0.0,0.3905056617837011,0.0,0.6800945110961155,nan,nan,0.0,0.00016290837448936044,nan,nan,nan,nan,0.0,0.00021482566469049465,0.0,0.00018779641896584526,0.0,0.0002695094212411597
896.0,55.489213851703795,-47.29785050657435,25.10117946377297,12.552176823862746,nan,nan,nan,nan,nan,nan,nan,nan,0.0,0.6800945110961155,nan,nan,0.0,0.0001411181237950455,nan,nan,nan,nan,0.0,0.00021482566469049465,0.0,0.00018779641896584526,0.0,0.0002695094212411597
897.0,55.41789274175036,-47.18998180478479,25.106254184967128,-97.34734376529703,nan,nan,nan,nan,nan,nan,nan,nan,3.1142429686188575,0.6800945110961155,nan,nan,0.0,0.00014917034882985864,nan,nan,nan,nan,0.0,0.00021482566469049465,0.0,0.00018779641896584526,0.0,0.0002695094212411597
898.0,55.59449739496839,-47.25390399843786,25.106254184967128,82.65265623470297,nan,nan,nan,nan,3.101165616880554,0.3905056617837011,3.101165616880554,0.3905056617837011,2.727601247941286,0.6800945110961155,nan,nan,0.0,0.00011159441975479863,nan,nan,nan,nan,0.0,0.00021482566469049465,0.0,0.00018779641896584526,0.0,0.0002695094212411597
899.0,55.42808147174371,-47.17799639347484,25.170589723065085,-107.66531800386531,nan,nan,nan,nan,1.3284107293063498,0.3905056617837011,1.3284107293063498,0.3905056617837011,0.0,0.6800945110961155,nan,nan,0.0,nan,nan,nan,nan,nan,0.0,0.00021482566469049465,0.0,0.00018779641896584526,0.0,0.0002695094212411597
900.0,55.58430866497504,-47.265889409747814,25.170589723065085,72.3346819961347,nan,nan,nan,nan,nan,nan,nan,nan,0.0,0.6800945110961155,nan,nan,0.0,nan,nan,nan,nan,nan,0.0,0.00021482566469049465,0.0,0.00018779641896584526,0.0,0.0002695094212411597
901.0,55.50279882502826,-47.14603529664831,25.178733289739252,-155.901598894771,nan,nan,nan,nan,0.0,0.39050566178370116,0.0,0.39050566178370116,0.0,0.6800945110961155,nan,nan,0.0,nan,nan,nan,nan,nan,0.0,0.00021482566469049465,0.0,0.00018779641896584526,0.0,0.0002695094212411597
902.0,55.50959131169049,-47.29785050657435,25.178733289739252,24.09840110522898,nan,nan,nan,nan,nan,nan,nan,nan,0.0,0.6800945110961155,nan,nan,0.0,0.0001651635497936127,nan,nan,nan,nan,0.0,0.00021482566469049465,0.0,0.00018779641896584526,0.0,0.0002695094212411597
903.0,55.404307768425895,-47.22993317581796,25.21084731852134,-66.55487449131333,nan,nan,nan,nan,nan,nan,nan,nan,nan,nan,nan,nan,0.0,nan,nan,nan,nan,nan,0.0,0.00021482566469049465,nan,nan,0.0,0.0002695094212411597
904.0,55.608082368292855,-47.213952627404694,25.21084731852134,113.44512550868669,nan,nan,nan,nan,nan,nan,nan,nan,0.0,0.6800945110961155,nan,nan,0.0,0.00019444203273098615,nan,nan,nan,nan,0.0,0.00021482566469049465,0.0,0.00018779641896584526,0.0,0.0002695094212411597
905.0,55.47902512171045,-47.150030433751624,25.242331034297976,-142.37137068303758,nan,nan,nan,nan,nan,nan,nan,nan,nan,nan,nan,nan,0.0,nan,nan,nan,nan,nan,0.0,0.00021482566469049465,0.0,0.00018779641896584526,0.0,0.0002695094212411597
906.0,55.5333650150083,-47.29385536947103,25.242331034297976,37.628629316962446,nan,nan,nan,nan,nan,nan,nan,nan,0.0,0.6800945110961155,nan,nan,0.0,0.00016130128809875853,nan,nan,nan,nan,0.0,0.00021482566469049465,0.0,0.00018779641896584526,0.0,0.0002695094212411597
907.0,55.41449649841925,-47.19397694188811,25.265219873007545,-93.93737799662667,nan,nan,nan,nan,1.2896668070177406,0.3905056617837011,1.2896668070177406,0.3905056617837011,0.0,0.6800945110961155,nan,nan,0.0,0.00015740944261313731,nan,nan,nan,nan,0.0,0.00021482566469049465,0.0,0.00018779641896584526,0.0,0.0002695094212411597
908.0,55.5978936382995,-47.249908861334546,25.265219873007545,86.06262200337335,nan,nan,nan,nan,nan,nan,nan,nan,0.0,0.6800945110961155,nan,nan,0.0,0.00016156125734590628,nan,nan,nan,nan,0.0,0.00021482566469049465,0.0,0.00018779641896584526,0.0,0.0002695094212411597
909.0,55.404307768425895,-47.22194290161133,25.291075765931907,-72.54876263118015,nan,nan,nan,nan,2.4821685369739956,0.39050566178370094,2.4821685369739956,0.39050566178370094,0.0,0.6800945110961155,nan,nan,0.0,0.00012800925901561205,nan,nan,nan,nan,0.0,0.00021482566469049465,0.0,0.00018779641896584526,0.0,0.0002695094212411597
910.0,55.608082368292855,-47.22194290161133,25.291075765931907,107.45123736881985,nan,nan,nan,nan,nan,nan,nan,nan,0.0,0.6800945110961155,nan,nan,0.0,0.00018448120854108114,nan,nan,nan,nan,0.0,0.00021482566469049465,0.0,0.00018779641896584526,0.0,0.0002695094212411597
911.0,55.52996877167719,-47.14603529664831,25.301003180784782,-171.25489473377584,nan,nan,nan,nan,0.0,0.39050566178370094,0.0,0.39050566178370094,0.0,0.6800945110961155,nan,nan,0.0,0.00014334725520592862,nan,nan,nan,nan,0.0,0.00021482566469049465,0.0,0.00018779641896584526,0.0,0.0002695094212411597
912.0,55.48242136504156,-47.29785050657435,25.301003180784782,8.745105266224165,nan,nan,nan,nan,nan,nan,nan,nan,nan,nan,nan,nan,0.0,nan,nan,nan,nan,nan,0.0,0.00021482566469049465,0.0,0.00018779641896584526,0.0,0.0002695094212411597
913.0,55.43147771507483,-47.174001256371525,25.37168332825623,-111.05226889717873,nan,nan,nan,nan,1.5529961215991823,0.3905056617837011,1.5529961215991823,0.3905056617837011,0.0,0.6800945110961155,nan,nan,0.0,0.00016928893050589572,nan,nan,nan,nan,0.0,0.00021482566469049465,0.0,0.00018779641896584526,0.0,0.0002695094212411597
914.0,55.58091242164392,-47.26988454685113,25.37168332825623,68.94773110282128,nan,nan,nan,nan,nan,nan,nan,nan,0.0,0.6800945110961155,nan,nan,0.0,0.0001266113227387727,nan,nan,nan,nan,0.0,0.00021482566469049465,0.0,0.00018779641896584526,0.0,0.0002695094212411597
915.0,55.4484589317304,-47.162015845061575,25.392600582317666,-123.58666607728424,nan,nan,nan,nan,nan,nan,nan,nan,3.494600026117179,0.6800945110961155,nan,nan,0.0,0.0001516522796032281,nan,nan,nan,nan,0.0,0.00021482566469049465,0.0,0.00018779641896584526,0.0,0.0002695094212411597
916.0,55.56393120498835,-47.28186995816108,25.392600582317666,56.41333392271578,nan,nan,nan,nan,nan,nan,nan,nan,nan,nan,nan,nan,0.0,nan,nan,nan,nan,nan,0.0,0.00021482566469049465,nan,nan,0.0,0.0002695094212411597
917.0,55.404307768425895,-47.237923450024596,25.406517792223582,-60.58832046026057,nan,nan,nan,nan,nan,nan,nan,nan,4.730804004182675,0.6800945110961155,nan,nan,0.0,0.0001477305177787105,nan,nan,nan,nan,0.0,0.00021482566469049465,0.0,0.00018779641896584526,0.0,0.0002695094212411597
918.0,55.608082368292855,-47.20596235319806,25.406517792223582,119.41167953973944,nan,nan,nan,nan,nan,nan,nan,nan,0.0,0.6800945110961155,nan,nan,0.0,9.737379779007487e-05,nan,nan,nan,nan,0.0,0.00021482566469049465,0.0,0.00018779641896584526,0.0,0.0002695094212411597
919.0,55.40770401175701,-47.249908861334546,25.41397449450722,-51.29144054282045,nan,nan,nan,nan,nan,nan,nan,nan,0.0,0.6800945110961155,nan,nan,0.0,0.00010301942348013808,nan,nan,nan,nan,0.0,0.00021482566469049465,0.0,0.00018779641896584526,0.0,0.0002695094212411597
920.0,55.60468612496174,-47.19397694188811,25.41397449450722,128.70855945717955,nan,nan,nan,nan,nan,nan,nan,nan,0.0,0.6800945110961155,nan,nan,0.0,nan,nan,nan,nan,nan,0.0,0.00021482566469049465,0.0,0.00018779641896584526,0.0,0.0002695094212411597
921.0,55.49600633836603,-47.14603529664831,25.4291124755245,-152.12541911053987,nan,nan,nan,nan,nan,nan,nan,nan,4.07407177363721,0.6800945110961155,nan,nan,0.0,nan,nan,nan,nan,nan,0.0,0.00021482566469049465,0.0,0.00018779641896584526,0.0,0.0002695094212411597
922.0,55.51638379835272,-47.29785050657435,25.4291124755245,27.874580889460127,nan,nan,nan,nan,nan,nan,nan,nan,0.0,0.6800945110961155,nan,nan,0.0,nan,nan,nan,nan,nan,0.0,0.00021482566469049465,0.0,0.00018779641896584526,0.0,0.0002695094212411597
923.0,55.43487395840594,-47.28186995816108,25.45643079882349,-21.688172056093705,nan,nan,nan,nan,nan,nan,nan,nan,2.132895666334743,0.6800945110961155,nan,nan,0.0,0.00010568777139324826,nan,nan,nan,nan,0.0,0.00021482566469049465,0.0,0.00018779641896584526,0.0,0.0002695094212411597
924.0,55.57751617831281,-47.162015845061575,25.45643079882349,158.31182794390628,nan,nan,nan,nan,nan,nan,nan,nan,0.0,0.6800945110961155,nan,nan,0.0,0.0001445143776711318,nan,nan,nan,nan,0.0,0.00021482566469049465,0.0,0.00018779641896584526,0.0,0.0002695094212411597
925.0,55.41110025508813,-47.19797207899143,25.51237811820319,-90.58175710886216,nan,nan,nan,nan,1.1761244678515461,0.390505661783701,1.1761244678515461,0.390505661783701,0.0,0.6800945110961155,nan,nan,0.0,nan,nan,nan,nan,nan,0.0,0.00021482566469049465,0.0,0.00018779641896584526,0.0,0.0002695094212411597
926.0,55.60128988163062,-47.24591372423123,25.51237811820319,89.41824289113784,nan,nan,nan,nan,1.4824278031691995,0.3905056617837011,1.4824278031691995,0.3905056617837011,0.0,0.6800945110961155,nan,nan,0.0,0.00015060160288192024,nan,nan,nan,nan,0.0,0.00021482566469049465,0.0,0.00018779641896584526,0.0,0.0002695094212411597
927.0,55.53676125833942,-47.14603529664831,25.610505444255892,-174.986145287508,nan,nan,nan,nan,0.0,0.39050566178370116,0.0,0.39050566178370116,0.0,0.6800945110961155,nan,nan,0.0,0.0001773853696635575,nan,nan,nan,nan,0.0,0.00021482566469049465,0.0,0.00018779641896584526,0.0,0.0002695094212411597
928.0,55.47562887837933,-47.29785050657435,25.610505444255892,5.013854712491995,nan,nan,nan,nan,nan,nan,nan,nan,nan,nan,nan,nan,0.0,nan,nan,nan,nan,nan,0.0,0.00021482566469049465,0.0,0.00018779641896584526,0.0,0.0002695094212411597
929.0,55.4484589317304,-47.289860232367715,25.62088375929146,-11.694325746974371,nan,nan,nan,nan,nan,nan,nan,nan,0.0,0.6800945110961155,nan,nan,0.0,0.0001643348281443679,nan,nan,nan,nan,0.0,0.00021482566469049465,0.0,0.00018779641896584526,0.0,0.0002695094212411597
930.0,55.56393120498835,-47.15402557085494,25.62088375929146,168.30567425302561,nan,nan,nan,nan,nan,nan,nan,nan,4.812689342912481,0.6800945110961155,nan,nan,0.0,0.00013202416771825672,nan,nan,nan,nan,0.0,0.00021482566469049465,0.0,0.00018779641896584526,0.0,0.0002695094212411597
931.0,55.404307768425895,-47.213952627404694,25.644613839313585,-78.44090494760916,nan,nan,nan,nan,1.8136326331390915,0.3905056617837011,1.8136326331390915,0.3905056617837011,0.0,0.6800945110961155,nan,nan,0.0,0.00012760332329139746,nan,nan,nan,nan,0.0,0.00021482566469049465,0.0,0.00018779641896584526,0.0,0.0002695094212411597
932.0,55.608082368292855,-47.22993317581796,25.644613839313585,101.55909505239084,nan,nan,nan,nan,nan,nan,nan,nan,0.0,0.6800945110961155,nan,nan,0.0,0.00021482566469049465,nan,nan,nan,nan,0.0,0.00021482566469049465,0.0,0.00018779641896584526,0.0,0.0002695094212411597
