PHANGS/NGC1433_gauss_1p5kpc.ecsv
# %ECSV 1.0
# ---
# datatype:
# - {name: ID, datatype: float64, format: .0f, description: Aperture ID}
# - {name: RA, unit: deg, datatype: float64, format: .5f, description: Right Ascension of the aperture center}
# - {name: DEC, unit: deg, datatype: float64, format: .5f, description: Declination of the aperture center}
# - {name: r_gal, unit: kpc, datatype: float64, format: .2f, description: Deprojected galactocentric radius}
# - {name: phi_gal, unit: deg, datatype: float64, format: .2f, description: Deprojected azimuthal angle (0 = receding major axis)}
# - {name: Sigma_mol_gauss, unit: solMass / pc2, datatype: float64, format: .3e, description: Kernel-average molecular gas surface density
#     (S20 alphaCO)}
# - {name: e_Sigma_mol_gauss, unit: solMass / pc2, datatype: float64, format: .1e, description: Stats error on kernel-average molecular
#     gas surface density (S20 alphaCO)}
# - {name: Sigma_atom_gauss, unit: solMass / pc2, datatype: float64, format: .3e, description: Kernel-average atomic gas surface density
#     (PHANGS-HI)}
# - {name: e_Sigma_atom_gauss, unit: solMass / pc2, datatype: float64, format: .1e, description: Stats error on kernel-average atomic
#     gas surface density (PHANGS-HI)}
# - {name: Sigma_star_gauss, unit: solMass / pc2, datatype: float64, format: .3e, description: Kernel-average stellar mass surface density
#     (fiducial)}
# - {name: e_Sigma_star_gauss, unit: solMass / pc2, datatype: float64, format: .1e, description: Stats error on kernel-average stellar
#     mass surface density (fiducial)}
# - {name: Sigma_star_3p6um_gauss, unit: solMass / pc2, datatype: float64, format: .3e, description: Kernel-average stellar mass surface
#     density (3.6um + varying M/L; Leroy+21)}
# - {name: e_Sigma_star_3p6um_gauss, unit: solMass / pc2, datatype: float64, format: .1e, description: Stats error on kernel-average stellar
#     mass surface density (3.6um + varying M/L; Leroy+21)}
# - {name: Sigma_star_3p4um_gauss, unit: solMass / pc2, datatype: float64, format: .3e, description: Kernel-average stellar mass surface
#     density (3.4um + varying M/L; Leroy+21)}
# - {name: e_Sigma_star_3p4um_gauss, unit: solMass / pc2, datatype: float64, format: .1e, description: Stats error on kernel-average stellar
#     mass surface density (3.4um + varying M/L; Leroy+21)}
# - {name: Sigma_SFR_HaW4recal_gauss, unit: solMass / (kpc2 yr), datatype: float64, format: .3e, description: Kernel-average SFR surface
#     density (recalibrated Halpha + WISE4; Belfiore+22)}
# - {name: e_Sigma_SFR_HaW4recal_gauss, unit: solMass / (kpc2 yr), datatype: float64, format: .1e, description: Stats error on kernel-average
#     SFR surface density (recalibrated Halpha + WISE4; Belfiore+22)}
# - {name: Sigma_SFR_FUVW4recal_gauss, unit: solMass / (kpc2 yr), datatype: float64, format: .3e, description: Kernel-average SFR surface
#     density (recalibrated GALEX FUV + WISE4; Belfiore+22)}
# - {name: e_Sigma_SFR_FUVW4recal_gauss, unit: solMass / (kpc2 yr), datatype: float64, format: .1e, description: Stats error on kernel-average
#     SFR surface density (recalibrated GALEX FUV + WISE4; Belfiore+22)}
# - {name: Sigma_SFR_Hacorr_gauss, unit: solMass / (kpc2 yr), datatype: float64, format: .3e, description: Kernel-average SFR surface
[...]
#       value: !astropy.table.SerializedColumn {name: e_Sigma_mol_gauss}
#     e_Sigma_star_3p4um_gauss:
#       __class__: astropy.units.quantity.Quantity
#       unit: !astropy.units.Unit {unit: solMass / pc2}
#       value: !astropy.table.SerializedColumn {name: e_Sigma_star_3p4um_gauss}
#     e_Sigma_star_3p6um_gauss:
#       __class__: astropy.units.quantity.Quantity
#       unit: !astropy.units.Unit {unit: solMass / pc2}
#       value: !astropy.table.SerializedColumn {name: e_Sigma_star_3p6um_gauss}
#     e_Sigma_star_gauss:
#       __class__: astropy.units.quantity.Quantity
#       unit: !astropy.units.Unit {unit: solMass / pc2}
#       value: !astropy.table.SerializedColumn {name: e_Sigma_star_gauss}
#     phi_gal:
#       __class__: astropy.units.quantity.Quantity
#       unit: *id001
#       value: !astropy.table.SerializedColumn {name: phi_gal}
#     r_gal:
#       __class__: astropy.units.quantity.Quantity
#       unit: !astropy.units.Unit {unit: kpc}
#       value: !astropy.table.SerializedColumn {name: r_gal}
# schema: astropy-2.0
ID,RA,DEC,r_gal,phi_gal,Sigma_mol_gauss,e_Sigma_mol_gauss,Sigma_atom_gauss,e_Sigma_atom_gauss,Sigma_star_gauss,e_Sigma_star_gauss,Sigma_star_3p6um_gauss,e_Sigma_star_3p6um_gauss,Sigma_star_3p4um_gauss,e_Sigma_star_3p4um_gauss,Sigma_SFR_HaW4recal_gauss,e_Sigma_SFR_HaW4recal_gauss,Sigma_SFR_FUVW4recal_gauss,e_Sigma_SFR_FUVW4recal_gauss,Sigma_SFR_Hacorr_gauss,e_Sigma_SFR_Hacorr_gauss,Sigma_SFR_HaW4_gauss,e_Sigma_SFR_HaW4_gauss,Sigma_SFR_FUVW4_gauss,e_Sigma_SFR_FUVW4_gauss,Sigma_SFR_NUVW4_gauss,e_Sigma_SFR_NUVW4_gauss,Sigma_SFR_W4ONLY_gauss,e_Sigma_SFR_W4ONLY_gauss
[from data line 67]
67.0,55.51638379835272,-47.201967216094744,6.873973121941666,-179.32414943141092,1.435804643190197,0.0992091491366867,nan,nan,63.73076242652271,0.5030843399568278,63.73076242652271,0.5030843399568278,nan,nan,0.0,nan,nan,nan,0.0012419810652900803,1.1515403427975977e-06,0.0,0.00037874090326180164,0.001888571737428514,0.00021482566469049465,0.0022222106107449764,0.00018779641896584526,0.0016605327999986471,0.0002695094212411597
68.0,55.49600633836603,-47.24191858712791,6.873973121941666,0.6758505685890684,1.7591706547330488,0.12108414127185962,nan,nan,41.970288622326564,0.3905056617837011,41.970288622326564,0.3905056617837011,37.97655884326801,0.6800945110961155,0.0,0.0003288663225968278,0.0,0.0001432268491022369,0.000723891173590953,8.273136456488312e-07,0.0,0.0003756676393392684,0.0,0.00021482566469049465,0.0,0.00018779641896584526,0.0,0.0002695094212411597
69.0,55.48581760837268,-47.237923450024596,7.00611808522866,-23.82759625913967,1.7200135100235296,0.10689208994196912,nan,nan,52.079585141530934,0.3456351918481132,52.079585141530934,0.3456351918481132,nan,nan,nan,nan,nan,nan,0.006471615155370822,2.842581779444823e-06,0.007402785304642148,0.0003920679583494859,0.006455091124596297,0.00021482566469049465,0.007338478383185256,0.00018779641896584526,0.006157938325069184,0.0002695094212411597
70.0,55.52657252834607,-47.20596235319806,7.00611808522866,156.17240374086035,2.228520020965343,0.11469452421656734,nan,nan,90.47094227073387,0.5578652311195731,90.47094227073387,0.5578652311195731,nan,nan,0.0,nan,nan,nan,0.0008779864081651638,1.2306443585536177e-06,0.0,0.0003831875271592528,0.0019206118801982583,0.00021482566469049465,0.0027306741083435804,0.00018779641896584526,0.0015873766015313214,0.0002695094212411597
71.0,55.47902512171045,-47.22993317581796,7.037198297744148,-50.58040967093934,1.28808535382653,0.10711814406980678,nan,nan,108.3121995028307,0.5578652311195728,108.3121995028307,0.5578652311195728,101.7893064068608,0.9715635872801653,0.0,0.00033690454282630784,0.0010408945317727065,0.00013094992321086105,0.000776326017334143,7.338209215639299e-07,0.0,0.000384030904527492,0.0013873075830780441,0.00021482566469049465,0.0020812879160911073,0.00018779641896584526,0.0011067350079621131,0.0002695094212411597
72.0,55.5333650150083,-47.213952627404694,7.037198297744148,129.41959032906067,2.5469665082085133,0.10597102746485242,nan,nan,124.43200984846766,0.5206531461454634,124.43200984846766,0.5206531461454634,109.53640864112953,0.9067559872527117,0.001926389801394296,0.00035354729507615953,0.002817808465813158,0.0001555203250655779,0.0024997052153501583,1.8577942728406906e-06,0.003075363542368763,0.00039502307796188623,0.003404623014789972,0.00021482566469049465,0.0047123137768039615,0.00018779641896584526,0.0026539261506170245,0.0002695094212411597
73.0,55.49600633836603,-47.201967216094744,7.264045401400292,-137.51109737097403,0.8614244327557109,0.10668818695443079,nan,nan,72.20006480788447,0.5503093069461662,72.20006480788447,0.5503093069461662,nan,nan,0.0,nan,nan,nan,0.0018277531786663654,2.1629261289955996e-06,0.0,0.000382979072106877,0.0018483970286407327,0.00021482566469049465,0.0022103082751001066,0.00018779641896584526,0.0016317843241838211,0.0002695094212411597
74.0,55.51638379835272,-47.24191858712791,7.264045401400292,42.48890262902597,1.498244980320389,0.10499326366150473,nan,nan,74.92811128785762,0.5578652311195729,74.92811128785762,0.5578652311195729,64.54125666413886,0.9715635872801653,0.0,0.00033664055728944444,0.0,0.00014725409336370152,0.0010588806638133317,1.13369123315426e-06,0.0,0.0003809768052431022,0.0,0.00021482566469049465,0.0,0.00018779641896584526,0.0,0.0002695094212411597
75.0,55.48242136504156,-47.20995749030138,7.374664359221286,-104.92412432336455,1.8496607218315422,0.11970723404420906,nan,nan,116.89087860470131,0.557865231119573,116.89087860470131,0.557865231119573,104.66586102592134,0.9715635872801653,0.0,0.0003359575577940079,0.0010274413623990845,0.00012645977546882006,0.0005178388617374863,1.0749439842365381e-06,0.0,0.000384492962483863,0.0014413517001999052,0.00021482566469049465,0.0018199600204806,0.00018779641896584526,0.0012549261408345178,0.0002695094212411597
76.0,55.52996877167719,-47.23392831292128,7.374664359221286,75.07587567663546,3.5819502397450402,0.14480163045785527,nan,nan,127.18329170101485,0.557865231119573,127.18329170101485,0.557865231119573,113.08397916722897,0.9715635872801653,0.0,0.0003476779246465814,0.0019032110579139691,0.0001449622507902122,0.0013881115566755317,1.3877904964626847e-06,0.0,0.0003921766353629218,0.002391312951485267,0.00021482566469049465,0.002965190576936163,0.00018779641896584526,0.0018732206249676509,0.0002695094212411597
77.0,55.47902512171045,-47.213952627404694,7.443431036941071,-93.26119613115887,2.7650119214687514,0.14062770565437763,nan,nan,155.80792182621067,0.557865231119573,155.80792182621067,0.557865231119573,137.47453744221153,0.9715635872801653,0.0,0.00034461235684644383,0.0014421579398099448,0.0001248113055356842,0.0011096244643453393,1.377627361385855e-06,0.0,0.0003908682665817144,0.002096674831247913,0.00021482566469049465,0.0024537107051540085,0.00018779641896584526,0.0019479204406525673,0.0002695094212411597
78.0,55.5333650150083,-47.22993317581796,7.443431036941071,86.73880386884115,3.0188802864767377,0.13862964971419567,nan,nan,164.01008839754056,0.557865231119573,164.01008839754056,0.557865231119573,nan,nan,0.0,nan,nan,nan,0.0014016229048313684,1.14776501289226e-06,0.0,0.00040024629119144904,0.0025507234373063604,0.00021482566469049465,0.003443132290526638,0.00018779641896584526,0.0021275352385478857,0.0002695094212411597
79.0,55.489213851703795,-47.24191858712791,7.5355540468503275,-11.694325746972996,1.0492136921426782,0.10834430582787867,nan,nan,44.70977083045142,0.45018682177422464,44.70977083045142,0.45018682177422464,nan,nan,0.0,nan,nan,nan,0.0012941418785994308,7.225512652272694e-07,0.0,0.0003742730370122525,0.001374373495069835,0.00021482566469049465,0.001763715151205644,0.00018779641896584526,0.0012537108940407985,0.0002695094212411597
80.0,55.523176285014955,-47.201967216094744,7.5355540468503275,168.305674253027,2.1750822125851754,0.12062679041835563,nan,nan,43.911185085154,0.3905056617837011,43.911185085154,0.3905056617837011,39.031587256144064,0.6800945110961155,0.0,0.00032997268197710255,0.0009884013951060554,0.00015019417862516021,0.0006482628099023227,1.2087875180450425e-06,0.0,0.00037798293349770195,0.0011904285601335013,0.00021482566469049465,0.0015437533650005013,0.00018779641896584526,0.0008382482780444428,0.0002695094212411597
81.0,55.47562887837933,-47.225938038714645,7.593254460916744,-62.566128316646505,1.8467651752704455,0.12350136250826241,nan,nan,150.02666891434382,0.5222894464341729,150.02666891434382,0.5222894464341729,137.80631093649458,0.9096057253071439,0.00219288605224676,0.00035323704426834274,0.003484475340759035,0.00015686539824909425,0.0028336133077638765,1.7515637800872518e-06,0.0035679795448512433,0.00039527643763511973,0.004154383530789909,0.00021482566469049465,0.005554710903007024,0.00018779641896584526,0.0031001644426853444,0.0002695094212411597
82.0,55.53676125833942,-47.21794776450801,7.593254460916744,117.4338716833535,2.335377649988345,0.11376263723067576,nan,nan,152.02013860532938,0.5319954587819622,152.02013860532938,0.5319954587819622,140.07148829076777,0.9265094641472195,0.0023109045585537873,0.0003594008438923295,0.0028797587233487746,0.0001550774884352209,0.003282941895426505,1.7993167479543352e-06,0.00324891302067177,0.0003995727282815139,0.0033779820185973176,0.00021482566469049465,0.0050413890147024696,0.00018779641896584526,0.0022365320190746293,0.0002695094212411597
83.0,55.48581760837268,-47.20596235319806,7.60982583270185,-116.32857130570055,1.4750526434362767,0.11969101950529806,nan,nan,93.37725536471962,0.557865231119573,93.37725536471962,0.557865231119573,83.626103079474,0.9715635872801653,0.0,0.00033715468634073516,0.0011229883529938892,0.0001317293064012025,0.0009205646159270138,1.3035900901805169e-06,0.0,0.0003841414391930885,0.0015672895343861975,0.00021482566469049465,0.0020708903764783916,0.00018779641896584526,0.0014328347663571835,0.0002695094212411597
84.0,55.52657252834607,-47.237923450024596,7.60982583270185,63.67142869429944,2.1648621787812212,0.1387855121955459,nan,nan,98.98346244946248,0.557865231119573,98.98346244946248,0.557865231119573,85.84921804247126,0.9715635872801653,0.0,0.0003431949127148641,0.001549261893537216,0.0001542861767820636,0.0015789406303350106,1.3131702886674054e-06,0.0,0.0003866058175232156,0.001801365656864405,0.00021482566469049465,0.002437920471684859,0.00018779641896584526,0.0011168773793629031,0.0002695094212411597
85.0,55.47562887837933,-47.21794776450801,7.808099818501923,-82.25402127647445,5.627830483459916,0.17207538877250028,nan,nan,205.01685215711626,0.5578652311195731,205.01685215711626,0.5578652311195731,189.683096206823,0.9715635872801653,0.0020191744928506816,0.00035512526872722675,0.002128522712110667,0.00013002662695100006,0.0027519398383243064,1.4541555043632405e-06,0.0032078198779993106,0.0003981290318308891,0.002931190445477661,0.00021482566469049465,0.0040712489483047554,0.00018779641896584526,0.002536371226291389,0.0002695094212411597
86.0,55.53676125833942,-47.225938038714645,7.808099818501923,97.74597872352557,4.679639042487121,0.15244269860109186,nan,nan,204.01788272274385,0.557865231119573,204.01788272274385,0.557865231119573,192.83732690934693,0.9715635872801653,0.0023606646604824796,0.00036586791148041884,0.0028246344421419597,0.00014085759161665308,0.0031098374303893395,1.6534861185455773e-06,0.0036533795561007956,0.0004070989678848179,0.003609975772760546,0.00021482566469049465,0.004709859078121243,0.00018779641896584526,0.002846272145228621,0.0002695094212411597
87.0,55.506195068359375,-47.19797207899143,7.9247754605991725,-157.81378749421063,nan,nan,nan,nan,39.908233147792224,0.5217623330065434,39.908233147792224,0.5217623330065434,nan,nan,0.0,nan,0.0,nan,nan,nan,0.0,0.00037313887154107587,0.0,0.00021482566469049465,0.0,0.00018779641896584526,0.0,0.0002695094212411597
88.0,55.506195068359375,-47.24591372423123,7.9247754605991725,22.18621250578937,0.0,nan,nan,nan,30.844713968380564,0.3905056617837011,30.844713968380564,0.3905056617837011,28.162522364678928,0.6800945110961155,0.0,0.0003257851395136554,0.0008099163271253792,0.00014792015686493706,nan,nan,0.0,0.0003719114066769512,0.0010192676185776955,0.00021482566469049465,0.0013249946910517181,0.00018779641896584526,0.000839048871614829,0.0002695094212411597
89.0,55.51298755502161,-47.19797207899143,7.9648580836866945,-169.99277945406743,0.2115921000557045,0.05754776709529504,nan,nan,32.97091271685702,0.45011780011882097,32.97091271685702,0.45011780011882097,nan,nan,0.0,nan,nan,nan,nan,nan,0.0,0.00037451917881087043,0.0013551097563115114,0.00021482566469049465,0.0014483875996856692,0.00018779641896584526,0.0012339186713314137,0.0002695094212411597
90.0,55.49940258169714,-47.24591372423123,7.9648580836866945,10.007220545932572,0.4255861075882875,0.06283666528240446,nan,nan,27.914081648012054,0.390505661783701,27.914081648012054,0.390505661783701,25.672146072215696,0.6800945110961155,0.0,0.00031995076741741813,0.0,0.00014053361760646828,nan,nan,0.0,0.0003701282890345897,0.0,0.00021482566469049465,0.0,0.00018779641896584526,0.0,0.0002695094212411597
91.0,55.489213851703795,-47.201967216094744,8.122560555661334,-126.67077208670959,0.8742478302284623,0.1277900538660847,nan,nan,66.01977949960389,0.557865231119573,66.01977949960389,0.557865231119573,59.17132899797206,0.9715635872801653,0.0,0.00033301397376252597,0.0009844605425653463,0.00014101974097682876,0.0011940183934872042,1.3552305810726185e-06,0.0,0.00037781604833210796,0.0012859100428825254,0.00021482566469049465,0.0015653064954921597,0.00018779641896584526,0.0010949349080696805,0.0002695094212411597
92.0,55.523176285014955,-47.24191858712791,8.122560555661334,53.32922791329041,1.4124907232704635,0.12746029319536298,nan,nan,71.02903247222339,0.557865231119573,71.02903247222339,0.557865231119573,nan,nan,0.0,nan,nan,nan,0.0008834428373767562,9.655826767980293e-07,0.0,0.0003791995466041159,0.0012629867693198745,0.00021482566469049465,0.0018160706992962276,0.00018779641896584526,0.0009324761826181328,0.0002695094212411597
93.0,55.47902512171045,-47.237923450024596,8.216746865727893,-32.698519304731185,0.7656639766272153,0.08512703029316422,nan,nan,55.66895708707871,0.5033326989854847,55.66895708707871,0.5033326989854847,49.967538567633156,0.8765911466472598,0.0,0.0003300070705859692,0.0013682789205418456,0.00015829086925376912,0.0009246397408108909,6.810390644522108e-07,0.0,0.00037589062670088485,0.0016227763186277278,0.00021482566469049465,0.002096004463019481,0.00018779641896584526,0.0012074972150772799,0.0002695094212411597
94.0,55.5333650150083,-47.20596235319806,8.216746865727893,147.30148069526882,2.4518477868661033,0.11172956011032312,nan,nan,62.5622484956386,0.4988726043557258,62.5622484956386,0.4988726043557258,nan,nan,0.0,nan,nan,nan,0.0009291916661521127,1.3983861971935214e-06,0.0,0.00037904166942231033,0.0014304260997789336,0.00021482566469049465,nan,nan,0.0011546791455457296,0.0002695094212411597
95.0,55.49940258169714,-47.19797207899143,8.237162350179519,-146.0432735096119,0.0,0.09363732246181014,nan,nan,31.61244523363138,0.39050566178370116,31.61244523363138,0.39050566178370116,nan,nan,0.0,nan,0.0,nan,nan,nan,0.0,0.0003706812364283516,0.0,0.00021482566469049465,nan,nan,0.0,0.0002695094212411597
96.0,55.51298755502161,-47.24591372423123,8.237162350179519,33.95672649038809,1.100231763463096,0.11385449687033151,nan,nan,30.775861725768305,0.3905056617837011,30.775861725768305,0.3905056617837011,27.966941678022305,0.6800945110961155,0.0,0.00032229119838312644,0.0,0.00013561041238075166,nan,nan,0.0,0.000372455548079378,0.0,0.00021482566469049465,0.0,0.00018779641896584526,0.0,0.0002695094212411597
97.0,55.47562887837933,-47.23392831292128,8.26466082364343,-44.00686975533285,1.845984706466457,0.13291533771953742,nan,nan,70.53153561471295,0.49931276047145157,70.53153561471295,0.49931276047145157,62.75793586581455,0.8695901262117299,0.0,0.0003403467959622628,0.001661270411303174,0.00016332629316107434,0.001519291314333874,1.0762090625016303e-06,0.0,0.00038311715817977536,0.0018814174177050203,0.00021482566469049465,0.002830234002620742,0.00018779641896584526,0.0011468146402181475,0.0002695094212411597
98.0,55.53676125833942,-47.20995749030138,8.26466082364343,135.99313024466716,2.4477110946601393,0.11998000976330692,nan,nan,72.91506517818604,0.4739798425110098,72.91506517818604,0.4739798425110098,nan,nan,nan,nan,nan,nan,0.0025198786874924264,2.001389515968178e-06,0.002630279762169087,0.00038412066324261095,0.0026777281627841276,0.00021482566469049465,0.0033962975790627088,0.00018779641896584526,0.002148021197519908,0.0002695094212411597
99.0,55.49261009503491,-47.24591372423123,8.352337287266886,-1.539497913663324,0.6486283331710258,0.10737859801525969,nan,nan,22.785354093501574,0.3905056617837011,22.785354093501574,0.3905056617837011,nan,nan,0.0,nan,0.0,nan,nan,nan,0.0,0.0003687610047549791,0.0,0.00021482566469049465,0.0,0.00018779641896584526,0.0,0.0002695094212411597
100.0,55.51978004168384,-47.19797207899143,8.352337287266886,178.46050208633667,0.0,nan,nan,nan,25.459750714302853,0.3905056617837011,25.459750714302853,0.3905056617837011,23.190574003746402,0.6800945110961155,0.0,0.00032014161670645096,0.0,0.0001365259131664299,nan,nan,0.0,0.0003710377444122057,0.0,0.00021482566469049465,0.0,0.00018779641896584526,0.0,0.0002695094212411597
