PHANGS/NGC1433_gauss_1p5kpc.ecsv
# %ECSV 1.0
# ---
# datatype:
# - {name: ID, datatype: float64, format: .0f, description: Aperture ID}
# - {name: RA, unit: deg, datatype: float64, format: .5f, description: Right Ascension of the aperture center}
# - {name: DEC, unit: deg, datatype: float64, format: .5f, description: Declination of the aperture center}
# - {name: r_gal, unit: kpc, datatype: float64, format: .2f, description: Deprojected galactocentric radius}
# - {name: phi_gal, unit: deg, datatype: float64, format: .2f, description: Deprojected azimuthal angle (0 = receding major axis)}
# - {name: Sigma_mol_gauss, unit: solMass / pc2, datatype: float64, format: .3e, description: Kernel-average molecular gas surface density
#     (S20 alphaCO)}
# - {name: e_Sigma_mol_gauss, unit: solMass / pc2, datatype: float64, format: .1e, description: Stats error on kernel-average molecular
#     gas surface density (S20 alphaCO)}
# - {name: Sigma_atom_gauss, unit: solMass / pc2, datatype: float64, format: .3e, description: Kernel-average atomic gas surface density
#     (PHANGS-HI)}
# - {name: e_Sigma_atom_gauss, unit: solMass / pc2, datatype: float64, format: .1e, description: Stats error on kernel-average atomic
#     gas surface density (PHANGS-HI)}
# - {name: Sigma_star_gauss, unit: solMass / pc2, datatype: float64, format: .3e, description: Kernel-average stellar mass surface density
#     (fiducial)}
# - {name: e_Sigma_star_gauss, unit: solMass / pc2, datatype: float64, format: .1e, description: Stats error on kernel-average stellar
#     mass surface density (fiducial)}
# - {name: Sigma_star_3p6um_gauss, unit: solMass / pc2, datatype: float64, format: .3e, description: Kernel-average stellar mass surface
#     density (3.6um + varying M/L; Leroy+21)}
# - {name: e_Sigma_star_3p6um_gauss, unit: solMass / pc2, datatype: float64, format: .1e, description: Stats error on kernel-average stellar
#     mass surface density (3.6um + varying M/L; Leroy+21)}
# - {name: Sigma_star_3p4um_gauss, unit: solMass / pc2, datatype: float64, format: .3e, description: Kernel-average stellar mass surface
#     density (3.4um + varying M/L; Leroy+21)}
# - {name: e_Sigma_star_3p4um_gauss, unit: solMass / pc2, datatype: float64, format: .1e, description: Stats error on kernel-average stellar
#     mass surface density (3.4um + varying M/L; Leroy+21)}
# - {name: Sigma_SFR_HaW4recal_gauss, unit: solMass / (kpc2 yr), datatype: float64, format: .3e, description: Kernel-average SFR surface
#     density (recalibrated Halpha + WISE4; Belfiore+22)}
# - {name: e_Sigma_SFR_HaW4recal_gauss, unit: solMass / (kpc2 yr), datatype: float64, format: .1e, description: Stats error on kernel-average
#     SFR surface density (recalibrated Halpha + WISE4; Belfiore+22)}
# - {name: Sigma_SFR_FUVW4recal_gauss, unit: solMass / (kpc2 yr), datatype: float64, format: .3e, description: Kernel-average SFR surface
#     density (recalibrated GALEX FUV + WISE4; Belfiore+22)}
# - {name: e_Sigma_SFR_FUVW4recal_gauss, unit: solMass / (kpc2 yr), datatype: float64, format: .1e, description: Stats error on kernel-average
#     SFR surface density (recalibrated GALEX FUV + WISE4; Belfiore+22)}
# - {name: Sigma_SFR_Hacorr_gauss, unit: solMass / (kpc2 yr), datatype: float64, format: .3e, description: Kernel-average SFR surface
[...]
#       value: !astropy.table.SerializedColumn {name: e_Sigma_mol_gauss}
#     e_Sigma_star_3p4um_gauss:
#       __class__: astropy.units.quantity.Quantity
#       unit: !astropy.units.Unit {unit: solMass / pc2}
#       value: !astropy.table.SerializedColumn {name: e_Sigma_star_3p4um_gauss}
#     e_Sigma_star_3p6um_gauss:
#       __class__: astropy.units.quantity.Quantity
#       unit: !astropy.units.Unit {unit: solMass / pc2}
#       value: !astropy.table.SerializedColumn {name: e_Sigma_star_3p6um_gauss}
#     e_Sigma_star_gauss:
#       __class__: astropy.units.quantity.Quantity
#       unit: !astropy.units.Unit {unit: solMass / pc2}
#       value: !astropy.table.SerializedColumn {name: e_Sigma_star_gauss}
#     phi_gal:
#       __class__: astropy.units.quantity.Quantity
#       unit: *id001
#       value: !astropy.table.SerializedColumn {name: phi_gal}
#     r_gal:
#       __class__: astropy.units.quantity.Quantity
#       unit: !astropy.units.Unit {unit: kpc}
#       value: !astropy.table.SerializedColumn {name: r_gal}
# schema: astropy-2.0
ID,RA,DEC,r_gal,phi_gal,Sigma_mol_gauss,e_Sigma_mol_gauss,Sigma_atom_gauss,e_Sigma_atom_gauss,Sigma_star_gauss,e_Sigma_star_gauss,Sigma_star_3p6um_gauss,e_Sigma_star_3p6um_gauss,Sigma_star_3p4um_gauss,e_Sigma_star_3p4um_gauss,Sigma_SFR_HaW4recal_gauss,e_Sigma_SFR_HaW4recal_gauss,Sigma_SFR_FUVW4recal_gauss,e_Sigma_SFR_FUVW4recal_gauss,Sigma_SFR_Hacorr_gauss,e_Sigma_SFR_Hacorr_gauss,Sigma_SFR_HaW4_gauss,e_Sigma_SFR_HaW4_gauss,Sigma_SFR_FUVW4_gauss,e_Sigma_SFR_FUVW4_gauss,Sigma_SFR_NUVW4_gauss,e_Sigma_SFR_NUVW4_gauss,Sigma_SFR_W4ONLY_gauss,e_Sigma_SFR_W4ONLY_gauss
[from data line 218]
218.0,55.54694998833277,-47.19797207899143,12.325120298593193,147.30148069526356,0.0,0.10612263972442142,nan,nan,14.809641532976878,0.3905056617837011,14.809641532976878,0.3905056617837011,13.257633434536862,0.6800945110961155,0.0,nan,0.0,0.0001225843642205917,nan,nan,0.0,0.00037098938039806554,0.0,0.00021482566469049465,0.0,0.00018779641896584526,0.0,0.0002695094212411597
219.0,55.49600633836603,-47.185986667681476,12.355743525268776,-146.04327350961975,nan,nan,nan,nan,13.59093305064097,0.390505661783701,13.59093305064097,0.390505661783701,12.698173750527221,0.6800945110961155,0.0,nan,0.0,0.00011624436062197982,nan,nan,0.0,0.00036672498849610183,0.0,0.00021482566469049465,0.0,0.00018779641896584526,0.0,0.0002695094212411597
220.0,55.51638379835272,-47.25789913554118,12.355743525268776,33.956726490380255,nan,nan,nan,nan,10.954182025610555,0.3905056617837011,10.954182025610555,0.3905056617837011,9.667133367365524,0.6800945110961155,0.0,nan,0.0,7.82231476648375e-05,nan,nan,0.0,0.000366444013011778,0.0,0.00021482566469049465,0.0,0.00018779641896584526,0.0,0.0002695094212411597
221.0,55.47562887837933,-47.19397694188811,12.435000575497213,-120.36325416844565,nan,nan,nan,nan,20.759283769743227,0.390505661783701,20.759283769743227,0.390505661783701,18.335266294993414,0.6800945110961155,0.0,0.0003170948899471484,0.000756783386452468,0.0001476617293629097,nan,nan,0.0,0.00036964555732610973,0.0010003943939295525,0.00021482566469049465,0.0010526583643753727,0.00018779641896584526,0.0009725912949559224,0.0002695094212411597
222.0,55.53676125833942,-47.249908861334546,12.435000575497213,59.63674583155435,nan,nan,nan,nan,21.41296589668283,0.3905056617837011,21.41296589668283,0.3905056617837011,20.43390643777701,0.6800945110961155,0.0,0.000321328045490768,0.0,0.00012774394391503556,nan,nan,0.0,0.0003718620748771325,0.0,0.00021482566469049465,0.0,0.00018779641896584526,0.0,0.0002695094212411597
223.0,55.45864766172375,-47.237923450024596,12.526639549265743,-47.694192516930514,0.0,0.11272622757447477,nan,nan,nan,nan,nan,nan,22.90907605142756,0.6800945110961155,0.0,0.00031948368331833986,0.0,0.00015672108939120054,0.00039749085253770755,7.59971613235438e-07,0.0,0.0003692946069268646,0.0,0.00021482566469049465,0.0,0.00018779641896584526,0.0,0.0002695094212411597
224.0,55.553742474995,-47.20596235319806,12.526639549265743,132.3058074830695,1.1627087515187604,0.12452556052262918,nan,nan,25.849558520113884,0.390505661783701,25.849558520113884,0.390505661783701,22.23184953308525,0.6800945110961155,0.0,0.00033621663065454326,0.0,0.00016265838520096015,0.0011094681808281395,1.2041480376625726e-06,0.0,0.00037732838261948803,0.0,0.00021482566469049465,0.0,0.00018779641896584526,0.0,0.0002695094212411597
225.0,55.4688363917171,-47.249908861334546,12.542792956961572,-25.274781623390144,nan,nan,nan,nan,nan,nan,nan,nan,nan,nan,0.0,nan,0.0,nan,nan,nan,0.0,0.0003639385254003025,0.0,0.00021482566469049465,0.0,0.00018779641896584526,0.0,0.0002695094212411597
226.0,55.54355374500165,-47.19397694188811,12.542792956961572,154.72521837660986,nan,nan,nan,nan,11.373683687890487,0.3905056617837011,11.373683687890487,0.3905056617837011,9.438808095165276,0.6800945110961155,0.0,nan,0.0,0.00011699673279193679,nan,nan,0.0,0.00037225267498022856,0.0,0.00021482566469049465,0.0,0.00018779641896584526,0.0,0.0002695094212411597
227.0,55.455251418392635,-47.225938038714645,12.60542365926067,-66.55487449131333,0.0,0.113783102304457,nan,nan,26.03526959421176,0.3905056617837011,26.03526959421176,0.3905056617837011,24.35928772798457,0.6800945110961155,0.0,0.00031763328403354793,0.0,0.00013083658753843742,0.0003682851482938878,6.88076265675713e-07,0.0,0.0003683423709389445,0.0,0.00021482566469049465,0.0,0.00018779641896584526,0.0,0.0002695094212411597
228.0,55.557138718326115,-47.21794776450801,12.60542365926067,113.44512550868669,0.0,0.09057914197288444,nan,nan,24.42222708989727,0.39050566178370094,24.42222708989727,0.39050566178370094,20.89397432531531,0.6800945110961155,0.0,0.0003316213604726021,0.0,0.00014680338555876613,0.00030099172521906993,1.1340293400859181e-06,0.0,0.00038173820399442114,0.0,0.00021482566469049465,0.0,0.00018779641896584526,0.0,0.0002695094212411597
229.0,55.455251418392635,-47.21794776450801,12.822306919656793,-78.44090494760916,0.0,0.11615917299661685,nan,nan,23.68234031229577,0.39050566178370116,23.68234031229577,0.39050566178370116,22.79354737389109,0.6800945110961155,0.0,0.0003191308134879645,0.0,0.00013755956055573184,0.0004788022469580328,7.63723275341878e-07,0.0,0.00036795658252832393,0.0,0.00021482566469049465,0.0,0.00018779641896584526,0.0,0.0002695094212411597
230.0,55.557138718326115,-47.225938038714645,12.822306919656793,101.55909505239084,0.27392060089605946,0.06692580110959044,nan,nan,24.77729971839917,0.3905056617837011,24.77729971839917,0.3905056617837011,22.20548236070341,0.6800945110961155,0.0,nan,0.0,0.00013289780826613142,0.0001747415480153815,1.1546595179225647e-06,0.0,0.0003847137923639253,0.0,0.00021482566469049465,0.0,0.00018779641896584526,0.0,0.0002695094212411597
231.0,55.48242136504156,-47.25789913554118,12.827635366590098,-5.102337220734196,nan,nan,nan,nan,nan,nan,nan,nan,nan,nan,0.0,nan,0.0,nan,nan,nan,0.0,0.00036450388148448937,0.0,0.00021482566469049465,0.0,0.00018779641896584526,0.0,0.0002695094212411597
232.0,55.52996877167719,-47.185986667681476,12.827635366590098,174.89766277926583,nan,nan,nan,nan,11.353465507441388,0.3905056617837011,11.353465507441388,0.3905056617837011,nan,nan,0.0,nan,0.0,nan,nan,nan,0.0,0.00036836836117750473,0.0,0.00021482566469049465,nan,nan,0.0,0.0002695094212411597
233.0,55.455251418392635,-47.23392831292128,12.935914007371533,-54.77473387919685,0.0,0.11727421942087021,nan,nan,nan,nan,nan,nan,33.18244972756598,0.941652801242509,0.0,0.000323012633839067,0.0007246539205590097,0.0001363710275951617,0.0007357530490520971,1.2116864507833676e-06,0.0,0.0003702678523959166,0.00102716387867842,0.00021482566469049465,0.0011726998278728602,0.00018779641896584526,0.0010334908236950683,0.0002695094212411597
234.0,55.557138718326115,-47.20995749030138,12.935914007371533,125.22526612080314,0.49026098408484525,0.10003979600549202,nan,nan,21.32253244594962,0.308943973751821,21.32253244594962,0.308943973751821,18.020536610911066,0.5380487950548981,0.0019725274889867955,0.0003671157446273778,0.002270047194978621,0.00021374610700217493,0.0029493621351241264,1.6068045230861392e-06,0.0021310809093728097,0.0003879192486939112,0.0022737218161323165,0.00021482566469049465,0.003645183323618599,0.00018779641896584526,0.0009141570022872861,0.0002695094212411597
235.0,55.489213851703795,-47.185986667681476,12.936176362394873,-138.8644332477911,nan,nan,nan,nan,14.13892325354437,0.3905056617837011,14.13892325354437,0.3905056617837011,12.360888222313202,0.6800945110961155,0.0,0.00031591534313657303,0.0,0.00013920799064044746,nan,nan,0.0,0.00036746797794065175,0.0,0.00021482566469049465,0.0,0.00018779641896584526,0.0,0.0002695094212411597
236.0,55.523176285014955,-47.25789913554118,12.936176362394873,41.135566752208895,nan,nan,nan,nan,13.146870465441369,0.3905056617837011,13.146870465441369,0.3905056617837011,11.285711523185912,0.6800945110961155,0.0,nan,0.0,0.00010008780444606124,nan,nan,0.0,0.0003674275007506858,0.0,0.00021482566469049465,0.0,0.00018779641896584526,0.0,0.0002695094212411597
237.0,55.472232635048215,-47.25390399843786,12.961975125190133,-18.217695640760176,nan,nan,nan,nan,nan,nan,nan,nan,nan,nan,0.0,nan,0.0,nan,nan,nan,0.0,0.00036368532144234294,0.0,0.00021482566469049465,nan,nan,0.0,0.0002695094212411597
238.0,55.540157501670535,-47.18998180478479,12.961975125190133,161.78230435923982,nan,nan,nan,nan,10.699332500077952,0.39050566178370116,10.699332500077952,0.39050566178370116,8.412065738720532,0.6800945110961155,0.0,nan,0.0,0.00011938586488722066,nan,nan,0.0,0.0003697979208435167,0.0,0.00021482566469049465,0.0,0.00018779641896584526,0.0,0.0002695094212411597
239.0,55.47902512171045,-47.18998180478479,12.996096889057721,-126.67077208671213,nan,nan,nan,nan,17.710382530858126,0.3905056617837011,17.710382530858126,0.3905056617837011,15.6428292498117,0.6800945110961155,0.0,0.00031574199935260503,0.0,0.00014872316449396407,nan,nan,0.0,0.0003677183309485974,0.0,0.00021482566469049465,0.0,0.00018779641896584526,0.0,0.0002695094212411597
240.0,55.5333650150083,-47.25390399843786,12.996096889057721,53.32922791328789,nan,nan,nan,nan,18.761444430054148,0.390505661783701,18.761444430054148,0.390505661783701,nan,nan,0.0,nan,0.0,nan,nan,nan,0.0,0.0003750535560873269,0.0,0.00021482566469049465,nan,nan,0.0,0.0002695094212411597
241.0,55.51298755502161,-47.18199153057816,13.176359716402132,-165.14039193600192,nan,nan,nan,nan,12.221057879730054,0.390505661783701,12.221057879730054,0.390505661783701,10.646201771470592,0.6800945110961155,0.0,nan,0.0,6.0719393959759386e-05,nan,nan,0.0,0.00036762176515622044,0.0,0.00021482566469049465,0.0,0.00018779641896584526,0.0,0.0002695094212411597
242.0,55.49940258169714,-47.2618942726445,13.176359716402132,14.859608063998069,nan,nan,nan,nan,9.39643302581323,0.3905056617837011,9.39643302581323,0.3905056617837011,nan,nan,0.0,nan,0.0,nan,nan,nan,0.0,0.00036522829406601844,0.0,0.00021482566469049465,0.0,0.00018779641896584526,0.0,0.0002695094212411597
243.0,55.506195068359375,-47.18199153057816,13.20795910099862,-157.81378749421063,nan,nan,nan,nan,14.06479708813907,0.3905056617837011,14.06479708813907,0.3905056617837011,12.13090075310923,0.6800945110961155,0.0,nan,0.0,0.00011445966420314779,nan,nan,0.0,0.00036713445252948955,0.0,0.00021482566469049465,0.0,0.00018779641896584526,0.0,0.0002695094212411597
244.0,55.506195068359375,-47.2618942726445,13.20795910099862,22.18621250578937,nan,nan,nan,nan,9.418802485394963,0.390505661783701,9.418802485394963,0.390505661783701,nan,nan,0.0,nan,0.0,nan,nan,nan,0.0,0.0003649113208590692,0.0,0.00021482566469049465,0.0,0.00018779641896584526,0.0,0.0002695094212411597
245.0,55.46204390505487,-47.201967216094744,13.254104431230832,-102.32135058165345,0.9236996697419975,0.15264144102085428,nan,nan,26.258717100089147,0.4321914941141905,26.258717100089147,0.4321914941141905,24.056907294188214,0.7526934732441777,0.0,0.00032414646926107665,0.0012535682834531722,0.00016846543278426778,0.0006421538403871353,9.097542800322506e-07,0.0,0.0003698124761709736,0.0014642772224872428,0.00021482566469049465,0.00182418491766039,0.00018779641896584526,0.0012194972906302065,0.0002695094212411597
246.0,55.55034623166388,-47.24191858712791,13.254104431230832,77.67864941834657,0.587147624656713,0.09386840597320804,nan,nan,25.333667551602,0.3905056617837011,25.333667551602,0.3905056617837011,22.46578185166123,0.6800945110961155,0.0,0.0003315795307625844,0.0,0.00013816803606114654,0.0005601358517793806,8.053427076956097e-07,0.0,0.0003775827661119237,0.0,0.00021482566469049465,0.0,0.00018779641896584526,0.0,0.0002695094212411597
247.0,55.45864766172375,-47.20596235319806,13.323117818925342,-95.82654102181868,0.36555032275568733,0.0857307821852601,nan,nan,23.849057784390773,0.3905056617837011,23.849057784390773,0.3905056617837011,22.057582533186835,0.6800945110961155,0.0,0.0003251346724665635,0.0,0.00016102864703341065,0.0006446958834967942,8.659644343028803e-07,0.0,0.00037035634808636357,0.0,0.00021482566469049465,0.0,0.00018779641896584526,0.0,0.0002695094212411597
248.0,55.553742474995,-47.237923450024596,13.323117818925342,84.17345897818132,0.5803396725456111,0.10188321727615825,nan,nan,nan,nan,nan,nan,21.928670370915995,0.6800945110961155,0.0,0.0003331256924639809,0.0,0.0001484617364651652,0.0006482899460158658,8.691044837908051e-07,0.0,0.0003784228420928462,0.0,0.00021482566469049465,0.0,0.00018779641896584526,0.0,0.0002695094212411597
249.0,55.46544014838598,-47.19797207899143,13.355892561504787,-108.80015381569405,0.0,0.12341549221794013,nan,nan,22.443437812147216,0.390505661783701,22.443437812147216,0.390505661783701,20.486574564584206,0.6800945110961155,0.0,0.0003234315225386018,0.0,0.00016243886597419675,nan,nan,0.0,0.00036947256410893093,0.0,0.00021482566469049465,0.0,0.00018779641896584526,0.0,0.0002695094212411597
250.0,55.54694998833277,-47.24591372423123,13.355892561504787,71.19984618430597,0.5904029809596504,0.10078442688944424,nan,nan,25.885079976045322,0.3905056617837011,25.885079976045322,0.3905056617837011,22.993624014637053,0.6800945110961155,0.0,0.00034338314071556886,0.0,0.00016022194825794433,nan,nan,0.0,0.0003840955452562594,0.0,0.00021482566469049465,0.0,0.00018779641896584526,0.0,0.0002695094212411597
251.0,55.51978004168384,-47.18199153057816,13.359206668550494,-172.38360018935523,nan,nan,nan,nan,12.666730531414414,0.3905056617837012,12.666730531414414,0.3905056617837012,10.83366459082293,0.6800945110961155,0.0,nan,0.0,nan,nan,nan,0.0,0.00036735788306514527,0.0,0.00021482566469049465,0.0,0.00018779641896584526,0.0,0.0002695094212411597
252.0,55.49261009503491,-47.2618942726445,13.359206668550494,7.6163998106447774,nan,nan,nan,nan,9.573717064254916,0.390505661783701,9.573717064254916,0.390505661783701,nan,nan,0.0,nan,0.0,nan,nan,nan,0.0,0.00036413030912430086,0.0,0.00021482566469049465,0.0,0.00018779641896584526,0.0,0.0002695094212411597
253.0,55.49940258169714,-47.18199153057816,13.452493728894073,-150.63837299312908,nan,nan,nan,nan,14.368217518757682,0.3905056617837011,14.368217518757682,0.3905056617837011,12.921563270993799,0.6800945110961155,0.0,nan,0.0,0.00010035808535663793,nan,nan,0.0,0.00036693668307148647,0.0,0.00021482566469049465,0.0,0.00018779641896584526,0.0,0.0002695094212411597
254.0,55.51298755502161,-47.2618942726445,13.452493728894073,29.361627006870915,nan,nan,nan,nan,9.166595999652545,0.3905056617837011,9.166595999652545,0.3905056617837011,7.912801584394691,0.6800945110961155,0.0,nan,0.0,nan,nan,nan,0.0,0.0003639869292735709,0.0,0.00021482566469049465,0.0,0.00018779641896584526,0.0,0.0002695094212411597
255.0,55.45185517506152,-47.22194290161133,13.488573741830706,-72.54876263118015,0.0,0.12642466299626975,nan,nan,22.19717587896462,0.390505661783701,22.19717587896462,0.390505661783701,20.49039863284061,0.6800945110961155,0.0,0.00033081821944092244,0.0,0.00016199921215015835,0.0010485956659407071,1.1797005654914552e-06,0.0,0.00037087182621699244,0.0,0.00021482566469049465,0.0,0.00018779641896584526,0.0,0.0002695094212411597
256.0,55.56053496165723,-47.22194290161133,13.488573741830706,107.45123736881985,0.0,0.09581553291369906,nan,nan,20.090899172527475,0.3905056617837011,20.090899172527475,0.3905056617837011,17.734922167413348,0.6800945110961155,0.0,nan,0.0,0.00013760899215716226,0.00021801696701036208,1.1640094504386089e-06,0.0,0.0003805507862944108,0.0,0.00021482566469049465,0.0,0.00018779641896584526,0.0,0.0002695094212411597
257.0,55.45185517506152,-47.22993317581796,13.529121302339837,-61.32822726276242,0.0,0.12540409989902473,nan,nan,nan,nan,nan,nan,24.79562285482651,0.6800945110961155,0.0,0.0003289344664235538,0.0,0.00017289890581643352,0.0008557395855128268,8.842081350374269e-07,0.0,0.00037329072424233253,0.0,0.00021482566469049465,0.0,0.00018779641896584526,0.0,0.0002695094212411597
258.0,55.56053496165723,-47.213952627404694,13.529121302339837,118.67177273723759,0.0,0.09783185093620506,nan,nan,25.831509443198144,0.3905056617837011,25.831509443198144,0.3905056617837011,21.285365340340007,0.6800945110961155,0.0,0.00035140852686110736,0.0,0.00019461648631871985,0.001664105717581144,1.2393750875325939e-06,0.0,0.00038395806861813266,0.0,0.00021482566469049465,0.0,0.00018779641896584526,0.0,0.0002695094212411597
