PHANGS/NGC1433_gauss_1p5kpc.ecsv
# %ECSV 1.0
# ---
# datatype:
# - {name: ID, datatype: float64, format: .0f, description: Aperture ID}
# - {name: RA, unit: deg, datatype: float64, format: .5f, description: Right Ascension of the aperture center}
# - {name: DEC, unit: deg, datatype: float64, format: .5f, description: Declination of the aperture center}
# - {name: r_gal, unit: kpc, datatype: float64, format: .2f, description: Deprojected galactocentric radius}
# - {name: phi_gal, unit: deg, datatype: float64, format: .2f, description: Deprojected azimuthal angle (0 = receding major axis)}
# - {name: Sigma_mol_gauss, unit: solMass / pc2, datatype: float64, format: .3e, description: Kernel-average molecular gas surface density
#     (S20 alphaCO)}
# - {name: e_Sigma_mol_gauss, unit: solMass / pc2, datatype: float64, format: .1e, description: Stats error on kernel-average molecular
#     gas surface density (S20 alphaCO)}
# - {name: Sigma_atom_gauss, unit: solMass / pc2, datatype: float64, format: .3e, description: Kernel-average atomic gas surface density
#     (PHANGS-HI)}
# - {name: e_Sigma_atom_gauss, unit: solMass / pc2, datatype: float64, format: .1e, description: Stats error on kernel-average atomic
#     gas surface density (PHANGS-HI)}
# - {name: Sigma_star_gauss, unit: solMass / pc2, datatype: float64, format: .3e, description: Kernel-average stellar mass surface density
#     (fiducial)}
# - {name: e_Sigma_star_gauss, unit: solMass / pc2, datatype: float64, format: .1e, description: Stats error on kernel-average stellar
#     mass surface density (fiducial)}
# - {name: Sigma_star_3p6um_gauss, unit: solMass / pc2, datatype: float64, format: .3e, description: Kernel-average stellar mass surface
#     density (3.6um + varying M/L; Leroy+21)}
# - {name: e_Sigma_star_3p6um_gauss, unit: solMass / pc2, datatype: float64, format: .1e, description: Stats error on kernel-average stellar
#     mass surface density (3.6um + varying M/L; Leroy+21)}
# - {name: Sigma_star_3p4um_gauss, unit: solMass / pc2, datatype: float64, format: .3e, description: Kernel-average stellar mass surface
#     density (3.4um + varying M/L; Leroy+21)}
# - {name: e_Sigma_star_3p4um_gauss, unit: solMass / pc2, datatype: float64, format: .1e, description: Stats error on kernel-average stellar
#     mass surface density (3.4um + varying M/L; Leroy+21)}
# - {name: Sigma_SFR_HaW4recal_gauss, unit: solMass / (kpc2 yr), datatype: float64, format: .3e, description: Kernel-average SFR surface
#     density (recalibrated Halpha + WISE4; Belfiore+22)}
# - {name: e_Sigma_SFR_HaW4recal_gauss, unit: solMass / (kpc2 yr), datatype: float64, format: .1e, description: Stats error on kernel-average
#     SFR surface density (recalibrated Halpha + WISE4; Belfiore+22)}
# - {name: Sigma_SFR_FUVW4recal_gauss, unit: solMass / (kpc2 yr), datatype: float64, format: .3e, description: Kernel-average SFR surface
#     density (recalibrated GALEX FUV + WISE4; Belfiore+22)}
# - {name: e_Sigma_SFR_FUVW4recal_gauss, unit: solMass / (kpc2 yr), datatype: float64, format: .1e, description: Stats error on kernel-average
#     SFR surface density (recalibrated GALEX FUV + WISE4; Belfiore+22)}
# - {name: Sigma_SFR_Hacorr_gauss, unit: solMass / (kpc2 yr), datatype: float64, format: .3e, description: Kernel-average SFR surface
[...]
#       value: !astropy.table.SerializedColumn {name: e_Sigma_mol_gauss}
#     e_Sigma_star_3p4um_gauss:
#       __class__: astropy.units.quantity.Quantity
#       unit: !astropy.units.Unit {unit: solMass / pc2}
#       value: !astropy.table.SerializedColumn {name: e_Sigma_star_3p4um_gauss}
#     e_Sigma_star_3p6um_gauss:
#       __class__: astropy.units.quantity.Quantity
#       unit: !astropy.units.Unit {unit: solMass / pc2}
#       value: !astropy.table.SerializedColumn {name: e_Sigma_star_3p6um_gauss}
#     e_Sigma_star_gauss:
#       __class__: astropy.units.quantity.Quantity
#       unit: !astropy.units.Unit {unit: solMass / pc2}
#       value: !astropy.table.SerializedColumn {name: e_Sigma_star_gauss}
#     phi_gal:
#       __class__: astropy.units.quantity.Quantity
#       unit: *id001
#       value: !astropy.table.SerializedColumn {name: phi_gal}
#     r_gal:
#       __class__: astropy.units.quantity.Quantity
#       unit: !astropy.units.Unit {unit: kpc}
#       value: !astropy.table.SerializedColumn {name: r_gal}
# schema: astropy-2.0
ID,RA,DEC,r_gal,phi_gal,Sigma_mol_gauss,e_Sigma_mol_gauss,Sigma_atom_gauss,e_Sigma_atom_gauss,Sigma_star_gauss,e_Sigma_star_gauss,Sigma_star_3p6um_gauss,e_Sigma_star_3p6um_gauss,Sigma_star_3p4um_gauss,e_Sigma_star_3p4um_gauss,Sigma_SFR_HaW4recal_gauss,e_Sigma_SFR_HaW4recal_gauss,Sigma_SFR_FUVW4recal_gauss,e_Sigma_SFR_FUVW4recal_gauss,Sigma_SFR_Hacorr_gauss,e_Sigma_SFR_Hacorr_gauss,Sigma_SFR_HaW4_gauss,e_Sigma_SFR_HaW4_gauss,Sigma_SFR_FUVW4_gauss,e_Sigma_SFR_FUVW4_gauss,Sigma_SFR_NUVW4_gauss,e_Sigma_SFR_NUVW4_gauss,Sigma_SFR_W4ONLY_gauss,e_Sigma_SFR_W4ONLY_gauss
[from data line 817]
817.0,55.49940258169714,-47.150030433751624,23.972468618823537,-153.7944221789797,nan,nan,nan,nan,0.0,0.39050566178370094,0.0,0.39050566178370094,0.0,0.6800945110961155,nan,nan,0.0,nan,nan,nan,nan,nan,0.0,0.00021482566469049465,0.0,0.00018779641896584526,0.0,0.0002695094212411597
818.0,55.51298755502161,-47.29385536947103,23.972468618823537,26.20557782102032,nan,nan,nan,nan,nan,nan,nan,nan,0.0,0.6800945110961155,nan,nan,0.0,nan,nan,nan,nan,nan,0.0,0.00021482566469049465,0.0,0.00018779641896584526,0.0,0.0002695094212411597
819.0,55.438270201737055,-47.277874821057765,23.973615050006668,-22.313270647043378,nan,nan,nan,nan,nan,nan,nan,nan,0.0,0.6800945110961155,nan,nan,0.0,nan,nan,nan,nan,nan,0.0,0.00021482566469049465,0.0,0.00018779641896584526,0.0,0.0002695094212411597
820.0,55.574119934981695,-47.16601098216489,23.973615050006668,157.68672935295663,nan,nan,nan,nan,nan,nan,nan,nan,0.0,0.6800945110961155,nan,nan,0.0,0.00013788093916904475,nan,nan,nan,nan,0.0,0.00021482566469049465,0.0,0.00018779641896584526,0.0,0.0002695094212411597
821.0,55.438270201737055,-47.174001256371525,24.075108328636663,-113.55118167471014,nan,nan,nan,nan,1.5295965158248843,0.3905056617837011,1.5295965158248843,0.3905056617837011,0.0,0.6800945110961155,0.0,0.000341445304979667,0.0,0.000211846486460847,nan,nan,0.0,0.00035939065099928964,0.0,0.00021482566469049465,0.0,0.00018779641896584526,0.0,0.0002695094212411597
822.0,55.574119934981695,-47.26988454685113,24.075108328636663,66.44881832528986,nan,nan,nan,nan,nan,nan,nan,nan,0.0,0.6800945110961155,0.0,0.00033613341473788164,0.0,nan,nan,nan,0.0,0.00036826957610010925,0.0,0.00021482566469049465,0.0,0.00018779641896584526,0.0,0.0002695094212411597
823.0,55.45185517506152,-47.2858650952644,24.113772949921223,-11.694325746973728,nan,nan,nan,nan,nan,nan,nan,nan,0.0,0.6800945110961155,nan,nan,0.0,0.00013596908429424972,nan,nan,nan,nan,0.0,0.00021482566469049465,0.0,0.00018779641896584526,0.0,0.0002695094212411597
824.0,55.56053496165723,-47.15802070795826,24.113772949921223,168.3056742530263,nan,nan,nan,nan,nan,nan,nan,nan,0.0,0.6800945110961155,nan,nan,0.0,nan,nan,nan,nan,nan,0.0,0.00021482566469049465,0.0,0.00018779641896584526,0.0,0.0002695094212411597
825.0,55.46204390505487,-47.289860232367715,24.158743223565825,-4.692007988869364,nan,nan,nan,nan,nan,nan,nan,nan,0.0,0.6800945110961155,nan,nan,0.0,0.00011392279448898243,nan,nan,nan,nan,0.0,0.00021482566469049465,0.0,0.00018779641896584526,0.0,0.0002695094212411597
826.0,55.55034623166388,-47.15402557085494,24.158743223565825,175.30799201113066,nan,nan,nan,nan,nan,nan,nan,nan,0.0,0.6800945110961155,nan,nan,0.0,0.00013064011562196763,nan,nan,nan,nan,0.0,0.00021482566469049465,0.0,0.00018779641896584526,0.0,0.0002695094212411597
827.0,55.46544014838598,-47.15802070795826,24.170843314088458,-133.1615125134774,nan,nan,nan,nan,1.669182391122187,0.3905056617837011,1.669182391122187,0.3905056617837011,0.0,0.6800945110961155,nan,nan,0.0,0.00016271520553920812,nan,nan,nan,nan,0.0,0.00021482566469049465,0.0,0.00018779641896584526,0.0,0.0002695094212411597
828.0,55.54694998833277,-47.2858650952644,24.170843314088458,46.83848748652262,nan,nan,nan,nan,nan,nan,nan,nan,0.0,0.6800945110961155,nan,nan,0.0,nan,nan,nan,nan,nan,0.0,0.00021482566469049465,0.0,0.00018779641896584526,0.0,0.0002695094212411597
829.0,55.5333650150083,-47.150030433751624,24.170906573104837,-173.95900002730468,nan,nan,nan,nan,nan,nan,nan,nan,nan,nan,nan,nan,0.0,nan,nan,nan,nan,nan,0.0,0.00021482566469049465,nan,nan,0.0,0.0002695094212411597
830.0,55.47902512171045,-47.29385536947103,24.170906573104837,6.040999972695315,nan,nan,nan,nan,nan,nan,nan,nan,2.055895855272057,0.6800945110961155,nan,nan,0.0,0.00011356065002161924,nan,nan,nan,nan,0.0,0.00021482566469049465,0.0,0.00018779641896584526,0.0,0.0002695094212411597
831.0,55.41449649841925,-47.201967216094744,24.218516939766676,-88.31733727425376,nan,nan,nan,nan,1.5401259778528107,0.3905056617837011,1.5401259778528107,0.3905056617837011,0.0,0.6800945110961155,nan,nan,0.0,nan,nan,nan,nan,nan,0.0,0.00021482566469049465,0.0,0.00018779641896584526,0.0,0.0002695094212411597
832.0,55.5978936382995,-47.24191858712791,24.218516939766676,91.68266272574625,nan,nan,nan,nan,0.0,0.3905056617837011,0.0,0.3905056617837011,0.0,0.6800945110961155,nan,nan,0.0,nan,nan,nan,nan,nan,0.0,0.00021482566469049465,0.0,0.00018779641896584526,0.0,0.0002695094212411597
833.0,55.41110025508813,-47.24591372423123,24.271693949680582,-53.55964991129766,nan,nan,nan,nan,nan,nan,nan,nan,2.436458150366994,0.6800945110961155,nan,nan,0.0,nan,nan,nan,nan,nan,0.0,0.00021482566469049465,0.0,0.00018779641896584526,0.0,0.0002695094212411597
834.0,55.60128988163062,-47.19797207899143,24.271693949680582,126.44035008870235,nan,nan,nan,nan,nan,nan,nan,nan,0.0,0.6800945110961155,nan,nan,0.0,nan,nan,nan,nan,nan,0.0,0.00021482566469049465,0.0,0.00018779641896584526,0.0,0.0002695094212411597
835.0,55.49261009503491,-47.150030433751624,24.286325043681693,-149.85992707729207,nan,nan,nan,nan,1.4167542119769254,0.3905056617837011,1.4167542119769254,0.3905056617837011,2.338704257721654,0.6800945110961155,nan,nan,0.0,8.846203905141483e-05,nan,nan,nan,nan,0.0,0.00021482566469049465,0.0,0.00018779641896584526,0.0,0.0002695094212411597
836.0,55.51978004168384,-47.29385536947103,24.286325043681693,30.140072922707933,nan,nan,nan,nan,nan,nan,nan,nan,0.0,0.6800945110961155,nan,nan,0.0,nan,nan,nan,nan,nan,0.0,0.00021482566469049465,0.0,0.00018779641896584526,0.0,0.0002695094212411597
837.0,55.47562887837933,-47.15402557085494,24.286914734536996,-139.67393139161808,nan,nan,nan,nan,1.7680351840107493,0.3905056617837011,1.7680351840107493,0.3905056617837011,nan,nan,nan,nan,0.0,nan,nan,nan,nan,nan,0.0,0.00021482566469049465,0.0,0.00018779641896584526,0.0,0.0002695094212411597
838.0,55.53676125833942,-47.289860232367715,24.286914734536996,40.32606860838194,nan,nan,nan,nan,nan,nan,nan,nan,0.0,0.6800945110961155,nan,nan,0.0,9.805492733910438e-05,nan,nan,nan,nan,0.0,0.00021482566469049465,0.0,0.00018779641896584526,0.0,0.0002695094212411597
839.0,55.455251418392635,-47.162015845061575,24.367681666983998,-126.67077208670959,nan,nan,nan,nan,1.9838283302674964,0.3905056617837011,1.9838283302674964,0.3905056617837011,2.535464467784532,0.6800945110961155,nan,nan,0.0,0.0001349121193365417,nan,nan,nan,nan,0.0,0.00021482566469049465,0.0,0.00018779641896584526,0.0,0.0002695094212411597
840.0,55.557138718326115,-47.28186995816108,24.367681666983998,53.3292279132904,nan,nan,nan,nan,nan,nan,nan,nan,0.0,0.6800945110961155,nan,nan,0.0,0.0001347583211471115,nan,nan,nan,nan,0.0,0.00021482566469049465,0.0,0.00018779641896584526,0.0,0.0002695094212411597
841.0,55.40770401175701,-47.225938038714645,24.374579715863877,-69.45314136013555,nan,nan,nan,nan,3.3999708922943372,0.3905056617837012,3.3999708922943372,0.3905056617837012,nan,nan,nan,nan,0.0,nan,nan,nan,nan,nan,0.0,0.00021482566469049465,nan,nan,0.0,0.0002695094212411597
842.0,55.60468612496174,-47.21794776450801,24.374579715863877,110.54685863986445,nan,nan,nan,nan,nan,nan,nan,nan,3.0659643742342557,0.6800945110961155,nan,nan,0.0,0.00011732084523533585,nan,nan,nan,nan,0.0,0.00021482566469049465,0.0,0.00018779641896584526,0.0,0.0002695094212411597
843.0,55.44166644506817,-47.28186995816108,24.427197165888654,-18.619309252557027,nan,nan,nan,nan,nan,nan,nan,nan,0.0,0.6800945110961155,nan,nan,0.0,0.00018680623990497018,nan,nan,nan,nan,0.0,0.00021482566469049465,0.0,0.00018779641896584526,0.0,0.0002695094212411597
844.0,55.57072369165058,-47.162015845061575,24.427197165888654,161.380690747443,nan,nan,nan,nan,nan,nan,nan,nan,0.0,0.6800945110961155,nan,nan,0.0,9.96646530436377e-05,nan,nan,nan,nan,0.0,0.00021482566469049465,0.0,0.00018779641896584526,0.0,0.0002695094212411597
845.0,55.44166644506817,-47.17000611926821,24.429337202456118,-117.01259887228167,nan,nan,nan,nan,nan,nan,nan,nan,nan,nan,0.0,nan,0.0,nan,nan,nan,0.0,0.00036114246332541884,0.0,0.00021482566469049465,nan,nan,0.0,0.0002695094212411597
846.0,55.57072369165058,-47.27387968395445,24.429337202456118,62.98740112771834,nan,nan,nan,nan,nan,nan,nan,nan,0.0,0.6800945110961155,nan,nan,0.0,nan,nan,nan,nan,nan,0.0,0.00021482566469049465,0.0,0.00018779641896584526,0.0,0.0002695094212411597
847.0,55.40770401175701,-47.23392831292128,24.442056161393847,-63.25129202034675,nan,nan,nan,nan,nan,nan,nan,nan,2.768116392961689,0.6800945110961155,nan,nan,0.0,0.00015475433191231925,nan,nan,nan,nan,0.0,0.00021482566469049465,0.0,0.00018779641896584526,0.0,0.0002695094212411597
848.0,55.60468612496174,-47.20995749030138,24.442056161393847,116.74870797965325,nan,nan,nan,nan,nan,nan,nan,nan,0.0,0.6800945110961155,nan,nan,0.0,nan,nan,nan,nan,nan,0.0,0.00021482566469049465,0.0,0.00018779641896584526,0.0,0.0002695094212411597
849.0,55.540157501670535,-47.150030433751624,24.560139375964006,-177.8175733258933,nan,nan,nan,nan,nan,nan,nan,nan,nan,nan,nan,nan,0.0,nan,nan,nan,nan,nan,0.0,0.00021482566469049465,nan,nan,0.0,0.0002695094212411597
850.0,55.472232635048215,-47.29385536947103,24.560139375964006,2.1824266741067,nan,nan,nan,nan,nan,nan,nan,nan,0.0,0.6800945110961155,nan,nan,0.0,0.0001431657101088943,nan,nan,nan,nan,0.0,0.00021482566469049465,0.0,0.00018779641896584526,0.0,0.0002695094212411597
851.0,55.421288985081475,-47.265889409747814,24.591164078260558,-36.477170540960635,nan,nan,nan,nan,nan,nan,nan,nan,0.0,0.6800945110961155,nan,nan,0.0,0.00013994653041132362,nan,nan,nan,nan,0.0,0.00021482566469049465,0.0,0.00018779641896584526,0.0,0.0002695094212411597
852.0,55.591101151637275,-47.17799639347484,24.591164078260558,143.52282945903937,nan,nan,nan,nan,nan,nan,nan,nan,0.0,0.6800945110961155,nan,nan,0.0,0.00015300517290163596,nan,nan,nan,nan,0.0,0.00021482566469049465,0.0,0.00018779641896584526,0.0,0.0002695094212411597
853.0,55.40770401175701,-47.21794776450801,24.592319490897292,-75.61694900323054,nan,nan,nan,nan,2.3945760723714713,0.39050566178370116,2.3945760723714713,0.39050566178370116,0.0,0.6800945110961155,nan,nan,0.0,0.00018158802752108315,nan,nan,nan,nan,0.0,0.00021482566469049465,0.0,0.00018779641896584526,0.0,0.0002695094212411597
854.0,55.60468612496174,-47.225938038714645,24.592319490897292,104.38305099676946,nan,nan,nan,nan,nan,nan,nan,nan,0.0,0.6800945110961155,nan,nan,0.0,0.00021482566469049465,nan,nan,nan,nan,0.0,0.00021482566469049465,0.0,0.00018779641896584526,0.0,0.0002695094212411597
855.0,55.41110025508813,-47.20596235319806,24.6109125290708,-84.90185801570888,nan,nan,nan,nan,2.1589382190122395,0.3905056617837011,2.1589382190122395,0.3905056617837011,nan,nan,nan,nan,0.0,nan,nan,nan,nan,nan,0.0,0.00021482566469049465,0.0,0.00018779641896584526,0.0,0.0002695094212411597
856.0,55.60128988163062,-47.237923450024596,24.6109125290708,95.09814198429112,nan,nan,nan,nan,0.0,0.3905056617837011,0.0,0.3905056617837011,0.0,0.6800945110961155,nan,nan,0.0,nan,nan,nan,nan,nan,0.0,0.00021482566469049465,0.0,0.00018779641896584526,0.0,0.0002695094212411597
857.0,55.41789274175036,-47.2618942726445,24.639286092482223,-40.25750418832447,nan,nan,nan,nan,nan,nan,nan,nan,0.0,0.6800945110961155,nan,nan,0.0,0.00016073074058106909,nan,nan,nan,nan,0.0,0.00021482566469049465,0.0,0.00018779641896584526,0.0,0.0002695094212411597
858.0,55.59449739496839,-47.18199153057816,24.639286092482223,139.74249581167552,nan,nan,nan,nan,nan,nan,nan,nan,0.0,0.6800945110961155,nan,nan,0.0,0.00020522817964807575,nan,nan,nan,nan,0.0,0.00021482566469049465,0.0,0.00018779641896584526,0.0,0.0002695094212411597
859.0,55.42468522841259,-47.26988454685113,24.650240597185032,-32.698519304733814,nan,nan,nan,nan,nan,nan,nan,nan,0.0,0.6800945110961155,nan,nan,0.0,0.00012875994029616324,nan,nan,nan,nan,0.0,0.00021482566469049465,0.0,0.00018779641896584526,0.0,0.0002695094212411597
860.0,55.58770490830616,-47.174001256371525,24.650240597185032,147.3014806952662,nan,nan,nan,nan,nan,nan,nan,nan,0.0,0.6800945110961155,nan,nan,0.0,nan,nan,nan,nan,nan,0.0,0.00021482566469049465,0.0,0.00018779641896584526,0.0,0.0002695094212411597
861.0,55.48581760837268,-47.150030433751624,24.71148705053805,-146.04327350961583,nan,nan,nan,nan,1.2218692298402845,0.3905056617837011,1.2218692298402845,0.3905056617837011,0.0,0.6800945110961155,nan,nan,0.0,0.00013297447341892755,nan,nan,nan,nan,0.0,0.00021482566469049465,0.0,0.00018779641896584526,0.0,0.0002695094212411597
862.0,55.52657252834607,-47.29385536947103,24.71148705053805,33.95672649038418,nan,nan,nan,nan,nan,nan,nan,nan,0.0,0.6800945110961155,nan,nan,0.0,0.0001266066422794411,nan,nan,nan,nan,0.0,0.00021482566469049465,0.0,0.00018779641896584526,0.0,0.0002695094212411597
863.0,55.40770401175701,-47.24191858712791,24.79242015531261,-57.15436565112756,nan,nan,nan,nan,nan,nan,nan,nan,0.0,0.6800945110961155,nan,nan,0.0,0.0001588500709909937,nan,nan,nan,nan,0.0,0.00021482566469049465,0.0,0.00018779641896584526,0.0,0.0002695094212411597
864.0,55.60468612496174,-47.201967216094744,24.79242015531261,122.84563434887245,nan,nan,nan,nan,nan,nan,nan,nan,0.0,0.6800945110961155,nan,nan,0.0,0.00017906037792570758,nan,nan,nan,nan,0.0,0.00021482566469049465,0.0,0.00018779641896584526,0.0,0.0002695094212411597
865.0,55.41449649841925,-47.25789913554118,24.793982470930292,-44.00686975533285,nan,nan,nan,nan,nan,nan,nan,nan,0.0,0.6800945110961155,nan,nan,0.0,nan,nan,nan,nan,nan,0.0,0.00021482566469049465,0.0,0.00018779641896584526,0.0,0.0002695094212411597
866.0,55.5978936382995,-47.185986667681476,24.793982470930292,135.99313024466716,nan,nan,nan,nan,nan,nan,nan,nan,2.477235424046291,0.6800945110961155,nan,nan,0.0,0.00015254839336249437,nan,nan,nan,nan,0.0,0.00021482566469049465,0.0,0.00018779641896584526,0.0,0.0002695094212411597
867.0,55.42808147174371,-47.27387968395445,24.815750068710766,-28.95411437952408,nan,nan,nan,nan,nan,nan,nan,nan,3.994881966947101,0.6800945110961155,nan,nan,0.0,nan,nan,nan,nan,nan,0.0,0.00021482566469049465,0.0,0.00018779641896584526,0.0,0.0002695094212411597
868.0,55.58430866497504,-47.17000611926821,24.815750068710766,151.04588562047593,nan,nan,nan,nan,nan,nan,nan,nan,0.0,0.6800945110961155,nan,nan,0.0,0.0001346301439578013,nan,nan,nan,nan,0.0,0.00021482566469049465,0.0,0.00018779641896584526,0.0,0.0002695094212411597
869.0,55.455251418392635,-47.289860232367715,24.843398349205952,-8.29613192377972,nan,nan,nan,nan,nan,nan,nan,nan,0.0,0.6800945110961155,nan,nan,0.0,nan,nan,nan,nan,nan,0.0,0.00021482566469049465,0.0,0.00018779641896584526,0.0,0.0002695094212411597
870.0,55.557138718326115,-47.15402557085494,24.843398349205952,171.7038680762203,nan,nan,nan,nan,nan,nan,nan,nan,3.096428264745123,0.6800945110961155,nan,nan,0.0,nan,nan,nan,nan,nan,0.0,0.00021482566469049465,0.0,0.00018779641896584526,0.0,0.0002695094212411597
871.0,55.44506268839929,-47.16601098216489,24.870001150994426,-120.36325416844565,nan,nan,nan,nan,nan,nan,nan,nan,nan,nan,nan,nan,0.0,nan,nan,nan,nan,nan,0.0,0.00021482566469049465,nan,nan,0.0,0.0002695094212411597
872.0,55.56732744831946,-47.277874821057765,24.870001150994426,59.63674583155435,nan,nan,nan,nan,nan,nan,nan,nan,nan,nan,nan,nan,0.0,nan,nan,nan,nan,nan,0.0,0.00021482566469049465,nan,nan,0.0,0.0002695094212411597
873.0,55.44506268839929,-47.2858650952644,24.97838632487943,-15.0741336923021,nan,nan,nan,nan,nan,nan,nan,nan,0.0,0.6800945110961155,nan,nan,0.0,0.00021276632385146626,nan,nan,nan,nan,0.0,0.00021482566469049465,0.0,0.00018779641896584526,0.0,0.0002695094212411597
874.0,55.56732744831946,-47.15802070795826,24.97838632487943,164.9258663076979,nan,nan,nan,nan,nan,nan,nan,nan,0.0,0.6800945110961155,nan,nan,0.0,0.0001604286014656305,nan,nan,nan,nan,0.0,0.00021482566469049465,0.0,0.00018779641896584526,0.0,0.0002695094212411597
