PHANGS/NGC3351_gauss_1p5kpc.ecsv
# %ECSV 1.0
# ---
# datatype:
# - {name: ID, datatype: float64, format: .0f, description: Aperture ID}
# - {name: RA, unit: deg, datatype: float64, format: .5f, description: Right Ascension of the aperture center}
# - {name: DEC, unit: deg, datatype: float64, format: .5f, description: Declination of the aperture center}
# - {name: r_gal, unit: kpc, datatype: float64, format: .2f, description: Deprojected galactocentric radius}
# - {name: phi_gal, unit: deg, datatype: float64, format: .2f, description: Deprojected azimuthal angle (0 = receding major axis)}
# - {name: Sigma_mol_gauss, unit: solMass / pc2, datatype: float64, format: .3e, description: Kernel-average molecular gas surface density
#     (S20 alphaCO)}
# - {name: e_Sigma_mol_gauss, unit: solMass / pc2, datatype: float64, format: .1e, description: Stats error on kernel-average molecular
#     gas surface density (S20 alphaCO)}
# - {name: Sigma_atom_gauss, unit: solMass / pc2, datatype: float64, format: .3e, description: Kernel-average atomic gas surface density
#     (PHANGS-HI)}
# - {name: e_Sigma_atom_gauss, unit: solMass / pc2, datatype: float64, format: .1e, description: Stats error on kernel-average atomic
#     gas surface density (PHANGS-HI)}
# - {name: Sigma_star_gauss, unit: solMass / pc2, datatype: float64, format: .3e, description: Kernel-average stellar mass surface density
#     (fiducial)}
# - {name: e_Sigma_star_gauss, unit: solMass / pc2, datatype: float64, format: .1e, description: Stats error on kernel-average stellar
#     mass surface density (fiducial)}
# - {name: Sigma_star_3p6um_gauss, unit: solMass / pc2, datatype: float64, format: .3e, description: Kernel-average stellar mass surface
#     density (3.6um + varying M/L; Leroy+21)}
# - {name: e_Sigma_star_3p6um_gauss, unit: solMass / pc2, datatype: float64, format: .1e, description: Stats error on kernel-average stellar
#     mass surface density (3.6um + varying M/L; Leroy+21)}
# - {name: Sigma_star_3p4um_gauss, unit: solMass / pc2, datatype: float64, format: .3e, description: Kernel-average stellar mass surface
#     density (3.4um + varying M/L; Leroy+21)}
# - {name: e_Sigma_star_3p4um_gauss, unit: solMass / pc2, datatype: float64, format: .1e, description: Stats error on kernel-average stellar
#     mass surface density (3.4um + varying M/L; Leroy+21)}
# - {name: Sigma_SFR_HaW4recal_gauss, unit: solMass / (kpc2 yr), datatype: float64, format: .3e, description: Kernel-average SFR surface
#     density (recalibrated Halpha + WISE4; Belfiore+22)}
# - {name: e_Sigma_SFR_HaW4recal_gauss, unit: solMass / (kpc2 yr), datatype: float64, format: .1e, description: Stats error on kernel-average
#     SFR surface density (recalibrated Halpha + WISE4; Belfiore+22)}
# - {name: Sigma_SFR_FUVW4recal_gauss, unit: solMass / (kpc2 yr), datatype: float64, format: .3e, description: Kernel-average SFR surface
#     density (recalibrated GALEX FUV + WISE4; Belfiore+22)}
# - {name: e_Sigma_SFR_FUVW4recal_gauss, unit: solMass / (kpc2 yr), datatype: float64, format: .1e, description: Stats error on kernel-average
#     SFR surface density (recalibrated GALEX FUV + WISE4; Belfiore+22)}
# - {name: Sigma_SFR_Hacorr_gauss, unit: solMass / (kpc2 yr), datatype: float64, format: .3e, description: Kernel-average SFR surface
[...]
#       value: !astropy.table.SerializedColumn {name: e_Sigma_mol_gauss}
#     e_Sigma_star_3p4um_gauss:
#       __class__: astropy.units.quantity.Quantity
#       unit: !astropy.units.Unit {unit: solMass / pc2}
#       value: !astropy.table.SerializedColumn {name: e_Sigma_star_3p4um_gauss}
#     e_Sigma_star_3p6um_gauss:
#       __class__: astropy.units.quantity.Quantity
#       unit: !astropy.units.Unit {unit: solMass / pc2}
#       value: !astropy.table.SerializedColumn {name: e_Sigma_star_3p6um_gauss}
#     e_Sigma_star_gauss:
#       __class__: astropy.units.quantity.Quantity
#       unit: !astropy.units.Unit {unit: solMass / pc2}
#       value: !astropy.table.SerializedColumn {name: e_Sigma_star_gauss}
#     phi_gal:
#       __class__: astropy.units.quantity.Quantity
#       unit: *id001
#       value: !astropy.table.SerializedColumn {name: phi_gal}
#     r_gal:
#       __class__: astropy.units.quantity.Quantity
#       unit: !astropy.units.Unit {unit: kpc}
#       value: !astropy.table.SerializedColumn {name: r_gal}
# schema: astropy-2.0
ID,RA,DEC,r_gal,phi_gal,Sigma_mol_gauss,e_Sigma_mol_gauss,Sigma_atom_gauss,e_Sigma_atom_gauss,Sigma_star_gauss,e_Sigma_star_gauss,Sigma_star_3p6um_gauss,e_Sigma_star_3p6um_gauss,Sigma_star_3p4um_gauss,e_Sigma_star_3p4um_gauss,Sigma_SFR_HaW4recal_gauss,e_Sigma_SFR_HaW4recal_gauss,Sigma_SFR_FUVW4recal_gauss,e_Sigma_SFR_FUVW4recal_gauss,Sigma_SFR_Hacorr_gauss,e_Sigma_SFR_Hacorr_gauss,Sigma_SFR_HaW4_gauss,e_Sigma_SFR_HaW4_gauss,Sigma_SFR_FUVW4_gauss,e_Sigma_SFR_FUVW4_gauss,Sigma_SFR_NUVW4_gauss,e_Sigma_SFR_NUVW4_gauss,Sigma_SFR_W4ONLY_gauss,e_Sigma_SFR_W4ONLY_gauss
[from data line 243]
243.0,160.973022187712,11.778397861886953,14.58254979071388,-145.1151319117704,nan,nan,2.5896694081767997,0.20358882758540112,0.8876542176585898,0.16784694295335417,0.8876542176585898,0.16784694295335417,0.0,0.4010314065705486,nan,nan,0.0,8.331073290184985e-05,nan,nan,nan,nan,0.0,0.00013444396055415522,0.0,0.0001174579046178138,0.0,0.00016920207539466636
244.0,161.00827053689738,11.628941234182383,14.58254979071388,34.88486808822961,nan,nan,1.5339672282603145,0.20479835485391215,0.6159324347115985,0.16784694295335417,0.6159324347115985,0.16784694295335417,0.0,0.4010314065705486,nan,nan,0.0,9.219715709604141e-05,nan,nan,nan,nan,0.0,0.00013444396055415522,0.0,0.0001174579046178138,0.0,0.00016920207539466636
245.0,160.9553980131193,11.628941234182383,14.597060123070015,-16.20279474981315,nan,nan,2.362143730514654,0.21126255066071492,1.2916597636454314,0.16784694295335417,1.2916597636454314,0.16784694295335417,1.8316984455595509,0.4010314065705486,nan,nan,0.0,8.498374055462657e-05,nan,nan,nan,nan,0.0,0.00013444396055415522,0.0,0.0001174579046178138,0.0,0.00016920207539466636
246.0,161.02589471149008,11.778397861886953,14.597060123070015,163.79720525018686,nan,nan,1.8226062389536788,0.2597962833531772,0.8712266509861593,0.16784694295335412,0.8712266509861593,0.16784694295335412,0.0,0.4010314065705486,nan,nan,0.0,8.95555110070482e-05,nan,nan,nan,nan,0.0,0.00013444396055415522,0.0,0.0001174579046178138,0.0,0.00016920207539466636
247.0,160.92896175123025,11.703669548034668,14.679346431015293,-80.59934637933875,nan,nan,3.0096238866118066,0.20660043201084674,1.0237638437882601,0.16784694295335417,1.0237638437882601,0.16784694295335417,0.0,0.4010314065705486,nan,nan,0.0,0.00010577821377806533,nan,nan,nan,nan,0.0,0.00013444396055415522,0.0,0.0001174579046178138,0.0,0.00016920207539466636
248.0,161.05233097337913,11.703669548034668,14.679346431015293,99.40065362066125,nan,nan,2.0895719604184446,0.2290189492954926,1.152382962356278,0.1678469429533542,1.152382962356278,0.1678469429533542,nan,nan,nan,nan,0.0,nan,nan,nan,nan,nan,0.0,0.00013444396055415522,0.0,0.0001174579046178138,0.0,0.00016920207539466636
249.0,160.96861614406382,11.621468402797154,14.778414544252175,-2.1311392112756615,nan,nan,2.6053210374964877,0.22852259970597513,0.5300036895226784,0.16784694295335417,0.5300036895226784,0.16784694295335417,0.0,0.4010314065705486,nan,nan,0.0,9.345509286045329e-05,nan,nan,nan,nan,0.0,0.00013444396055415522,0.0,0.0001174579046178138,0.0,0.00016920207539466636
250.0,161.01267658054556,11.785870693272182,14.778414544252175,177.86886078872436,nan,nan,1.609709869318771,0.19818442681348877,0.0,0.16784694295335412,0.0,0.16784694295335412,0.0,0.4010314065705486,nan,nan,nan,nan,nan,nan,nan,nan,nan,nan,nan,nan,0.0,0.00016920207539466636
251.0,160.93336779487842,11.726088042190353,14.791801243985386,-96.08399279886285,nan,nan,2.1379780045829078,0.22520475220246938,0.9159362765961422,0.16784694295335414,0.9159362765961422,0.16784694295335414,0.0,0.4010314065705486,nan,nan,0.0,9.252248442247092e-05,nan,nan,nan,nan,0.0,0.00013444396055415522,0.0,0.0001174579046178138,0.0,0.00016920207539466636
252.0,161.04792492973095,11.681251053878983,14.791801243985386,83.91600720113716,nan,nan,2.3353206812899665,0.22925725227316723,0.41253484682598396,0.09591253883048811,0.41253484682598396,0.09591253883048811,0.0,0.22916080375459927,nan,nan,0.0,8.734786145452954e-05,nan,nan,nan,nan,0.0,0.00013444396055415522,0.0,0.0001174579046178138,0.0006337352184353463,0.00016920207539466636
253.0,160.92896175123025,11.673778222493754,14.814584100139628,-59.779786119496976,nan,nan,4.765251415467578,0.3024598090185701,0.8492475900118057,0.16784694295335414,0.8492475900118057,0.16784694295335414,0.0,0.4010314065705486,nan,nan,0.0,7.913375444132438e-05,nan,nan,nan,nan,0.0,0.00013444396055415522,0.0,0.0001174579046178138,0.0,0.00016920207539466636
254.0,161.05233097337913,11.733560873575582,14.814584100139628,120.22021388050304,nan,nan,2.8090771319247483,0.22732558416912807,0.8859552584999024,0.16784694295335414,0.8859552584999024,0.16784694295335414,0.0,0.4010314065705486,nan,nan,0.0,9.662043836288593e-05,nan,nan,nan,nan,0.0,0.00013444396055415522,0.0,0.0001174579046178138,0.0,0.00016920207539466636
255.0,160.9862403186565,11.785870693272182,14.85958388278103,-157.6227241676591,nan,nan,2.1389404364392544,0.19910163744272463,0.7078009896390788,0.16784694295335414,0.7078009896390788,0.16784694295335414,0.0,0.4010314065705486,nan,nan,0.0,8.08143184350069e-05,nan,nan,nan,nan,0.0,0.00013444396055415522,0.0,0.0001174579046178138,0.0,0.00016920207539466636
256.0,160.99505240595286,11.621468402797154,14.85958388278103,22.377275832340914,nan,nan,2.5140379938435693,0.20381744474582508,0.5135107521520474,0.16784694295335414,0.5135107521520474,0.16784694295335414,1.2866185483795245,0.4010314065705486,nan,nan,0.0,8.315669994562577e-05,nan,nan,nan,nan,0.0,0.00013444396055415522,0.0,0.0001174579046178138,0.0,0.00016920207539466636
257.0,160.95980405676747,11.770925030501724,15.00727749270818,-132.73259583211484,nan,nan,3.2009187677890125,0.2473455268881114,0.6765399911934511,0.16784694295335412,0.6765399911934511,0.16784694295335412,0.0,0.4010314065705486,nan,nan,0.0,9.134675745808637e-05,nan,nan,nan,nan,0.0,0.00013444396055415522,0.0,0.0001174579046178138,0.0,0.00016920207539466636
258.0,161.0214886678419,11.636414065567612,15.00727749270818,47.26740416788516,nan,nan,1.7249439763740952,0.2408158194129852,0.0,0.16784694295335417,0.0,0.16784694295335417,0.0,0.4010314065705486,nan,nan,0.0,0.00010151244392175617,nan,nan,nan,nan,0.0,0.00013444396055415522,0.0,0.0001174579046178138,0.0,0.00016920207539466636
259.0,160.9377738385266,11.64388689695284,15.169272135096096,-36.63337571944502,nan,nan,2.8407578403136458,0.2715959151483355,0.539181009301263,0.16784694295335417,0.539181009301263,0.16784694295335417,0.0,0.4010314065705486,nan,nan,0.0,8.536729725770938e-05,nan,nan,nan,nan,0.0,0.00013444396055415522,0.0,0.0001174579046178138,0.0,0.00016920207539466636
260.0,161.04351888608278,11.763452199116497,15.169272135096096,143.366624280555,nan,nan,1.4487122869056905,0.21479414878482658,0.682606654678631,0.16784694295335417,0.682606654678631,0.16784694295335417,0.0,0.4010314065705486,nan,nan,0.0,7.574461446593427e-05,nan,nan,nan,nan,0.0,0.00013444396055415522,0.0,0.0001174579046178138,0.0,0.00016920207539466636
261.0,160.93336779487842,11.651359728338068,15.268642468527897,-43.478455420453464,nan,nan,2.284132557955476,0.2355119166001983,0.7335235978007609,0.16784694295335417,0.7335235978007609,0.16784694295335417,0.0,0.4010314065705486,nan,nan,0.0,7.841913865928578e-05,nan,nan,nan,nan,0.0,0.00013444396055415522,0.0,0.0001174579046178138,0.0,0.00016920207539466636
262.0,161.04792492973095,11.755979367731268,15.268642468527897,136.52154457954654,nan,nan,1.796397914410336,0.23719565325348818,0.5484417312923004,0.16784694295335417,0.5484417312923004,0.16784694295335417,0.0,0.4010314065705486,nan,nan,0.0,8.523083081516907e-05,nan,nan,nan,nan,0.0,0.00013444396055415522,0.0,0.0001174579046178138,0.0,0.00016920207539466636
263.0,160.94217988217477,11.636414065567612,15.287435541636276,-29.796750966599284,nan,nan,2.8929327175744297,0.24931070267700733,0.5841472163205327,0.16784694295335417,0.5841472163205327,0.16784694295335417,1.3769271603760243,0.4010314065705486,nan,nan,0.0,8.076777557959544e-05,nan,nan,nan,nan,0.0,0.00013444396055415522,0.0,0.0001174579046178138,0.0,0.00016920207539466636
264.0,161.0391128424346,11.770925030501724,15.287435541636276,150.20324903340074,nan,nan,1.502949703097175,0.19678516438894472,0.6027843825106711,0.16784694295335412,0.6027843825106711,0.16784694295335412,1.3629616002849188,0.4010314065705486,nan,nan,0.0,7.53868124643544e-05,nan,nan,nan,nan,0.0,0.00013444396055415522,0.0,0.0001174579046178138,0.0,0.00016920207539466636
265.0,160.92896175123025,11.718615210805124,15.32325623920667,-90.49263245321956,nan,nan,2.046227979365721,0.18912695094927942,0.6487092575158125,0.1678469429533542,0.6487092575158125,0.1678469429533542,0.0,0.4010314065705486,nan,nan,0.0,8.497760478737643e-05,nan,nan,nan,nan,0.0,0.00013444396055415522,0.0,0.0001174579046178138,0.0,0.00016920207539466636
266.0,161.05233097337913,11.688723885264212,15.32325623920667,89.50736754678044,nan,nan,2.053532022423232,0.2329837736632079,0.8272885746359573,0.16784694295335417,0.8272885746359573,0.16784694295335417,0.0,0.4010314065705486,nan,nan,0.0,8.355511791292088e-05,nan,nan,nan,nan,0.0,0.00013444396055415522,0.0,0.0001174579046178138,0.0,0.00016920207539466636
267.0,160.95980405676747,11.621468402797154,15.33590896520388,-9.830831398275606,nan,nan,1.6401428243092515,0.23738060147866408,0.5518348950458866,0.16784694295335417,0.5518348950458866,0.16784694295335417,1.3365704225942032,0.4010314065705486,nan,nan,0.0,8.320820130618371e-05,nan,nan,nan,nan,0.0,0.00013444396055415522,0.0,0.0001174579046178138,0.0,0.00016920207539466636
268.0,161.0214886678419,11.785870693272182,15.33590896520388,170.1691686017244,nan,nan,1.2427219561154432,0.24218865338971862,nan,nan,nan,nan,0.0,0.4010314065705486,nan,nan,0.0,0.00012150374226312093,nan,nan,nan,nan,0.0,0.00013444396055415522,0.0,0.0001174579046178138,0.0,0.00016920207539466636
269.0,160.97742823136016,11.785870693272182,15.466078957999985,-150.03017364653152,nan,nan,1.9644793876464677,0.18038211967657905,0.8159843565100664,0.16784694295335414,0.8159843565100664,0.16784694295335414,0.0,0.4010314065705486,nan,nan,0.0,8.841664485846883e-05,nan,nan,nan,nan,0.0,0.00013444396055415522,0.0,0.0001174579046178138,0.0,0.00016920207539466636
270.0,161.0038644932492,11.621468402797154,15.466078957999985,29.96982635346847,nan,nan,1.5376754304491251,0.19754886858223708,0.0,0.16784694295335414,0.0,0.16784694295335414,0.0,0.4010314065705486,nan,nan,0.0,0.00013444396055415522,nan,nan,nan,nan,0.0,0.00013444396055415522,0.0,0.0001174579046178138,0.0,0.00016920207539466636
271.0,160.9245557075821,11.696196716649439,15.575575181244874,-75.7512004903185,nan,nan,2.784666845846332,0.21025324465353146,0.7489798994848006,0.16784694295335414,0.7489798994848006,0.16784694295335414,0.0,0.4010314065705486,nan,nan,0.0,8.7946072311303e-05,nan,nan,nan,nan,0.0,0.00013444396055415522,0.0,0.0001174579046178138,0.0,0.00016920207539466636
272.0,161.05673701702727,11.711142379419897,15.575575181244874,104.24879950968149,nan,nan,1.9748362679812546,0.23447853339352953,0.9502577468863773,0.16784694295335417,0.9502577468863773,0.16784694295335417,0.0,0.4010314065705486,nan,nan,0.0,8.721213372566294e-05,nan,nan,nan,nan,0.0,0.00013444396055415522,0.0,0.0001174579046178138,0.0,0.00016920207539466636
273.0,160.92896175123025,11.658832559723297,15.581385131273878,-50.141657246916715,nan,nan,1.360157973027926,0.2305897695769487,0.812094388051152,0.16784694295335417,0.812094388051152,0.16784694295335417,nan,nan,nan,nan,0.0,nan,nan,nan,nan,nan,0.0,0.00013444396055415522,0.0,0.0001174579046178138,0.0,0.00016920207539466636
274.0,161.05233097337913,11.748506536346039,15.581385131273878,129.8583427530833,nan,nan,1.9978545089920419,0.2620665809132421,0.5919352143330672,0.16784694295335414,0.5919352143330672,0.16784694295335414,0.0,0.4010314065705486,nan,nan,0.0,8.276434129890134e-05,nan,nan,nan,nan,0.0,0.00013444396055415522,0.0,0.0001174579046178138,0.0,0.00016920207539466636
275.0,160.96421010041564,11.778397861886953,15.600112394076756,-138.14532879420716,nan,nan,3.245276121198852,0.2266049891302696,0.7105560954398229,0.16784694295335414,0.7105560954398229,0.16784694295335414,0.0,0.4010314065705486,nan,nan,0.0,6.91987927491878e-05,nan,nan,nan,nan,0.0,0.00013444396055415522,0.0,0.0001174579046178138,0.0,0.00016920207539466636
276.0,161.01708262419373,11.628941234182383,15.600112394076756,41.85467120579284,nan,nan,1.909332355456599,0.18801493023600474,0.0,0.16784694295335412,0.0,0.16784694295335412,0.0,0.4010314065705486,nan,nan,0.0,0.00010241505653109601,nan,nan,nan,nan,0.0,0.00013444396055415522,0.0,0.0001174579046178138,0.0,0.00016920207539466636
277.0,160.9245557075821,11.681251053878983,15.611547677502447,-65.94653102050994,nan,nan,2.5477238784682052,0.23562278380406523,0.9020309365594168,0.16784694295335412,0.9020309365594168,0.16784694295335412,0.0,0.4010314065705486,nan,nan,0.0,7.638584593542006e-05,nan,nan,nan,nan,0.0,0.00013444396055415522,0.0,0.0001174579046178138,0.0,0.00016920207539466636
278.0,161.05673701702727,11.726088042190353,15.611547677502447,114.05346897949008,nan,nan,1.5526088122280188,0.23206814757886582,0.8821401650041782,0.16784694295335417,0.8821401650041782,0.16784694295335417,0.0,0.4010314065705486,nan,nan,0.0,8.805380161844805e-05,nan,nan,nan,nan,0.0,0.00013444396055415522,0.0,0.0001174579046178138,0.0,0.00016920207539466636
279.0,160.94658592582294,11.628941234182383,15.618196048999673,-23.1575333142271,nan,nan,2.909529741867066,0.22551473167981587,0.5694506593301387,0.1678469429533542,0.5694506593301387,0.1678469429533542,nan,nan,nan,nan,0.0,nan,nan,nan,nan,nan,0.0,0.00013444396055415522,0.0,0.0001174579046178138,0.0,0.00016920207539466636
280.0,161.03470679878643,11.778397861886953,15.618196048999673,156.8424666857729,nan,nan,1.9588896071084239,0.23805967588012708,nan,nan,nan,nan,0.0,0.4010314065705486,nan,nan,0.0,9.276329976750356e-05,nan,nan,nan,nan,0.0,0.00013444396055415522,0.0,0.0001174579046178138,0.0,0.00016920207539466636
281.0,160.99945844960104,11.793343524657411,15.801512650863984,-169.15163575267735,nan,nan,2.1791345950710435,0.2606252702450975,0.0,0.16784694295335417,0.0,0.16784694295335417,nan,nan,nan,nan,nan,nan,nan,nan,nan,nan,nan,nan,nan,nan,nan,nan
282.0,160.98183427500834,11.613995571411925,15.801512650863984,10.848364247322657,nan,nan,3.0635484436676843,0.2516395124680084,0.0,0.16784694295335417,0.0,0.16784694295335417,0.0,0.4010314065705486,nan,nan,0.0,8.903889876952056e-05,nan,nan,nan,nan,0.0,0.00013444396055415522,0.0,0.0001174579046178138,0.0,0.00016920207539466636
283.0,161.00827053689738,11.793343524657411,15.887449548667627,-176.73403896657626,nan,nan,1.1841432277087103,0.35093651289183553,nan,nan,nan,nan,nan,nan,nan,nan,nan,nan,nan,nan,nan,nan,nan,nan,nan,nan,nan,nan
284.0,160.973022187712,11.613995571411925,15.887449548667627,3.265961033423741,nan,nan,2.830121822350959,0.3607545718262294,0.0,0.16784694295335414,0.0,0.16784694295335414,0.0,0.4010314065705486,nan,nan,0.0,0.0001044034011641722,nan,nan,nan,nan,0.0,0.00013444396055415522,0.0,0.0001174579046178138,0.0,0.00016920207539466636
285.0,160.94217988217477,11.755979367731268,15.926306356669091,-115.94991886949808,nan,nan,3.0520300611997486,0.25305283216479896,0.5323804764999192,0.16784694295335417,0.5323804764999192,0.16784694295335417,0.0,0.4010314065705486,nan,nan,0.0,0.00010897477758126217,nan,nan,nan,nan,0.0,0.00013444396055415522,0.0,0.0001174579046178138,0.0,0.00016920207539466636
286.0,161.0391128424346,11.651359728338068,15.926306356669091,64.05008113050194,nan,nan,1.832885847884685,0.20293080750423245,0.0,0.16784694295335417,0.0,0.16784694295335417,0.0,0.4010314065705486,nan,nan,nan,nan,nan,nan,nan,nan,nan,nan,nan,nan,0.0,0.00016920207539466636
287.0,160.9377738385266,11.748506536346039,15.926799367310279,-110.32901880567029,nan,nan,1.8610453630670754,0.20014943955730133,0.6836162218991068,0.1678469429533542,0.6836162218991068,0.1678469429533542,0.0,0.4010314065705486,nan,nan,0.0,8.182642181488822e-05,nan,nan,nan,nan,0.0,0.00013444396055415522,0.0,0.0001174579046178138,0.0,0.00016920207539466636
288.0,161.04351888608278,11.658832559723297,15.926799367310279,69.67098119432971,nan,nan,1.4836379644100588,0.19843463235810668,0.0,0.16784694295335414,0.0,0.16784694295335414,0.0,0.4010314065705486,nan,nan,nan,nan,nan,nan,nan,nan,nan,nan,nan,nan,0.0,0.00016920207539466636
