PHANGS/NGC3351_gauss_1p5kpc.ecsv
# %ECSV 1.0
# ---
# datatype:
# - {name: ID, datatype: float64, format: .0f, description: Aperture ID}
# - {name: RA, unit: deg, datatype: float64, format: .5f, description: Right Ascension of the aperture center}
# - {name: DEC, unit: deg, datatype: float64, format: .5f, description: Declination of the aperture center}
# - {name: r_gal, unit: kpc, datatype: float64, format: .2f, description: Deprojected galactocentric radius}
# - {name: phi_gal, unit: deg, datatype: float64, format: .2f, description: Deprojected azimuthal angle (0 = receding major axis)}
# - {name: Sigma_mol_gauss, unit: solMass / pc2, datatype: float64, format: .3e, description: Kernel-average molecular gas surface density
#     (S20 alphaCO)}
# - {name: e_Sigma_mol_gauss, unit: solMass / pc2, datatype: float64, format: .1e, description: Stats error on kernel-average molecular
#     gas surface density (S20 alphaCO)}
# - {name: Sigma_atom_gauss, unit: solMass / pc2, datatype: float64, format: .3e, description: Kernel-average atomic gas surface density
#     (PHANGS-HI)}
# - {name: e_Sigma_atom_gauss, unit: solMass / pc2, datatype: float64, format: .1e, description: Stats error on kernel-average atomic
#     gas surface density (PHANGS-HI)}
# - {name: Sigma_star_gauss, unit: solMass / pc2, datatype: float64, format: .3e, description: Kernel-average stellar mass surface density
#     (fiducial)}
# - {name: e_Sigma_star_gauss, unit: solMass / pc2, datatype: float64, format: .1e, description: Stats error on kernel-average stellar
#     mass surface density (fiducial)}
# - {name: Sigma_star_3p6um_gauss, unit: solMass / pc2, datatype: float64, format: .3e, description: Kernel-average stellar mass surface
#     density (3.6um + varying M/L; Leroy+21)}
# - {name: e_Sigma_star_3p6um_gauss, unit: solMass / pc2, datatype: float64, format: .1e, description: Stats error on kernel-average stellar
#     mass surface density (3.6um + varying M/L; Leroy+21)}
# - {name: Sigma_star_3p4um_gauss, unit: solMass / pc2, datatype: float64, format: .3e, description: Kernel-average stellar mass surface
#     density (3.4um + varying M/L; Leroy+21)}
# - {name: e_Sigma_star_3p4um_gauss, unit: solMass / pc2, datatype: float64, format: .1e, description: Stats error on kernel-average stellar
#     mass surface density (3.4um + varying M/L; Leroy+21)}
# - {name: Sigma_SFR_HaW4recal_gauss, unit: solMass / (kpc2 yr), datatype: float64, format: .3e, description: Kernel-average SFR surface
#     density (recalibrated Halpha + WISE4; Belfiore+22)}
# - {name: e_Sigma_SFR_HaW4recal_gauss, unit: solMass / (kpc2 yr), datatype: float64, format: .1e, description: Stats error on kernel-average
#     SFR surface density (recalibrated Halpha + WISE4; Belfiore+22)}
# - {name: Sigma_SFR_FUVW4recal_gauss, unit: solMass / (kpc2 yr), datatype: float64, format: .3e, description: Kernel-average SFR surface
#     density (recalibrated GALEX FUV + WISE4; Belfiore+22)}
# - {name: e_Sigma_SFR_FUVW4recal_gauss, unit: solMass / (kpc2 yr), datatype: float64, format: .1e, description: Stats error on kernel-average
#     SFR surface density (recalibrated GALEX FUV + WISE4; Belfiore+22)}
# - {name: Sigma_SFR_Hacorr_gauss, unit: solMass / (kpc2 yr), datatype: float64, format: .3e, description: Kernel-average SFR surface
[...]
#       value: !astropy.table.SerializedColumn {name: e_Sigma_mol_gauss}
#     e_Sigma_star_3p4um_gauss:
#       __class__: astropy.units.quantity.Quantity
#       unit: !astropy.units.Unit {unit: solMass / pc2}
#       value: !astropy.table.SerializedColumn {name: e_Sigma_star_3p4um_gauss}
#     e_Sigma_star_3p6um_gauss:
#       __class__: astropy.units.quantity.Quantity
#       unit: !astropy.units.Unit {unit: solMass / pc2}
#       value: !astropy.table.SerializedColumn {name: e_Sigma_star_3p6um_gauss}
#     e_Sigma_star_gauss:
#       __class__: astropy.units.quantity.Quantity
#       unit: !astropy.units.Unit {unit: solMass / pc2}
#       value: !astropy.table.SerializedColumn {name: e_Sigma_star_gauss}
#     phi_gal:
#       __class__: astropy.units.quantity.Quantity
#       unit: *id001
#       value: !astropy.table.SerializedColumn {name: phi_gal}
#     r_gal:
#       __class__: astropy.units.quantity.Quantity
#       unit: !astropy.units.Unit {unit: kpc}
#       value: !astropy.table.SerializedColumn {name: r_gal}
# schema: astropy-2.0
ID,RA,DEC,r_gal,phi_gal,Sigma_mol_gauss,e_Sigma_mol_gauss,Sigma_atom_gauss,e_Sigma_atom_gauss,Sigma_star_gauss,e_Sigma_star_gauss,Sigma_star_3p6um_gauss,e_Sigma_star_3p6um_gauss,Sigma_star_3p4um_gauss,e_Sigma_star_3p4um_gauss,Sigma_SFR_HaW4recal_gauss,e_Sigma_SFR_HaW4recal_gauss,Sigma_SFR_FUVW4recal_gauss,e_Sigma_SFR_FUVW4recal_gauss,Sigma_SFR_Hacorr_gauss,e_Sigma_SFR_Hacorr_gauss,Sigma_SFR_HaW4_gauss,e_Sigma_SFR_HaW4_gauss,Sigma_SFR_FUVW4_gauss,e_Sigma_SFR_FUVW4_gauss,Sigma_SFR_NUVW4_gauss,e_Sigma_SFR_NUVW4_gauss,Sigma_SFR_W4ONLY_gauss,e_Sigma_SFR_W4ONLY_gauss
[from data line 108]
108.0,161.00827053689738,11.658832559723297,9.591663612855534,43.96921654124911,nan,nan,7.354907156910717,0.29581988443540314,10.032118916300822,0.16784694295335417,10.032118916300822,0.16784694295335417,8.612961277019883,0.4010314065705486,0.0,nan,nan,nan,nan,nan,0.0,0.0001911460544783019,nan,nan,nan,nan,0.0,0.00016920207539466636
109.0,160.95099196947112,11.681251053878983,9.657040101326823,-56.46129488736925,nan,nan,4.551160849618459,0.2577739947040286,8.566593671347198,0.16784694295335414,8.566593671347198,0.16784694295335414,nan,nan,0.0,nan,nan,nan,nan,nan,0.0,0.00018719605336738128,nan,nan,nan,nan,0.0006485182966977457,0.00016920207539466636
110.0,161.03030075513826,11.726088042190353,9.657040101326823,123.53870511263077,nan,nan,5.099567866619115,0.2886836341333448,8.63634620650949,0.16784694295335412,8.63634620650949,0.16784694295335412,7.163937171633374,0.4010314065705486,0.0,nan,0.0,9.800434122744301e-05,nan,nan,0.0,0.00017574496170463176,0.0,0.00013444396055415522,0.0,0.0001174579046178138,0.0,0.00016920207539466636
111.0,160.95099196947112,11.711142379419897,9.734163780463991,-88.37139356926498,nan,nan,5.409198499594006,0.3077490478288224,7.442678754838373,0.16784694295335414,7.442678754838373,0.16784694295335414,6.489324343323662,0.4010314065705486,0.0,nan,0.0003311330519420616,8.044768514885975e-05,nan,nan,0.0,0.00018517423247483577,0.0005243939794973767,0.00013444396055415522,0.0004949874901521961,0.0001174579046178138,0.0006052840690077849,0.00016920207539466636
112.0,161.03030075513826,11.696196716649439,9.734163780463991,91.62860643073502,nan,nan,6.342698683239516,0.2807850528766034,9.304030527839119,0.16784694295335417,9.304030527839119,0.16784694295335417,nan,nan,0.0,nan,0.0,nan,nan,nan,0.0,0.00017584196948233988,0.0,0.00013444396055415522,0.0,0.0001174579046178138,0.0,0.00016920207539466636
113.0,160.96861614406382,11.651359728338068,9.962244219630065,-12.938090961850628,nan,nan,5.93545351926114,0.23072752496283433,7.397455110920301,0.16784694295335412,7.397455110920301,0.16784694295335412,5.94807817953732,0.4010314065705486,0.0,nan,nan,nan,nan,nan,0.0,0.0001927401994442216,nan,nan,nan,nan,0.0,0.00016920207539466636
114.0,161.01267658054556,11.755979367731268,9.962244219630065,167.0619090381494,nan,nan,6.549567949500133,0.2027640556213357,8.36251925194099,0.16784694295335417,8.36251925194099,0.16784694295335417,6.575284895377708,0.4010314065705486,0.0,nan,nan,nan,nan,nan,0.0,0.0001749572374080241,nan,nan,nan,nan,0.0,0.00016920207539466636
115.0,160.97742823136016,11.755979367731268,10.299752764175178,-144.06202062993026,nan,nan,5.499294652855482,0.2602996853642521,8.422165854482465,0.16784694295335414,8.422165854482465,0.16784694295335414,nan,nan,0.0,nan,0.0,nan,nan,nan,0.0,0.00018053187357821768,0.0,0.00013444396055415522,0.0,0.0001174579046178138,0.0,0.00016920207539466636
116.0,161.0038644932492,11.651359728338068,10.299752764175178,35.937979370069755,nan,nan,7.311795431316055,0.25631326073708915,7.426284930291356,0.16784694295335414,7.426284930291356,0.16784694295335414,7.232477537777764,0.4010314065705486,0.0,0.00016191049760678133,nan,nan,nan,nan,0.0,0.00019463055624553623,nan,nan,nan,nan,0.0009279491019501305,0.00016920207539466636
117.0,160.94658592582294,11.688723885264212,10.40769845167265,-65.9465310205168,nan,nan,4.92239116244816,0.3042805718922134,5.504026737145928,0.16784694295335417,5.504026737145928,0.16784694295335417,nan,nan,nan,nan,nan,nan,nan,nan,nan,nan,nan,nan,nan,nan,0.0005651855019287106,0.00016920207539466636
118.0,161.03470679878643,11.718615210805124,10.40769845167265,114.05346897948321,nan,nan,3.891857190877624,0.29495913090136777,5.281625561605123,0.16784694295335412,5.281625561605123,0.16784694295335412,4.790175581166121,0.4010314065705486,nan,nan,0.0,8.621830378304513e-05,nan,nan,nan,nan,0.0,0.00013444396055415522,0.0,0.0001174579046178138,0.0,0.00016920207539466636
119.0,160.94658592582294,11.703669548034668,10.485247450725208,-80.59934637933875,nan,nan,5.856729749500124,0.3665450039712074,5.95793483462993,0.16784694295335414,5.95793483462993,0.16784694295335414,4.84599506066512,0.4010314065705486,nan,nan,nan,nan,nan,nan,nan,nan,nan,nan,nan,nan,0.0,0.00016920207539466636
120.0,161.03470679878643,11.703669548034668,10.485247450725208,99.40065362066125,nan,nan,6.009415461509393,0.2614883083263419,5.81537722199327,0.16784694295335417,5.81537722199327,0.16784694295335417,4.976644940888094,0.4010314065705486,nan,nan,0.0,9.119068407973462e-05,nan,nan,nan,nan,0.0,0.00013444396055415522,0.0,0.0001174579046178138,0.0,0.00016920207539466636
121.0,160.99945844960104,11.763452199116497,10.539871883417169,-172.95313370276165,nan,nan,6.06792698572013,0.23807504664138002,5.525886043358609,0.16784694295335417,5.525886043358609,0.16784694295335417,4.328455689907612,0.4010314065705486,nan,nan,0.0,0.00010229589282766172,nan,nan,nan,nan,0.0,0.00013444396055415522,0.0,0.0001174579046178138,0.0,0.00016920207539466636
122.0,160.98183427500834,11.64388689695284,10.539871883417169,7.046866297238358,nan,nan,5.2499863999612755,0.21797452036574133,5.617380345512543,0.16784694295335414,5.617380345512543,0.16784694295335414,4.73620945839048,0.4010314065705486,nan,nan,nan,nan,nan,nan,nan,nan,nan,nan,nan,nan,0.0,0.00016920207539466636
123.0,160.9553980131193,11.733560873575582,10.617866244873586,-110.32901880567074,nan,nan,5.429587159449167,0.2622534535554367,5.598596859740343,0.16784694295335417,5.598596859740343,0.16784694295335417,4.649118936827106,0.4010314065705486,0.0,0.0001468455512317728,0.0,9.015467661636765e-05,nan,nan,0.0,0.00018709124524063923,0.0,0.00013444396055415522,0.0,0.0001174579046178138,0.0,0.00016920207539466636
124.0,161.02589471149008,11.673778222493754,10.617866244873586,69.67098119432927,nan,nan,6.769915878594984,0.2445834340328412,6.5819687477168936,0.16784694295335417,6.5819687477168936,0.16784694295335417,5.9499819013827455,0.4010314065705486,0.0,nan,0.0,0.00010541213245415816,nan,nan,0.0,0.00017903399127653684,0.0,0.00013444396055415522,0.0,0.0001174579046178138,0.0,0.00016920207539466636
125.0,160.9553980131193,11.658832559723297,10.647188073508625,-32.71316596489879,nan,nan,5.881014621475352,0.297117407848106,4.9785777714618895,0.16784694295335417,4.9785777714618895,0.16784694295335417,3.748577570822289,0.4010314065705486,0.0,nan,0.0,0.0001028837807619702,nan,nan,0.0,0.00019087644458301995,0.0,0.00013444396055415522,0.0,0.0001174579046178138,0.0,0.00016920207539466636
126.0,161.02589471149008,11.748506536346039,10.647188073508625,147.2868340351012,nan,nan,5.695635389401344,0.227806507356883,6.847311455297188,0.16784694295335414,6.847311455297188,0.16784694295335414,nan,nan,0.0,nan,0.0,nan,nan,nan,0.0,0.00017500823895065423,0.0,0.00013444396055415522,nan,nan,0.0,0.00016920207539466636
127.0,160.95980405676747,11.741033704960811,10.65559514089781,-118.74703874903913,nan,nan,5.945890409771799,0.2891527089114211,5.982081459569007,0.1678469429533542,5.982081459569007,0.1678469429533542,5.223090095315967,0.4010314065705486,0.0,0.00014409133933890352,0.0,8.958669313217613e-05,nan,nan,0.0,0.00018537627652522897,0.0,0.00013444396055415522,0.0,0.0001174579046178138,0.0,0.00016920207539466636
128.0,161.0214886678419,11.666305391108525,10.65559514089781,61.25296125096087,nan,nan,7.0969485264797445,0.2876372459210528,6.404764501809008,0.16784694295335417,6.404764501809008,0.16784694295335417,5.601809437163947,0.4010314065705486,0.0,0.00014189024580361757,0.0,0.00010978431158658294,nan,nan,0.0,0.00018456792992214302,0.0,0.00013444396055415522,0.0,0.0001174579046178138,0.0,0.00016920207539466636
129.0,160.9906463623047,11.763452199116497,10.661660993747748,-161.61932518770465,nan,nan,6.159188280489128,0.26515431051419003,5.449636337772473,0.16784694295335412,5.449636337772473,0.16784694295335412,4.263454446313084,0.4010314065705486,nan,nan,0.0,0.00010656190404470218,nan,nan,nan,nan,0.0,0.00013444396055415522,0.0,0.0001174579046178138,0.0,0.00016920207539466636
130.0,160.9906463623047,11.64388689695284,10.661660993747748,18.380674812295375,nan,nan,5.613705307484589,0.2337416596499371,5.950055859041753,0.16784694295335417,5.950055859041753,0.16784694295335417,5.128820178557745,0.4010314065705486,nan,nan,nan,nan,nan,nan,nan,nan,nan,nan,nan,nan,0.0,0.00016920207539466636
131.0,160.95099196947112,11.666305391108525,10.668832099405497,-42.50746809305234,nan,nan,6.669317409626488,0.29910032703311695,4.834362663154033,0.1678469429533542,4.834362663154033,0.1678469429533542,4.096594742904174,0.4010314065705486,0.0,0.00015926131777349527,0.0,0.00011363476404774649,nan,nan,0.0,0.00019039492565851098,0.0,0.00013444396055415522,0.0,0.0001174579046178138,0.0,0.00016920207539466636
132.0,161.03030075513826,11.741033704960811,10.668832099405497,137.49253190694768,nan,nan,6.6816818593461225,0.2718334252036956,5.900307827544072,0.16784694295335414,5.900307827544072,0.16784694295335414,nan,nan,0.0,nan,0.0,nan,nan,nan,0.0,0.00017543186863153287,0.0,0.00013444396055415522,0.0,0.0001174579046178138,0.0,0.00016920207539466636
133.0,160.95099196947112,11.726088042190353,10.80809975610084,-102.03062265486594,nan,nan,6.019610337210992,0.30153683144444726,5.520158735259752,0.16784694295335414,5.520158735259752,0.16784694295335414,4.457562787212957,0.4010314065705486,0.0,0.00014112792515540834,0.0,9.580953219907e-05,nan,nan,0.0,0.00018505312892466862,0.0,0.00013444396055415522,0.0,0.0001174579046178138,0.0,0.00016920207539466636
134.0,161.03030075513826,11.681251053878983,10.80809975610084,77.96937734513408,nan,nan,6.5829218535630005,0.247074372652132,5.963259123766298,0.16784694295335417,5.963259123766298,0.16784694295335417,5.359690348540001,0.4010314065705486,0.0,nan,0.0005520729996929717,0.00010923503711192923,nan,nan,0.0,0.0001767234772042854,0.0006461196569604125,0.00013444396055415522,0.0007068286807214016,0.0001174579046178138,0.0006309977760919322,0.00016920207539466636
135.0,160.973022187712,11.64388689695284,10.830605551876058,-4.1078614567951215,nan,nan,3.4434415675759484,0.20247425814674552,4.797878816157973,0.16784694295335417,4.797878816157973,0.16784694295335417,4.176941153927379,0.4010314065705486,nan,nan,nan,nan,nan,nan,nan,nan,nan,nan,nan,nan,0.0,0.00016920207539466636
136.0,161.00827053689738,11.763452199116497,10.830605551876058,175.89213854320488,nan,nan,4.773848884851,0.21284679780460694,4.815659282775081,0.16784694295335414,4.815659282775081,0.16784694295335414,3.6433023635917943,0.4010314065705486,nan,nan,nan,nan,nan,nan,nan,nan,nan,nan,nan,nan,0.0,0.00016920207539466636
137.0,160.96421010041564,11.748506536346039,10.918923618009178,-126.93134170640899,nan,nan,6.431627601389166,0.3085419830761485,5.703462281264563,0.16784694295335417,5.703462281264563,0.16784694295335417,5.552725905566122,0.4010314065705486,0.0,0.0001407339096128048,0.0,9.758335939052096e-05,nan,nan,0.0,0.000183212457997988,0.0,0.00013444396055415522,0.0,0.0001174579046178138,0.0,0.00016920207539466636
138.0,161.01708262419373,11.658832559723297,10.918923618009178,53.068658293591014,nan,nan,8.759409905977389,0.26817214401566825,6.006243891657324,0.16784694295335417,6.006243891657324,0.16784694295335417,5.165426536555119,0.4010314065705486,0.0,0.00015672201367453105,0.0,0.00011304281953878303,nan,nan,0.0,0.00019105439073490666,0.0,0.00013444396055415522,0.0,0.0001174579046178138,0.0,0.00016920207539466636
139.0,160.95980405676747,11.651359728338068,10.932737234299797,-23.157533314226992,nan,nan,4.374053136116618,0.26311244141262025,4.3595508676033266,0.16784694295335417,4.3595508676033266,0.16784694295335417,3.59216911631936,0.4010314065705486,0.0,nan,0.0,9.123714127662071e-05,nan,nan,0.0,0.00020353250865682218,0.0,0.00013444396055415522,0.0,0.0001174579046178138,0.0,0.00016920207539466636
140.0,161.0214886678419,11.755979367731268,10.932737234299797,156.84246668577302,nan,nan,5.7279918400711844,0.2187406660347727,5.526637531777016,0.16784694295335412,5.526637531777016,0.16784694295335412,5.5877559809107,0.4010314065705486,0.0,nan,nan,nan,nan,nan,0.0,0.00017492614216361015,nan,nan,nan,nan,0.0,0.00016920207539466636
141.0,160.94658592582294,11.673778222493754,10.995855442491045,-51.98828850199332,nan,nan,3.165553087327315,0.26089870649495045,3.9258644395252618,0.16784694295335417,3.9258644395252618,0.16784694295335417,3.3364019218619645,0.4010314065705486,nan,nan,0.0,0.00010746226173893625,nan,nan,nan,nan,0.0,0.00013444396055415522,0.0,0.0001174579046178138,0.0,0.00016920207539466636
142.0,161.03470679878643,11.733560873575582,10.995855442491045,128.0117114980067,nan,nan,5.976264060363243,0.3243442070880922,4.278235472900194,0.16784694295335417,4.278235472900194,0.16784694295335417,3.3228863688602193,0.4010314065705486,nan,nan,0.0,9.872813050687402e-05,nan,nan,nan,nan,0.0,0.00013444396055415522,0.0,0.0001174579046178138,0.0,0.00016920207539466636
143.0,160.98183427500834,11.763452199116497,11.182502586657058,-150.94472751593102,nan,nan,4.752131043802087,0.27974529343095517,4.751882317502075,0.16784694295335417,4.751882317502075,0.16784694295335417,nan,nan,nan,nan,0.0,nan,nan,nan,nan,nan,0.0,0.00013444396055415522,0.0,0.0001174579046178138,0.0,0.00016920207539466636
144.0,160.99945844960104,11.64388689695284,11.182502586657058,29.055272484068997,nan,nan,5.95098689736293,0.26662916583990715,5.026757759964073,0.16784694295335417,5.026757759964073,0.16784694295335417,4.642241742620789,0.4010314065705486,nan,nan,nan,nan,nan,nan,nan,nan,nan,nan,nan,nan,0.0,0.00016920207539466636
145.0,160.94658592582294,11.718615210805124,11.214700978542773,-94.17672566874273,nan,nan,4.548933364693677,0.27535371046063184,4.528141087571278,0.1678469429533542,4.528141087571278,0.1678469429533542,3.6922901236092778,0.4010314065705486,nan,nan,0.0,8.880416823942855e-05,nan,nan,nan,nan,0.0,0.00013444396055415522,0.0,0.0001174579046178138,0.0,0.00016920207539466636
146.0,161.03470679878643,11.688723885264212,11.214700978542773,85.82327433125727,nan,nan,7.390377144246442,0.2878079108009936,4.883956181079885,0.16784694295335417,4.883956181079885,0.16784694295335417,nan,nan,nan,nan,0.0,nan,nan,nan,nan,nan,0.0,0.00013444396055415522,0.0,0.0001174579046178138,0.0,0.00016920207539466636
147.0,160.96861614406382,11.755979367731268,11.392218357353302,-134.58316521871785,nan,nan,4.37421865609011,0.28699091071809363,4.959376746478162,0.16784694295335414,4.959376746478162,0.16784694295335414,4.203626714640768,0.4010314065705486,0.0,0.00013882775957757776,0.00037604686144395745,9.908763595163388e-05,nan,nan,0.0,0.00018230792446806695,0.00048431388240037835,0.00013444396055415522,0.0004790731830970159,0.0001174579046178138,0.0005179057527807403,0.00016920207539466636
148.0,161.01267658054556,11.651359728338068,11.392218357353302,45.416834781282155,nan,nan,6.514909049186302,0.3003528956431092,4.859159587650422,0.16784694295335414,4.859159587650422,0.16784694295335414,nan,nan,0.0,nan,nan,nan,nan,nan,0.0,0.0001944837681269564,nan,nan,nan,nan,0.0,0.00016920207539466636
149.0,160.94217988217477,11.696196716649439,11.401993012516812,-73.96970309707429,nan,nan,4.462611907575516,0.2908714672722509,4.012717629618896,0.16784694295335412,4.012717629618896,0.16784694295335412,nan,nan,nan,nan,nan,nan,nan,nan,nan,nan,nan,nan,nan,nan,0.0,0.00016920207539466636
150.0,161.0391128424346,11.711142379419897,11.401993012516812,106.03029690292573,nan,nan,4.833757075480925,0.2732734585947171,3.656167347813752,0.16784694295335412,3.656167347813752,0.16784694295335412,3.0586970920357865,0.4010314065705486,nan,nan,0.0,9.111260839308545e-05,nan,nan,nan,nan,0.0,0.00013444396055415522,0.0,0.0001174579046178138,0.0,0.00016920207539466636
