PHANGS/NGC3351_gauss_1p5kpc.ecsv
# %ECSV 1.0
# ---
# datatype:
# - {name: ID, datatype: float64, format: .0f, description: Aperture ID}
# - {name: RA, unit: deg, datatype: float64, format: .5f, description: Right Ascension of the aperture center}
# - {name: DEC, unit: deg, datatype: float64, format: .5f, description: Declination of the aperture center}
# - {name: r_gal, unit: kpc, datatype: float64, format: .2f, description: Deprojected galactocentric radius}
# - {name: phi_gal, unit: deg, datatype: float64, format: .2f, description: Deprojected azimuthal angle (0 = receding major axis)}
# - {name: Sigma_mol_gauss, unit: solMass / pc2, datatype: float64, format: .3e, description: Kernel-average molecular gas surface density
#     (S20 alphaCO)}
# - {name: e_Sigma_mol_gauss, unit: solMass / pc2, datatype: float64, format: .1e, description: Stats error on kernel-average molecular
#     gas surface density (S20 alphaCO)}
# - {name: Sigma_atom_gauss, unit: solMass / pc2, datatype: float64, format: .3e, description: Kernel-average atomic gas surface density
#     (PHANGS-HI)}
# - {name: e_Sigma_atom_gauss, unit: solMass / pc2, datatype: float64, format: .1e, description: Stats error on kernel-average atomic
#     gas surface density (PHANGS-HI)}
# - {name: Sigma_star_gauss, unit: solMass / pc2, datatype: float64, format: .3e, description: Kernel-average stellar mass surface density
#     (fiducial)}
# - {name: e_Sigma_star_gauss, unit: solMass / pc2, datatype: float64, format: .1e, description: Stats error on kernel-average stellar
#     mass surface density (fiducial)}
# - {name: Sigma_star_3p6um_gauss, unit: solMass / pc2, datatype: float64, format: .3e, description: Kernel-average stellar mass surface
#     density (3.6um + varying M/L; Leroy+21)}
# - {name: e_Sigma_star_3p6um_gauss, unit: solMass / pc2, datatype: float64, format: .1e, description: Stats error on kernel-average stellar
#     mass surface density (3.6um + varying M/L; Leroy+21)}
# - {name: Sigma_star_3p4um_gauss, unit: solMass / pc2, datatype: float64, format: .3e, description: Kernel-average stellar mass surface
#     density (3.4um + varying M/L; Leroy+21)}
# - {name: e_Sigma_star_3p4um_gauss, unit: solMass / pc2, datatype: float64, format: .1e, description: Stats error on kernel-average stellar
#     mass surface density (3.4um + varying M/L; Leroy+21)}
# - {name: Sigma_SFR_HaW4recal_gauss, unit: solMass / (kpc2 yr), datatype: float64, format: .3e, description: Kernel-average SFR surface
#     density (recalibrated Halpha + WISE4; Belfiore+22)}
# - {name: e_Sigma_SFR_HaW4recal_gauss, unit: solMass / (kpc2 yr), datatype: float64, format: .1e, description: Stats error on kernel-average
#     SFR surface density (recalibrated Halpha + WISE4; Belfiore+22)}
# - {name: Sigma_SFR_FUVW4recal_gauss, unit: solMass / (kpc2 yr), datatype: float64, format: .3e, description: Kernel-average SFR surface
#     density (recalibrated GALEX FUV + WISE4; Belfiore+22)}
# - {name: e_Sigma_SFR_FUVW4recal_gauss, unit: solMass / (kpc2 yr), datatype: float64, format: .1e, description: Stats error on kernel-average
#     SFR surface density (recalibrated GALEX FUV + WISE4; Belfiore+22)}
# - {name: Sigma_SFR_Hacorr_gauss, unit: solMass / (kpc2 yr), datatype: float64, format: .3e, description: Kernel-average SFR surface
[...]
#       value: !astropy.table.SerializedColumn {name: e_Sigma_mol_gauss}
#     e_Sigma_star_3p4um_gauss:
#       __class__: astropy.units.quantity.Quantity
#       unit: !astropy.units.Unit {unit: solMass / pc2}
#       value: !astropy.table.SerializedColumn {name: e_Sigma_star_3p4um_gauss}
#     e_Sigma_star_3p6um_gauss:
#       __class__: astropy.units.quantity.Quantity
#       unit: !astropy.units.Unit {unit: solMass / pc2}
#       value: !astropy.table.SerializedColumn {name: e_Sigma_star_3p6um_gauss}
#     e_Sigma_star_gauss:
#       __class__: astropy.units.quantity.Quantity
#       unit: !astropy.units.Unit {unit: solMass / pc2}
#       value: !astropy.table.SerializedColumn {name: e_Sigma_star_gauss}
#     phi_gal:
#       __class__: astropy.units.quantity.Quantity
#       unit: *id001
#       value: !astropy.table.SerializedColumn {name: phi_gal}
#     r_gal:
#       __class__: astropy.units.quantity.Quantity
#       unit: !astropy.units.Unit {unit: kpc}
#       value: !astropy.table.SerializedColumn {name: r_gal}
# schema: astropy-2.0
ID,RA,DEC,r_gal,phi_gal,Sigma_mol_gauss,e_Sigma_mol_gauss,Sigma_atom_gauss,e_Sigma_atom_gauss,Sigma_star_gauss,e_Sigma_star_gauss,Sigma_star_3p6um_gauss,e_Sigma_star_3p6um_gauss,Sigma_star_3p4um_gauss,e_Sigma_star_3p4um_gauss,Sigma_SFR_HaW4recal_gauss,e_Sigma_SFR_HaW4recal_gauss,Sigma_SFR_FUVW4recal_gauss,e_Sigma_SFR_FUVW4recal_gauss,Sigma_SFR_Hacorr_gauss,e_Sigma_SFR_Hacorr_gauss,Sigma_SFR_HaW4_gauss,e_Sigma_SFR_HaW4_gauss,Sigma_SFR_FUVW4_gauss,e_Sigma_SFR_FUVW4_gauss,Sigma_SFR_NUVW4_gauss,e_Sigma_SFR_NUVW4_gauss,Sigma_SFR_W4ONLY_gauss,e_Sigma_SFR_W4ONLY_gauss
[from data line 388]
388.0,161.04792492973095,11.636414065567612,19.511624009442823,62.013728330834525,nan,nan,0.0,0.12557322983892666,0.0,0.16784694295335414,0.0,0.16784694295335414,0.0,0.4010314065705486,nan,nan,0.0,0.00011713137524116834,nan,nan,nan,nan,0.0,0.00013444396055415522,0.0,0.0001174579046178138,0.0,0.00016920207539466636
389.0,160.92014966393393,11.748506536346039,19.67907011187041,-104.26207292392186,nan,nan,1.2247414179629854,0.18568357495956675,nan,nan,nan,nan,2.0643686281846176,0.4010314065705486,nan,nan,0.0,6.40692115906393e-05,nan,nan,nan,nan,0.0,0.00013444396055415522,0.0,0.0001174579046178138,0.0,0.00016920207539466636
390.0,161.06114306067545,11.658832559723297,19.67907011187041,75.73792707607815,nan,nan,0.0,0.07371450011822579,0.0,0.16784694295335414,0.0,0.16784694295335414,0.0,0.4010314065705486,nan,nan,0.0,0.00010675923439100405,nan,nan,nan,nan,0.0,0.00013444396055415522,0.0,0.0001174579046178138,0.0,0.00016920207539466636
391.0,160.9069315329894,11.681251053878983,19.697831981558764,-69.03403230740932,nan,nan,0.0,0.1424118425091177,0.7324439352696612,0.16784694295335414,0.7324439352696612,0.16784694295335414,1.3442559742696327,0.4010314065705486,nan,nan,0.0,4.396088564351985e-05,nan,nan,nan,nan,0.0,0.00013444396055415522,0.0,0.0001174579046178138,0.0,0.00016920207539466636
392.0,161.07436119161997,11.726088042190353,19.697831981558764,110.9659676925907,nan,nan,0.0,0.08622322213486132,0.8273436992769176,0.16784694295335417,0.8273436992769176,0.16784694295335417,0.0,0.4010314065705486,nan,nan,0.0,9.297806182067102e-05,nan,nan,nan,nan,0.0,0.00013444396055415522,0.0,0.0001174579046178138,0.0,0.00016920207539466636
393.0,160.9377738385266,11.778397861886953,19.70464793912268,-122.51621964892831,nan,nan,1.6638525540113478,0.3602525399369836,0.0,0.1678469429533542,0.0,0.1678469429533542,0.0,0.4010314065705486,nan,nan,0.0,8.485826764036952e-05,nan,nan,nan,nan,0.0,0.00013444396055415522,0.0,0.0001174579046178138,0.0,0.00016920207539466636
394.0,161.04351888608278,11.628941234182383,19.70464793912268,57.48378035107169,nan,nan,0.0,0.1281824751914974,0.0,0.16784694295335417,0.0,0.16784694295335417,0.0,0.4010314065705486,nan,nan,0.0,nan,nan,nan,nan,nan,0.0,0.00013444396055415522,0.0,0.0001174579046178138,0.0,0.00016920207539466636
395.0,160.9069315329894,11.696196716649439,19.75784837245276,-76.77916858033765,nan,nan,0.0,0.14306207538698917,0.8513405243721871,0.16784694295335417,0.8513405243721871,0.16784694295335417,nan,nan,nan,nan,0.0,nan,nan,nan,nan,nan,0.0,0.00013444396055415522,nan,nan,0.0,0.00016920207539466636
396.0,161.07436119161997,11.711142379419897,19.75784837245276,103.22083141966236,nan,nan,0.0,0.08463680012784018,0.7266369347737716,0.16784694295335417,0.7266369347737716,0.16784694295335417,0.0,0.4010314065705486,nan,nan,0.0,9.598139768102539e-05,nan,nan,nan,nan,0.0,0.00013444396055415522,nan,nan,0.0,0.00016920207539466636
397.0,160.91574362028575,11.741033704960811,19.980249382202416,-99.83282556496381,nan,nan,1.1568534216256938,0.18630424062516274,nan,nan,nan,nan,nan,nan,nan,nan,0.0,nan,nan,nan,nan,nan,0.0,0.00013444396055415522,nan,nan,0.0,0.00016920207539466636
398.0,161.06554910432362,11.666305391108525,19.980249382202416,80.1671744350362,nan,nan,0.0,0.07115946980325519,0.0,0.16784694295335417,0.0,0.16784694295335417,0.0,0.4010314065705486,nan,nan,0.0,6.636761937340492e-05,nan,nan,nan,nan,0.0,0.00013444396055415522,0.0,0.0001174579046178138,0.0,0.00016920207539466636
399.0,160.9069315329894,11.666305391108525,19.99613648012548,-61.38174868675887,nan,nan,0.0,0.22314001563081814,0.0,0.16784694295335414,0.0,0.16784694295335414,0.0,0.4010314065705486,nan,nan,0.0,8.377161069387144e-05,nan,nan,nan,nan,0.0,0.00013444396055415522,0.0,0.0001174579046178138,0.0,0.00016920207539466636
400.0,161.07436119161997,11.741033704960811,19.99613648012548,118.61825131324113,nan,nan,0.0,0.10715264102211959,0.6679573003825051,0.16784694295335417,0.6679573003825051,0.16784694295335417,0.0,0.4010314065705486,nan,nan,0.0,8.558531390885903e-05,nan,nan,nan,nan,0.0,0.00013444396055415522,0.0,0.0001174579046178138,0.0,0.00016920207539466636
401.0,160.94217988217477,11.785870693272182,20.018026633017005,-126.93134170640934,nan,nan,nan,nan,0.0,0.16784694295335414,0.0,0.16784694295335414,0.0,0.4010314065705486,nan,nan,0.0,9.311711766739567e-05,nan,nan,nan,nan,0.0,0.00013444396055415522,0.0,0.0001174579046178138,0.0,0.00016920207539466636
402.0,161.0391128424346,11.621468402797154,20.018026633017005,53.06865829359068,nan,nan,nan,nan,0.0,0.16784694295335412,0.0,0.16784694295335412,0.0,0.4010314065705486,nan,nan,0.0,nan,nan,nan,nan,nan,0.0,0.00013444396055415522,0.0,0.0001174579046178138,0.0,0.00016920207539466636
403.0,160.9069315329894,11.711142379419897,20.172987798964005,-84.34079571634706,nan,nan,1.9230189522140215,0.1967523223095667,0.9200613575326325,0.1678469429533542,0.9200613575326325,0.1678469429533542,0.0,0.4010314065705486,nan,nan,0.0,9.321760928181535e-05,nan,nan,nan,nan,0.0,0.00013444396055415522,0.0,0.0001174579046178138,0.0,0.00016920207539466636
404.0,161.07436119161997,11.696196716649439,20.172987798964005,95.65920428365294,nan,nan,0.0,0.07798913367893336,0.0,0.16784694295335417,0.0,0.16784694295335417,0.0,0.4010314065705486,nan,nan,0.0,0.00010438351116791557,nan,nan,nan,nan,0.0,0.00013444396055415522,0.0,0.0001174579046178138,0.0,0.00016920207539466636
405.0,160.91133757663758,11.733560873575582,20.396899059381113,-95.55975186304276,nan,nan,1.4525641081800513,0.21201180611313367,nan,nan,nan,nan,nan,nan,nan,nan,0.0,nan,nan,nan,nan,nan,0.0,0.00013444396055415522,nan,nan,0.0,0.00016920207539466636
406.0,161.0699551479718,11.673778222493754,20.396899059381113,84.44024813695725,nan,nan,0.0,0.07931970443716775,0.0,0.16784694295335414,0.0,0.16784694295335414,0.0,0.4010314065705486,nan,nan,0.0,9.295449294603457e-05,nan,nan,nan,nan,0.0,0.00013444396055415522,0.0,0.0001174579046178138,0.0,0.00016920207539466636
407.0,160.90252548934123,11.688723885264212,20.722373509829907,-73.3002815415415,nan,nan,0.0,0.09374950117893313,0.0,0.16784694295335417,0.0,0.16784694295335417,0.0,0.4010314065705486,nan,nan,0.0,8.274930440764584e-05,nan,nan,nan,nan,0.0,0.00013444396055415522,0.0,0.0001174579046178138,0.0,0.00016920207539466636
408.0,161.07876723526815,11.718615210805124,20.722373509829907,106.69971845845852,nan,nan,0.0,0.08800003839163967,0.6319021796372866,0.16784694295335417,0.6319021796372866,0.16784694295335417,0.0,0.4010314065705486,nan,nan,0.0,0.00011050024528374132,nan,nan,nan,nan,0.0,0.00013444396055415522,0.0,0.0001174579046178138,0.0,0.00016920207539466636
409.0,160.90252548934123,11.673778222493754,20.815396903338787,-65.94653102051122,nan,nan,0.0,0.2395016217087596,0.0,0.16784694295335414,0.0,0.16784694295335414,1.513424478945154,0.4010314065705486,nan,nan,0.0,7.379349259504437e-05,nan,nan,nan,nan,0.0,0.00013444396055415522,0.0,0.0001174579046178138,0.0,0.00016920207539466636
410.0,161.07876723526815,11.733560873575582,20.815396903338787,114.05346897948878,nan,nan,0.0,0.12835242247448486,0.652714300826642,0.16784694295335417,0.652714300826642,0.16784694295335417,0.0,0.4010314065705486,nan,nan,0.0,6.505648494173635e-05,nan,nan,nan,nan,0.0,0.00013444396055415522,0.0,0.0001174579046178138,0.0,0.00016920207539466636
411.0,160.9069315329894,11.726088042190353,20.922121738931367,-91.47937704585962,nan,nan,2.2586652760123913,0.20333160068040634,nan,nan,nan,nan,0.0,0.4010314065705486,nan,nan,0.0,9.115785361410748e-05,nan,nan,nan,nan,0.0,0.00013444396055415522,0.0,0.0001174579046178138,0.0,0.00016920207539466636
412.0,161.07436119161997,11.681251053878983,20.922121738931367,88.52062295414039,nan,nan,0.0,0.07976922036806998,0.0,0.16784694295335412,0.0,0.16784694295335412,0.0,0.4010314065705486,nan,nan,0.0,0.00011444047259704363,nan,nan,nan,nan,0.0,0.00013444396055415522,0.0,0.0001174579046178138,0.0,0.00016920207539466636
413.0,160.90252548934123,11.703669548034668,20.970494901443654,-80.59934637933875,nan,nan,1.1746109342150235,0.2064889448853226,1.060993063615842,0.16784694295335417,1.060993063615842,0.16784694295335417,0.0,0.4010314065705486,nan,nan,0.0,0.00013444396055415522,nan,nan,nan,nan,0.0,0.00013444396055415522,nan,nan,0.0,0.00016920207539466636
414.0,161.07876723526815,11.703669548034668,20.970494901443654,99.40065362066125,nan,nan,0.0,0.07803628661192051,0.592723146282754,0.16784694295335417,0.592723146282754,0.16784694295335417,0.0,0.4010314065705486,nan,nan,0.0,9.076674785278265e-05,nan,nan,nan,nan,0.0,0.00013444396055415522,0.0,0.0001174579046178138,0.0,0.00016920207539466636
415.0,160.9245557075821,11.770925030501724,21.216085933154694,-114.54550699505864,nan,nan,0.0,0.4796309985598104,nan,nan,nan,nan,0.0,0.4010314065705486,nan,nan,0.0,8.093999308992646e-05,nan,nan,nan,nan,0.0,0.00013444396055415522,0.0,0.0001174579046178138,0.0,0.00016920207539466636
416.0,161.05673701702727,11.636414065567612,21.216085933154694,65.45449300494136,nan,nan,0.0,0.18191749717400554,nan,nan,nan,nan,0.0,0.4010314065705486,nan,nan,0.0,7.775166688661412e-05,nan,nan,nan,nan,0.0,0.00013444396055415522,0.0,0.0001174579046178138,0.0,0.00016920207539466636
417.0,160.92014966393393,11.763452199116497,21.235732489741295,-110.3290188056798,nan,nan,0.0,0.3015117059602453,nan,nan,nan,nan,0.0,0.4010314065705486,nan,nan,0.0,4.6373344249364296e-05,nan,nan,nan,nan,0.0,0.00013444396055415522,0.0,0.0001174579046178138,0.0,0.00016920207539466636
418.0,161.06114306067545,11.64388689695284,21.235732489741295,69.67098119432022,nan,nan,0.0,0.13987077434590497,nan,nan,nan,nan,0.0,0.4010314065705486,nan,nan,0.0,9.88129665931718e-05,nan,nan,nan,nan,0.0,0.00013444396055415522,0.0,0.0001174579046178138,0.0,0.00016920207539466636
419.0,160.91574362028575,11.755979367731268,21.36981346163777,-106.14291695194147,nan,nan,1.1707624335201607,0.25987130164153704,nan,nan,nan,nan,0.0,0.4010314065705486,nan,nan,0.0,7.742910408853274e-05,nan,nan,nan,nan,0.0,0.00013444396055415522,0.0,0.0001174579046178138,0.0,0.00016920207539466636
420.0,161.06554910432362,11.651359728338068,21.36981346163777,73.85708304805853,nan,nan,0.0,0.10027253652344502,nan,nan,nan,nan,0.0,0.4010314065705486,nan,nan,0.0,9.325154392250906e-05,nan,nan,nan,nan,0.0,0.00013444396055415522,0.0,0.0001174579046178138,0.0,0.00016920207539466636
421.0,160.90252548934123,11.718615210805124,21.54797962304696,-87.61731358666131,nan,nan,1.722550367809264,0.21119255507655282,nan,nan,nan,nan,1.266984056320896,0.4010314065705486,nan,nan,0.0,9.941272373054946e-05,nan,nan,nan,nan,0.0,0.00013444396055415522,nan,nan,0.0,0.00016920207539466636
422.0,161.07876723526815,11.688723885264212,21.54797962304696,92.38268641333869,nan,nan,0.0,0.09796616255506,nan,nan,nan,nan,0.0,0.4010314065705486,nan,nan,0.0,0.00010242966083696317,nan,nan,nan,nan,0.0,0.00013444396055415522,0.0,0.0001174579046178138,0.0,0.00016920207539466636
423.0,160.91133757663758,11.748506536346039,21.61619951219538,-102.03062265487249,nan,nan,0.6828056573997737,0.21435551623318727,nan,nan,nan,nan,1.7189329443018455,0.4010314065705486,nan,nan,0.0,7.077831121549736e-05,nan,nan,nan,nan,0.0,0.00013444396055415522,0.0,0.0001174579046178138,0.0,0.00016920207539466636
424.0,161.0699551479718,11.658832559723297,21.61619951219538,77.96937734512753,nan,nan,0.0,0.09503526990574243,nan,nan,nan,nan,0.0,0.4010314065705486,nan,nan,0.0,7.66026753600922e-05,nan,nan,nan,nan,0.0,0.00013444396055415522,0.0,0.0001174579046178138,0.0,0.00016920207539466636
425.0,160.89811944569306,11.681251053878983,21.75636726132066,-70.14130236955944,nan,nan,0.0,0.24640293868193122,0.5630324012179485,0.16784694295335414,0.5630324012179485,0.16784694295335414,1.3994431744671787,0.4010314065705486,nan,nan,0.0,6.218532254324865e-05,nan,nan,nan,nan,0.0,0.00013444396055415522,0.0,0.0001174579046178138,0.0,0.00016920207539466636
426.0,161.08317327891632,11.726088042190353,21.75636726132066,109.85869763044056,nan,nan,0.0,0.21112882436919425,0.9622051444833942,0.16784694295335414,0.9622051444833942,0.16784694295335414,0.0,0.4010314065705486,nan,nan,0.0,8.248518362364286e-05,nan,nan,nan,nan,0.0,0.00013444396055415522,0.0,0.0001174579046178138,0.0,0.00016920207539466636
427.0,160.89811944569306,11.696196716649439,21.850685047437256,-77.145528819428,nan,nan,0.0,0.19920897188472672,1.0664819046740173,0.1678469429533542,1.0664819046740173,0.1678469429533542,0.0,0.4010314065705486,nan,nan,0.0,0.0001095451372717865,nan,nan,nan,nan,0.0,0.00013444396055415522,nan,nan,0.0,0.00016920207539466636
428.0,161.08317327891632,11.711142379419897,21.850685047437256,102.854471180572,nan,nan,0.0,0.13698074955894593,0.9371551026806162,0.16784694295335414,0.9371551026806162,0.16784694295335414,0.0,0.4010314065705486,nan,nan,0.0,9.29254932682711e-05,nan,nan,nan,nan,0.0,0.00013444396055415522,0.0,0.0001174579046178138,0.0,0.00016920207539466636
429.0,160.9069315329894,11.741033704960811,21.97111276820961,-98.03105823582816,nan,nan,0.0,0.2503053352419935,nan,nan,nan,nan,nan,nan,nan,nan,0.0,nan,nan,nan,nan,nan,0.0,0.00013444396055415522,0.0,0.0001174579046178138,0.0,0.00016920207539466636
430.0,161.07436119161997,11.666305391108525,21.97111276820961,81.96894176417186,nan,nan,0.0,0.10675660973899394,nan,nan,nan,nan,0.0,0.4010314065705486,nan,nan,0.0,9.031956097633285e-05,nan,nan,nan,nan,0.0,0.00013444396055415522,0.0,0.0001174579046178138,0.0,0.00016920207539466636
431.0,160.89811944569306,11.711142379419897,22.265988290851425,-83.9886676745991,nan,nan,2.2012839396911454,0.3741991195209148,nan,nan,nan,nan,0.0,0.4010314065705486,nan,nan,0.0,7.068904367681473e-05,nan,nan,nan,nan,0.0,0.00013444396055415522,nan,nan,0.0,0.00016920207539466636
432.0,161.08317327891632,11.696196716649439,22.265988290851425,96.0113323254009,nan,nan,0.0,0.136367025968024,nan,nan,nan,nan,0.0,0.4010314065705486,nan,nan,0.0,nan,nan,nan,nan,nan,0.0,0.00013444396055415522,0.0,0.0001174579046178138,0.0,0.00016920207539466636
433.0,160.90252548934123,11.733560873575582,22.4294019570791,-94.17672566874755,nan,nan,1.7635422056235803,0.3296087723497227,nan,nan,nan,nan,0.0,0.4010314065705486,nan,nan,0.0,8.474754060523959e-05,nan,nan,nan,nan,0.0,0.00013444396055415522,0.0,0.0001174579046178138,0.0,0.00016920207539466636
434.0,161.07876723526815,11.673778222493754,22.4294019570791,85.82327433125246,nan,nan,0.0,0.1172536658581199,nan,nan,nan,nan,0.0,0.4010314065705486,nan,nan,0.0,8.27968173630441e-05,nan,nan,nan,nan,0.0,0.00013444396055415522,0.0,0.0001174579046178138,0.0,0.00016920207539466636
435.0,160.89811944569306,11.726088042190353,22.984884358803384,-90.49263245322283,nan,nan,0.0,0.48598906166144334,nan,nan,nan,nan,1.3739600972616695,0.4010314065705486,nan,nan,0.0,7.161961490286146e-05,nan,nan,nan,nan,0.0,0.00013444396055415522,0.0,0.0001174579046178138,0.0,0.00016920207539466636
436.0,161.08317327891632,11.681251053878983,22.984884358803384,89.50736754677717,nan,nan,0.0,0.19531570186752117,nan,nan,nan,nan,0.0,0.4010314065705486,nan,nan,0.0,0.0001291516049704374,nan,nan,nan,nan,0.0,0.00013444396055415522,0.0,0.0001174579046178138,0.0,0.00016920207539466636
437.0,160.89371340204488,11.703669548034668,23.067544391588697,-80.59934637933875,nan,nan,nan,nan,nan,nan,nan,nan,0.0,0.4010314065705486,nan,nan,0.0,0.0001269318966731369,nan,nan,nan,nan,0.0,0.00013444396055415522,nan,nan,0.0,0.00016920207539466636
438.0,161.0875793225645,11.703669548034668,23.067544391588697,99.40065362066125,nan,nan,nan,nan,nan,nan,nan,nan,0.0,0.4010314065705486,nan,nan,0.0,9.670224854213132e-05,nan,nan,nan,nan,0.0,0.00013444396055415522,0.0,0.0001174579046178138,0.0,0.00016920207539466636
