PHANGS/NGC3351_gauss_1p5kpc.ecsv
# %ECSV 1.0
# ---
# datatype:
# - {name: ID, datatype: float64, format: .0f, description: Aperture ID}
# - {name: RA, unit: deg, datatype: float64, format: .5f, description: Right Ascension of the aperture center}
# - {name: DEC, unit: deg, datatype: float64, format: .5f, description: Declination of the aperture center}
# - {name: r_gal, unit: kpc, datatype: float64, format: .2f, description: Deprojected galactocentric radius}
# - {name: phi_gal, unit: deg, datatype: float64, format: .2f, description: Deprojected azimuthal angle (0 = receding major axis)}
# - {name: Sigma_mol_gauss, unit: solMass / pc2, datatype: float64, format: .3e, description: Kernel-average molecular gas surface density
#     (S20 alphaCO)}
# - {name: e_Sigma_mol_gauss, unit: solMass / pc2, datatype: float64, format: .1e, description: Stats error on kernel-average molecular
#     gas surface density (S20 alphaCO)}
# - {name: Sigma_atom_gauss, unit: solMass / pc2, datatype: float64, format: .3e, description: Kernel-average atomic gas surface density
#     (PHANGS-HI)}
# - {name: e_Sigma_atom_gauss, unit: solMass / pc2, datatype: float64, format: .1e, description: Stats error on kernel-average atomic
#     gas surface density (PHANGS-HI)}
# - {name: Sigma_star_gauss, unit: solMass / pc2, datatype: float64, format: .3e, description: Kernel-average stellar mass surface density
#     (fiducial)}
# - {name: e_Sigma_star_gauss, unit: solMass / pc2, datatype: float64, format: .1e, description: Stats error on kernel-average stellar
#     mass surface density (fiducial)}
# - {name: Sigma_star_3p6um_gauss, unit: solMass / pc2, datatype: float64, format: .3e, description: Kernel-average stellar mass surface
#     density (3.6um + varying M/L; Leroy+21)}
# - {name: e_Sigma_star_3p6um_gauss, unit: solMass / pc2, datatype: float64, format: .1e, description: Stats error on kernel-average stellar
#     mass surface density (3.6um + varying M/L; Leroy+21)}
# - {name: Sigma_star_3p4um_gauss, unit: solMass / pc2, datatype: float64, format: .3e, description: Kernel-average stellar mass surface
#     density (3.4um + varying M/L; Leroy+21)}
# - {name: e_Sigma_star_3p4um_gauss, unit: solMass / pc2, datatype: float64, format: .1e, description: Stats error on kernel-average stellar
#     mass surface density (3.4um + varying M/L; Leroy+21)}
# - {name: Sigma_SFR_HaW4recal_gauss, unit: solMass / (kpc2 yr), datatype: float64, format: .3e, description: Kernel-average SFR surface
#     density (recalibrated Halpha + WISE4; Belfiore+22)}
# - {name: e_Sigma_SFR_HaW4recal_gauss, unit: solMass / (kpc2 yr), datatype: float64, format: .1e, description: Stats error on kernel-average
#     SFR surface density (recalibrated Halpha + WISE4; Belfiore+22)}
# - {name: Sigma_SFR_FUVW4recal_gauss, unit: solMass / (kpc2 yr), datatype: float64, format: .3e, description: Kernel-average SFR surface
#     density (recalibrated GALEX FUV + WISE4; Belfiore+22)}
# - {name: e_Sigma_SFR_FUVW4recal_gauss, unit: solMass / (kpc2 yr), datatype: float64, format: .1e, description: Stats error on kernel-average
#     SFR surface density (recalibrated GALEX FUV + WISE4; Belfiore+22)}
# - {name: Sigma_SFR_Hacorr_gauss, unit: solMass / (kpc2 yr), datatype: float64, format: .3e, description: Kernel-average SFR surface
[...]
#       value: !astropy.table.SerializedColumn {name: e_Sigma_mol_gauss}
#     e_Sigma_star_3p4um_gauss:
#       __class__: astropy.units.quantity.Quantity
#       unit: !astropy.units.Unit {unit: solMass / pc2}
#       value: !astropy.table.SerializedColumn {name: e_Sigma_star_3p4um_gauss}
#     e_Sigma_star_3p6um_gauss:
#       __class__: astropy.units.quantity.Quantity
#       unit: !astropy.units.Unit {unit: solMass / pc2}
#       value: !astropy.table.SerializedColumn {name: e_Sigma_star_3p6um_gauss}
#     e_Sigma_star_gauss:
#       __class__: astropy.units.quantity.Quantity
#       unit: !astropy.units.Unit {unit: solMass / pc2}
#       value: !astropy.table.SerializedColumn {name: e_Sigma_star_gauss}
#     phi_gal:
#       __class__: astropy.units.quantity.Quantity
#       unit: *id001
#       value: !astropy.table.SerializedColumn {name: phi_gal}
#     r_gal:
#       __class__: astropy.units.quantity.Quantity
#       unit: !astropy.units.Unit {unit: kpc}
#       value: !astropy.table.SerializedColumn {name: r_gal}
# schema: astropy-2.0
ID,RA,DEC,r_gal,phi_gal,Sigma_mol_gauss,e_Sigma_mol_gauss,Sigma_atom_gauss,e_Sigma_atom_gauss,Sigma_star_gauss,e_Sigma_star_gauss,Sigma_star_3p6um_gauss,e_Sigma_star_3p6um_gauss,Sigma_star_3p4um_gauss,e_Sigma_star_3p4um_gauss,Sigma_SFR_HaW4recal_gauss,e_Sigma_SFR_HaW4recal_gauss,Sigma_SFR_FUVW4recal_gauss,e_Sigma_SFR_FUVW4recal_gauss,Sigma_SFR_Hacorr_gauss,e_Sigma_SFR_Hacorr_gauss,Sigma_SFR_HaW4_gauss,e_Sigma_SFR_HaW4_gauss,Sigma_SFR_FUVW4_gauss,e_Sigma_SFR_FUVW4_gauss,Sigma_SFR_NUVW4_gauss,e_Sigma_SFR_NUVW4_gauss,Sigma_SFR_W4ONLY_gauss,e_Sigma_SFR_W4ONLY_gauss
[from data line 67]
67.0,160.95980405676747,11.681251053878983,7.790692565636939,-50.141657246916715,nan,nan,6.754945291779287,0.2789580629407595,23.340962302952935,0.16784694295335412,23.340962302952935,0.16784694295335412,nan,nan,nan,nan,nan,nan,nan,nan,0.00209577406788989,0.00018939697625772214,nan,nan,nan,nan,0.0015495514806077525,0.00016920207539466636
68.0,161.0214886678419,11.726088042190353,7.790692565636939,129.8583427530833,nan,nan,7.987184161132621,0.3247518760736328,31.18354567263171,0.2249929013172442,31.18354567263171,0.2249929013172442,nan,nan,0.0,nan,nan,nan,nan,nan,0.0,0.00017607000180093441,0.0010044795153680433,0.00013444396055415522,0.0012205179030735896,0.0001174579046178138,0.000920511427532599,0.00016920207539466636
69.0,160.97742823136016,11.741033704960811,7.800056197038523,-138.14532879420761,nan,nan,6.642416701500973,0.31670083790542636,32.32131099259269,0.22930433508419923,32.32131099259269,0.22930433508419923,27.847742121549043,0.5478696150998514,0.0,0.00013743516844813786,0.0007446874154466997,9.410470746303732e-05,nan,nan,0.0,0.00018189251595028937,0.0009442590985397923,0.00013444396055415522,0.0011729156550632112,0.0001174579046178138,0.0008367254474510571,0.00016920207539466636
70.0,161.0038644932492,11.666305391108525,7.800056197038523,41.854671205792386,nan,nan,5.796685072659923,0.27395404200969864,29.169362439380137,0.2106557831513792,29.169362439380137,0.2106557831513792,nan,nan,0.0,nan,nan,nan,nan,nan,0.0,0.00018480939768559992,0.0009600817800962868,0.00013444396055415522,0.0011436915583143547,0.0001174579046178138,0.0009153525882412933,0.00016920207539466636
71.0,160.96861614406382,11.666305391108525,7.809098024499955,-23.157533314226328,nan,nan,4.929269158871201,0.2697579605496247,20.85006246041885,0.16784694295335414,20.85006246041885,0.16784694295335414,16.776981926792352,0.4010314065705486,0.0,0.00015144377174783805,nan,nan,nan,nan,0.0,0.00018754348637423692,nan,nan,nan,nan,0.0009116378357535477,0.00016920207539466636
72.0,161.01267658054556,11.741033704960811,7.809098024499955,156.8424666857737,nan,nan,5.348856381613549,0.27888304006561215,18.78809592959383,0.16784694295335414,18.78809592959383,0.16784694295335414,nan,nan,0.0,nan,0.0,nan,nan,nan,0.0,0.0001756189763744162,0.0,0.00013444396055415522,0.0,0.0001174579046178138,0.0,0.00016920207539466636
73.0,160.99945844960104,11.748506536346039,7.943724774333661,-176.73403896657655,nan,nan,5.7563416048150255,0.26081643127523174,17.43921858448843,0.16784694295335417,17.43921858448843,0.16784694295335417,14.55479772883534,0.4010314065705486,0.0,0.00012849522846591235,0.0006458851511314834,9.958257695529295e-05,nan,nan,0.0,0.00017547488793249447,0.000781705375432659,0.00013444396055415522,0.0009865579289416334,0.0001174579046178138,0.0006589347317914893,0.00016920207539466636
74.0,160.98183427500834,11.658832559723297,7.943724774333661,3.2659610334234426,nan,nan,4.575193520180326,0.2536505096519947,17.921828622739582,0.16784694295335412,17.921828622739582,0.16784694295335412,15.084878246223793,0.4010314065705486,0.0,nan,nan,nan,nan,nan,0.0,0.0001912670714553614,nan,nan,nan,nan,0.0,0.00016920207539466636
75.0,160.9906463623047,11.748506536346039,7.996245745310652,-161.61932518770465,nan,nan,7.182138584510454,0.26729786893614277,23.453603648017925,0.20942337439398048,23.453603648017925,0.20942337439398048,19.853599113117962,0.5003686628079294,0.0,0.00013206524677871872,0.000742274249303558,0.00010073878981236239,nan,nan,0.0,0.00017635033369211797,0.0008911940170424284,0.00013444396055415522,0.001129943852601683,0.0001174579046178138,0.0007472750756071939,0.00016920207539466636
76.0,160.9906463623047,11.658832559723297,7.996245745310652,18.380674812295375,nan,nan,5.5022166737676566,0.22852996990407082,18.62869931225762,0.16784694295335417,18.62869931225762,0.16784694295335417,15.845197838321177,0.4010314065705486,0.0,nan,0.0,9.554537839554544e-05,nan,nan,0.0,0.00019161688395567358,0.0,0.00013444396055415522,0.0,0.0001174579046178138,0.0,0.00016920207539466636
77.0,160.9553980131193,11.703669548034668,8.388197960580166,-80.59934637933875,nan,nan,7.203184164192324,0.3575328524710524,15.729949525499984,0.16784694295335417,15.729949525499984,0.16784694295335417,13.118447965831885,0.4010314065705486,0.0,nan,nan,nan,nan,nan,0.0,0.00018786233391781293,nan,nan,nan,nan,0.0005608122974278552,0.00016920207539466636
78.0,161.02589471149008,11.703669548034668,8.388197960580166,99.40065362066125,nan,nan,6.635055413205775,0.3120491352770906,16.717324492395942,0.16784694295335414,16.717324492395942,0.16784694295335414,14.622876015215645,0.4010314065705486,0.0,nan,0.0005551146744738193,9.353775991480638e-05,nan,nan,0.0,0.00017577283942825695,0.0007127070326645936,0.00013444396055415522,0.0008497256815746439,0.0001174579046178138,0.0006515634962346851,0.00016920207539466636
79.0,160.9553980131193,11.688723885264212,8.395628093335779,-62.3239210657146,nan,nan,7.016145125401478,0.3470743264019112,16.91568673120783,0.16784694295335414,16.91568673120783,0.16784694295335414,nan,nan,0.0,nan,nan,nan,nan,nan,0.0,0.00018770144809650955,nan,nan,nan,nan,0.0,0.00016920207539466636
80.0,161.02589471149008,11.718615210805124,8.395628093335779,117.67607893428541,nan,nan,7.773147535388897,0.304665605464332,20.99637796975929,0.20934881456564094,20.99637796975929,0.20934881456564094,17.99083020610732,0.5001905193618434,0.0,0.0001331628391754618,0.0006353838975903675,9.603067493810129e-05,nan,nan,0.0,0.00017612903386599922,0.0008029251749169524,0.00013444396055415522,0.0009536663968734276,0.0001174579046178138,0.0007376598834589826,0.00016920207539466636
81.0,160.973022187712,11.658832559723297,8.429757629348615,-11.054372262851983,nan,nan,6.478122680256528,0.2613060928943784,14.882026559017875,0.16784694295335417,14.882026559017875,0.16784694295335417,12.013918971497855,0.4010314065705486,0.0,nan,nan,nan,nan,nan,0.0,0.00018981632710562773,nan,nan,nan,nan,0.0,0.00016920207539466636
82.0,161.00827053689738,11.748506536346039,8.429757629348615,168.94562773714804,nan,nan,5.137107500528398,0.21470503187771162,15.609693596954237,0.16784694295335417,15.609693596954237,0.16784694295335417,12.791576150463595,0.4010314065705486,0.0,nan,0.0005115545371364501,9.5851449873264e-05,nan,nan,0.0,0.00017555555489669086,0.0006408387326733647,0.00013444396055415522,0.0007997265475765756,0.0001174579046178138,0.0005665755747151031,0.00016920207539466636
83.0,160.98183427500834,11.748506536346039,8.577433291881098,-147.64495633502509,nan,nan,6.6225916773970095,0.28408720140101096,16.164364811085807,0.16784694295335414,16.164364811085807,0.16784694295335414,nan,nan,0.0,nan,0.0,nan,nan,nan,0.0,0.00017987329625170697,0.0,0.00013444396055415522,0.0,0.0001174579046178138,0.0,0.00016920207539466636
84.0,160.99945844960104,11.658832559723297,8.577433291881098,32.355043664974914,nan,nan,5.692648676286286,0.25470736292851415,17.081733721971723,0.1963564205867264,17.081733721971723,0.1963564205867264,14.449462520708297,0.46914820223408493,0.0,nan,nan,nan,nan,nan,0.0,0.00019099120748188644,nan,nan,nan,nan,0.0007254573900724582,0.00016920207539466636
85.0,160.96421010041564,11.733560873575582,8.858098071807898,-117.07111669752425,nan,nan,5.802319126760605,0.2900321069938833,12.308299778297044,0.16784694295335412,12.308299778297044,0.16784694295335412,10.995912849102366,0.4010314065705486,0.0,nan,0.0,8.373309243052879e-05,nan,nan,0.0,0.00018373475209207608,0.0,0.00013444396055415522,0.0,0.0001174579046178138,0.0,0.00016920207539466636
86.0,161.01708262419373,11.673778222493754,8.858098071807898,62.92888330247577,nan,nan,5.5464618838360975,0.2842824145959869,16.14617477868486,0.16784694295335417,16.14617477868486,0.16784694295335417,14.647331985790489,0.4010314065705486,0.0,0.0001380678365408717,0.0005675892880898282,9.621638320026978e-05,nan,nan,0.0,0.0001793948985130226,0.0007049262823380118,0.00013444396055415522,0.000876363211665908,0.0001174579046178138,0.0006076128194269939,0.00016920207539466636
87.0,160.95980405676747,11.726088042190353,8.889133151118246,-106.97557220056768,nan,nan,6.919472871076244,0.31986046785210287,11.92676912890741,0.16784694295335414,11.92676912890741,0.16784694295335414,10.120646822361675,0.4010314065705486,0.0,nan,0.0003691611809533859,8.603164208371624e-05,nan,nan,0.0,0.0001858352263184786,0.0005251554283756232,0.00013444396055415522,0.0005689915474783052,0.0001174579046178138,0.0005449371486601707,0.00016920207539466636
88.0,161.0214886678419,11.681251053878983,8.889133151118246,73.02442779943232,nan,nan,5.878802522825893,0.29588264212452053,15.007567002364423,0.16784694295335417,15.007567002364423,0.16784694295335417,13.410431167993707,0.4010314065705486,0.0,nan,0.0,9.547750167260584e-05,nan,nan,0.0,0.0001767776103493095,0.0,0.00013444396055415522,0.0,0.0001174579046178138,0.0,0.00016920207539466636
89.0,160.96861614406382,11.741033704960811,9.099103015007822,-126.93134170640975,nan,nan,5.941700425008239,0.304912041637049,11.98997346267738,0.16784694295335412,11.98997346267738,0.16784694295335412,9.896599685071328,0.4010314065705486,0.0,nan,0.00047751195599215427,8.98920247656964e-05,nan,nan,0.0,0.0001828543585774635,0.000659762784397661,0.00013444396055415522,0.0007107761581379871,0.0001174579046178138,0.0006918401386899562,0.00016920207539466636
90.0,161.01267658054556,11.666305391108525,9.099103015007822,53.06865829359027,nan,nan,6.172456406558327,0.3026609896240388,13.727259921171807,0.16784694295335412,13.727259921171807,0.16784694295335412,10.979453080289177,0.4010314065705486,0.0,0.00014116829540203806,0.0,9.989430270774902e-05,nan,nan,0.0,0.0001847263627304334,0.0,0.00013444396055415522,0.0,0.0001174579046178138,0.0,0.00016920207539466636
91.0,160.95980405676747,11.666305391108525,9.110728763203277,-34.34389075125286,nan,nan,6.579310013728597,0.25939458347976446,11.065765961718009,0.16784694295335414,11.065765961718009,0.16784694295335414,9.434782085013483,0.4010314065705486,0.0,0.0001531019823052767,nan,nan,nan,nan,0.0,0.00019144147201545722,nan,nan,nan,nan,0.000534053701002069,0.00016920207539466636
92.0,161.0214886678419,11.741033704960811,9.110728763203277,145.65610924874716,nan,nan,8.227735153413263,0.2662338335519611,14.426340464063085,0.16784694295335414,14.426340464063085,0.16784694295335414,nan,nan,0.0,nan,nan,nan,nan,nan,0.0,0.00017565794634800882,0.0007257012883601267,0.00013444396055415522,0.0009507082051586744,0.0001174579046178138,0.0005228142437527066,0.00016920207539466636
93.0,160.9553980131193,11.718615210805124,9.18945242456547,-97.24766119860813,nan,nan,6.263283873155138,0.3121078986485799,9.86708722789819,0.1678469429533542,9.86708722789819,0.1678469429533542,7.8909882862392875,0.4010314065705486,0.0,nan,0.0,8.206140463274562e-05,nan,nan,0.0,0.00018717487550087264,0.0,0.00013444396055415522,0.0,0.0001174579046178138,0.0,0.00016920207539466636
94.0,161.02589471149008,11.688723885264212,9.18945242456547,82.75233880139189,nan,nan,6.9929666348966375,0.29861898601826264,12.891423081435287,0.16784694295335414,12.891423081435287,0.16784694295335414,nan,nan,0.0,nan,nan,nan,nan,nan,0.0,0.0001755511617366545,0.00067591991143031,0.00013444396055415522,0.0008315863220600437,0.0001174579046178138,0.0005631103307355083,0.00016920207539466636
95.0,160.9553980131193,11.673778222493754,9.209785775496506,-45.72855510986864,nan,nan,6.425502358674504,0.23433585868223183,11.299720354329217,0.16784694295335414,11.299720354329217,0.16784694295335414,8.44128206879162,0.4010314065705486,0.0,0.00015624148110286203,nan,nan,nan,nan,0.0,0.00018994950475223946,nan,nan,nan,nan,0.0,0.00016920207539466636
96.0,161.02589471149008,11.733560873575582,9.209785775496506,134.27144489013136,nan,nan,10.873977771706498,0.3478749982513375,15.206629328149132,0.16784694295335414,15.206629328149132,0.16784694295335414,nan,nan,0.0,nan,0.0,nan,nan,nan,0.0,0.00017585877211967363,0.0,0.00013444396055415522,0.0,0.0001174579046178138,0.0,0.00016920207539466636
97.0,160.99505240595286,11.755979367731268,9.223618714521603,-168.0663701349107,nan,nan,6.156207670090491,0.29922626638629357,10.84718070328875,0.16784694295335414,10.84718070328875,0.16784694295335414,9.219191313559627,0.4010314065705486,0.0,0.0001310799958634742,0.0,0.00010647787261162,nan,nan,0.0,0.00017506832895976894,0.0,0.00013444396055415522,0.0,0.0001174579046178138,0.0,0.00016920207539466636
98.0,160.9862403186565,11.651359728338068,9.223618714521603,11.933629865089285,nan,nan,6.289726681838284,0.23568944984615578,10.157012906598139,0.16784694295335414,10.157012906598139,0.16784694295335414,8.835234505637407,0.4010314065705486,0.0,nan,nan,nan,nan,nan,0.0,0.00019531564297157184,nan,nan,nan,nan,0.0,0.00016920207539466636
99.0,160.95099196947112,11.696196716649439,9.32211057460517,-72.4814942103052,nan,nan,6.513135048199406,0.3958112424512436,10.23335009018416,0.16784694295335414,10.23335009018416,0.16784694295335414,nan,nan,0.0,nan,nan,nan,nan,nan,0.0,0.0001856123228864731,nan,nan,nan,nan,0.0005417131430357667,0.00016920207539466636
100.0,161.03030075513826,11.711142379419897,9.32211057460517,107.51850578969481,nan,nan,6.4145999642775955,0.31030753578195186,10.710354969235752,0.16784694295335417,10.710354969235752,0.16784694295335417,9.691699590260887,0.4010314065705486,0.0,nan,0.0004972715789338014,9.77740224847256e-05,nan,nan,0.0,0.00017596123616445518,0.0006245584997094484,0.00013444396055415522,0.0007087869642072678,0.0001174579046178138,0.0005870739238242373,0.00016920207539466636
101.0,160.97742823136016,11.651359728338068,9.368196703586838,-0.9886423517280628,nan,nan,5.882112665212225,0.2115397823399109,9.25200908345151,0.16784694295335414,9.25200908345151,0.16784694295335414,7.604141999524827,0.4010314065705486,0.0,nan,nan,nan,nan,nan,0.0,0.00019189745764754566,nan,nan,nan,nan,0.0,0.00016920207539466636
102.0,161.0038644932492,11.755979367731268,9.368196703586838,179.01135764827194,nan,nan,6.2961238919102955,0.2216090009794592,9.733946559365455,0.16784694295335417,9.733946559365455,0.16784694295335417,8.292074435014403,0.4010314065705486,0.0,nan,0.0,9.937875089297753e-05,nan,nan,0.0,0.00017498579392691372,0.0,0.00013444396055415522,0.0,0.0001174579046178138,0.0,0.00016920207539466636
103.0,160.96421010041564,11.658832559723297,9.370917629399758,-23.157533314227358,nan,nan,6.929589660671356,0.2649476633856201,9.39201834813522,0.16784694295335417,9.39201834813522,0.16784694295335417,7.566421091149958,0.4010314065705486,0.0,nan,0.0,9.610950413653883e-05,nan,nan,0.0,0.000190934702194172,0.0,0.00013444396055415522,0.0,0.0001174579046178138,0.0,0.00016920207539466636
104.0,161.01708262419373,11.748506536346039,9.370917629399758,156.84246668577265,nan,nan,6.735654007353992,0.22510992932006593,11.890979279100048,0.16784694295335417,11.890979279100048,0.16784694295335417,nan,nan,0.0,nan,0.0,nan,nan,nan,0.0,0.00017539047027266894,0.0,0.00013444396055415522,nan,nan,0.0,0.00016920207539466636
105.0,160.9862403186565,11.755979367731268,9.54894800660712,-155.3928131009285,nan,nan,7.395636056519056,0.3694915633706524,9.485356269283342,0.16784694295335414,9.485356269283342,0.16784694295335414,8.286902042844432,0.4010314065705486,0.0,nan,0.0,0.00010845179871647189,nan,nan,0.0,0.00017798847664465692,0.0,0.00013444396055415522,0.0,0.0001174579046178138,0.0,0.00016920207539466636
106.0,160.99505240595286,11.651359728338068,9.54894800660712,24.607186899071497,nan,nan,5.7151259519413395,0.2530185932605393,9.660181286100741,0.16784694295335417,9.660181286100741,0.16784694295335417,8.830499083014582,0.4010314065705486,0.0,0.00015440607870934107,nan,nan,nan,nan,0.0,0.00019475150594108146,nan,nan,nan,nan,0.0005825942333299619,0.00016920207539466636
