PHANGS/NGC7793_gauss_1p5kpc.ecsv
# %ECSV 1.0
# ---
# datatype:
# - {name: ID, datatype: float64, format: .0f, description: Aperture ID}
# - {name: RA, unit: deg, datatype: float64, format: .5f, description: Right Ascension of the aperture center}
# - {name: DEC, unit: deg, datatype: float64, format: .5f, description: Declination of the aperture center}
# - {name: r_gal, unit: kpc, datatype: float64, format: .2f, description: Deprojected galactocentric radius}
# - {name: phi_gal, unit: deg, datatype: float64, format: .2f, description: Deprojected azimuthal angle (0 = receding major axis)}
# - {name: Sigma_mol_gauss, unit: solMass / pc2, datatype: float64, format: .3e, description: Kernel-average molecular gas surface density
#     (S20 alphaCO)}
# - {name: e_Sigma_mol_gauss, unit: solMass / pc2, datatype: float64, format: .1e, description: Stats error on kernel-average molecular
#     gas surface density (S20 alphaCO)}
# - {name: Sigma_atom_gauss, unit: solMass / pc2, datatype: float64, format: .3e, description: Kernel-average atomic gas surface density
#     (PHANGS-HI)}
# - {name: e_Sigma_atom_gauss, unit: solMass / pc2, datatype: float64, format: .1e, description: Stats error on kernel-average atomic
#     gas surface density (PHANGS-HI)}
# - {name: Sigma_star_gauss, unit: solMass / pc2, datatype: float64, format: .3e, description: Kernel-average stellar mass surface density
#     (fiducial)}
# - {name: e_Sigma_star_gauss, unit: solMass / pc2, datatype: float64, format: .1e, description: Stats error on kernel-average stellar
#     mass surface density (fiducial)}
# - {name: Sigma_star_3p6um_gauss, unit: solMass / pc2, datatype: float64, format: .3e, description: Kernel-average stellar mass surface
#     density (3.6um + varying M/L; Leroy+21)}
# - {name: e_Sigma_star_3p6um_gauss, unit: solMass / pc2, datatype: float64, format: .1e, description: Stats error on kernel-average stellar
#     mass surface density (3.6um + varying M/L; Leroy+21)}
# - {name: Sigma_star_3p4um_gauss, unit: solMass / pc2, datatype: float64, format: .3e, description: Kernel-average stellar mass surface
#     density (3.4um + varying M/L; Leroy+21)}
# - {name: e_Sigma_star_3p4um_gauss, unit: solMass / pc2, datatype: float64, format: .1e, description: Stats error on kernel-average stellar
#     mass surface density (3.4um + varying M/L; Leroy+21)}
# - {name: Sigma_SFR_HaW4recal_gauss, unit: solMass / (kpc2 yr), datatype: float64, format: .3e, description: Kernel-average SFR surface
#     density (recalibrated Halpha + WISE4; Belfiore+22)}
# - {name: e_Sigma_SFR_HaW4recal_gauss, unit: solMass / (kpc2 yr), datatype: float64, format: .1e, description: Stats error on kernel-average
#     SFR surface density (recalibrated Halpha + WISE4; Belfiore+22)}
# - {name: Sigma_SFR_FUVW4recal_gauss, unit: solMass / (kpc2 yr), datatype: float64, format: .3e, description: Kernel-average SFR surface
#     density (recalibrated GALEX FUV + WISE4; Belfiore+22)}
# - {name: e_Sigma_SFR_FUVW4recal_gauss, unit: solMass / (kpc2 yr), datatype: float64, format: .1e, description: Stats error on kernel-average
#     SFR surface density (recalibrated GALEX FUV + WISE4; Belfiore+22)}
# - {name: Sigma_SFR_Hacorr_gauss, unit: solMass / (kpc2 yr), datatype: float64, format: .3e, description: Kernel-average SFR surface
[...]
#       value: !astropy.table.SerializedColumn {name: e_Sigma_mol_gauss}
#     e_Sigma_star_3p4um_gauss:
#       __class__: astropy.units.quantity.Quantity
#       unit: !astropy.units.Unit {unit: solMass / pc2}
#       value: !astropy.table.SerializedColumn {name: e_Sigma_star_3p4um_gauss}
#     e_Sigma_star_3p6um_gauss:
#       __class__: astropy.units.quantity.Quantity
#       unit: !astropy.units.Unit {unit: solMass / pc2}
#       value: !astropy.table.SerializedColumn {name: e_Sigma_star_3p6um_gauss}
#     e_Sigma_star_gauss:
#       __class__: astropy.units.quantity.Quantity
#       unit: !astropy.units.Unit {unit: solMass / pc2}
#       value: !astropy.table.SerializedColumn {name: e_Sigma_star_gauss}
#     phi_gal:
#       __class__: astropy.units.quantity.Quantity
#       unit: *id001
#       value: !astropy.table.SerializedColumn {name: phi_gal}
#     r_gal:
#       __class__: astropy.units.quantity.Quantity
#       unit: !astropy.units.Unit {unit: kpc}
#       value: !astropy.table.SerializedColumn {name: r_gal}
# schema: astropy-2.0
ID,RA,DEC,r_gal,phi_gal,Sigma_mol_gauss,e_Sigma_mol_gauss,Sigma_atom_gauss,e_Sigma_atom_gauss,Sigma_star_gauss,e_Sigma_star_gauss,Sigma_star_3p6um_gauss,e_Sigma_star_3p6um_gauss,Sigma_star_3p4um_gauss,e_Sigma_star_3p4um_gauss,Sigma_SFR_HaW4recal_gauss,e_Sigma_SFR_HaW4recal_gauss,Sigma_SFR_FUVW4recal_gauss,e_Sigma_SFR_FUVW4recal_gauss,Sigma_SFR_Hacorr_gauss,e_Sigma_SFR_Hacorr_gauss,Sigma_SFR_HaW4_gauss,e_Sigma_SFR_HaW4_gauss,Sigma_SFR_FUVW4_gauss,e_Sigma_SFR_FUVW4_gauss,Sigma_SFR_NUVW4_gauss,e_Sigma_SFR_NUVW4_gauss,Sigma_SFR_W4ONLY_gauss,e_Sigma_SFR_W4ONLY_gauss
0.0,359.45758056640625,-32.59107208251953,0.0,-0.0,6.4671016516983,0.1621642452226657,11.801789873233288,0.19228850194058958,168.52339501845285,0.06947071436206712,168.52339501845285,0.06947071436206712,153.17484285310002,0.36614654266060304,nan,nan,0.008466791617875764,7.061123919764832e-05,nan,nan,nan,nan,0.00908197384906023,8.141599521199907e-05,0.013018848186912471,7.106593663588807e-05,0.005826829154887724,0.00010242366140499302
1.0,359.48575899000303,-32.59107208251953,1.6198199930682404,-150.479848365145,5.223781134616428,0.15455849237532687,12.529957880515681,0.12548440910677233,77.86216785157336,0.0598518703383814,77.86216785157336,0.0598518703383814,69.59612976948988,0.31545026702841833,nan,nan,0.005845641201522011,7.649760234451049e-05,nan,nan,nan,nan,0.006004290595011063,8.141599521199907e-05,0.008718124287217483,7.106593663588807e-05,0.003301308779318628,0.00010242366140499302
2.0,359.42940214280947,-32.59107208251953,1.6198199930682404,29.520151634855008,4.410190613431653,0.14958993257702943,14.507726714785107,0.13973792212619857,73.54740481310421,0.0564345281183475,73.54740481310421,0.0564345281183475,65.65074208723914,0.29743910865120243,nan,nan,0.006471738293165568,7.772509203037623e-05,nan,nan,nan,nan,0.006606521235879395,8.141599521199907e-05,0.009500432447379028,7.106593663588807e-05,0.003737476177109847,0.00010242366140499302
3.0,359.4434913546079,-32.5705114738911,1.889538091670683,-52.54628044292259,3.8844406364752815,0.18255789642382714,13.43263868025062,0.17201693811864577,58.25617424933599,0.0538453345848414,58.25617424933599,0.0538453345848414,51.260172613743926,0.28379272154725604,nan,nan,0.005388462435858335,7.890590268735186e-05,nan,nan,nan,nan,0.005458552183639649,8.141599521199907e-05,0.008135700418931828,7.106593663588807e-05,0.002857891741470139,0.00010242366140499302
4.0,359.4716697782046,-32.61163269114796,1.889538091670683,127.45371955707742,4.5657868113706055,0.1687612754111279,14.062924814929648,0.14948339215436696,59.473121846061794,0.053885685294536294,59.473121846061794,0.053885685294536294,52.264790088211875,0.28400539062636887,nan,nan,0.005874044817253198,7.931508223541502e-05,nan,nan,nan,nan,0.0059416407187163674,8.141599521199907e-05,0.0083283534047625,7.106593663588807e-05,0.003293024453091938,0.00010242366140499302
5.0,359.4716697782046,-32.5705114738911,2.3128472930814166,-96.46635439425596,3.7956174027380705,0.21983576144425163,13.621819736066852,0.15502115405412104,61.49223914641377,0.06216402533147263,61.49223914641377,0.06216402533147263,54.32050784082743,0.3276365179485337,nan,nan,0.004298948091110822,7.628188483093324e-05,nan,nan,nan,nan,0.004419608138941542,8.141599521199907e-05,0.006572297995845413,7.106593663588807e-05,0.0024052947654791077,0.00010242366140499302
6.0,359.4434913546079,-32.61163269114796,2.3128472930814166,83.53364560574404,3.021779444449044,0.20690294994250946,9.76717778849903,0.14805650259303987,52.64244651846865,0.052429257333850676,52.64244651846865,0.052429257333850676,46.24907020135754,0.27632926310506545,nan,nan,0.005383146078004872,8.017731558140911e-05,nan,nan,nan,nan,0.0054172721936147,8.141599521199907e-05,0.007784344132982006,7.106593663588807e-05,0.0028197716206267245,0.00010242366140499302
7.0,359.4153129310111,-32.5705114738911,2.6531263480115754,-15.3398144991804,2.2007512163691567,0.15230818822570605,12.00463290667998,0.15782025477013692,35.95239496544412,0.060944897614033926,35.95239496544412,0.060944897614033926,31.209075407893838,0.3212110852622443,nan,nan,0.002647038685150514,7.810102698751707e-05,nan,nan,nan,nan,0.0026899790579334,8.141599521199907e-05,0.004014206755117295,7.106593663588807e-05,0.001325757687723358,0.00010242366140499302
8.0,359.4998482018014,-32.61163269114796,2.6531263480115754,164.6601855008196,3.695842663585476,0.1661691910817565,13.062703037619654,0.13366748619513869,31.918716519802942,0.05613425624083913,31.918716519802942,0.05613425624083913,26.799121828575213,0.2958565207820911,nan,nan,0.002935444601716945,8.046703087313767e-05,nan,nan,nan,nan,0.002949467231017711,8.141599521199907e-05,0.004221710956103137,7.106593663588807e-05,0.001512400340823587,0.00010242366140499302
9.0,359.51393741359976,-32.59107208251953,3.2396399861332137,-150.479848365145,2.1376655720094546,0.16410256496280698,11.267906445112732,0.10057177674437989,24.127526527659025,0.05932786352122108,24.127526527659025,0.05932786352122108,20.73112264725554,0.31268848048000475,nan,nan,0.0019682625985631636,8.016837096529334e-05,nan,nan,nan,nan,0.0019793316842754327,8.141599521199907e-05,0.002871672357158302,7.106593663588807e-05,0.0009080588227644566,0.00010242366140499302
10.0,359.40122371921274,-32.59107208251953,3.2396399861332137,29.52015163485501,0.897939618757633,0.10676218081756617,11.495318771496342,0.11664556609241447,28.087087971770625,0.05474773308648942,28.087087971770625,0.05474773308648942,24.574240057737892,0.28854882769233625,nan,nan,0.0030120070666322654,8.141599521199907e-05,nan,nan,nan,nan,0.0030120070666322654,8.141599521199907e-05,0.004506844906211037,7.106593663588807e-05,0.0012434865098120418,0.00010242366140499302
11.0,359.4998482018014,-32.5705114738911,3.5179261820338237,-118.34077442333748,2.078838891742694,0.1824565663548202,15.418141277642048,0.15469514257367478,22.738625041673952,0.044044157474822265,22.738625041673952,0.044044157474822265,20.089180363641393,0.23213545638463867,nan,nan,0.003601310422904024,8.141599521199907e-05,nan,nan,nan,nan,0.003601310422904024,8.141599521199907e-05,0.005162714972615943,7.106593663588807e-05,0.00161514502412557,0.00010242366140499302
12.0,359.4153129310111,-32.61163269114796,3.5179261820338237,61.65922557666252,1.4808997611054258,0.15247937152845728,15.366552042604809,0.1570847182169849,22.5309554688865,0.045327971026793416,22.5309554688865,0.045327971026793416,18.028183775830186,0.23890181682574768,nan,nan,0.003255724350705962,8.141599521199907e-05,nan,nan,nan,nan,0.003255724350705962,8.141599521199907e-05,0.004543920210565828,7.106593663588807e-05,0.0016485698646521146,0.00010242366140499302
13.0,359.42940214280947,-32.54995086526267,3.7790761833418167,-52.54628044287352,0.0,0.07567625000428524,10.845864589850107,0.1814297013385124,18.73073452370502,0.0670040027313718,18.73073452370502,0.0670040027313718,16.05049910770061,0.35314569843993465,nan,nan,0.0011157004511312075,7.809329151627007e-05,nan,nan,nan,nan,0.00113062912129772,8.141599521199907e-05,0.0017828991025238793,7.106593663588807e-05,0.00045984046960191875,0.00010242366140499302
14.0,359.48575899000303,-32.63219329977639,3.7790761833418167,127.4537195571265,0.0,0.07897142620184024,8.415469501617348,0.14533009427390542,12.479318401349664,0.05809639559890385,12.479318401349664,0.05809639559890385,10.499910147145071,0.3061980085409385,nan,nan,0.0011321794252628792,8.06374102668368e-05,nan,nan,nan,nan,0.0011366659342039332,8.141599521199907e-05,0.00157050080770291,7.106593663588807e-05,0.0005897804919534922,0.00010242366140499302
15.0,359.45758056640625,-32.54995086526267,3.9006943986992932,-76.83217233647969,0.0,0.08508304462298182,9.042524453417691,0.12880856376417615,18.437603721824246,0.05896160787611087,18.437603721824246,0.05896160787611087,16.184707705650823,0.310758124078484,nan,nan,0.0015355757626416403,8.047242385196013e-05,nan,nan,nan,nan,0.0015418010617497947,8.141599521199907e-05,0.0024547852117288707,7.106593663588807e-05,0.0006752626039795985,0.00010242366140499302
16.0,359.45758056640625,-32.63219329977639,3.9006943986992932,103.16782766352031,0.8139188082147873,0.12193100931224321,9.741659714564086,0.13341872897247,12.878707411556071,0.05165276254778745,12.878707411556071,0.05165276254778745,11.183765220213726,0.2722367345637687,nan,nan,0.001636181407886884,8.141599521199907e-05,nan,nan,nan,nan,0.001636181407886884,8.141599521199907e-05,0.0021734529411186142,7.106593663588807e-05,0.000949942469424483,0.00010242366140499302
17.0,359.5280266253981,-32.61163269114796,3.9693120634457943,-178.61028459785848,0.5366937110163321,0.10321311890529022,8.812354732088679,0.10183761205925812,10.797510097425262,0.05667031156710406,10.797510097425262,0.05667031156710406,8.966994898560472,0.29868180919590764,nan,nan,0.0009903374825869335,8.141599521199907e-05,nan,nan,nan,nan,0.0009903374825869335,8.141599521199907e-05,0.0014354809279042782,7.106593663588807e-05,0.00040767576367402693,0.00010242366140499302
18.0,359.3871345074144,-32.5705114738911,3.9693120634457943,1.3897154021415035,0.3439364490926729,0.0857321817699358,10.267295941824566,0.12018895877471994,15.508388062396653,0.06121794320960239,15.508388062396653,0.06121794320960239,13.217939928317136,0.3226501765645887,nan,nan,0.0011099727473674376,7.85968577438933e-05,nan,nan,nan,nan,0.0011243280207247624,8.141599521199907e-05,0.001648393177088425,7.106593663588807e-05,0.0005211646656709919,0.00010242366140499302
19.0,359.40122371921274,-32.54995086526267,4.312197864990875,-30.704706807073382,0.0,0.09398425371482112,8.915196750625043,0.15036894540160906,9.605115842461124,0.06468145954276928,9.605115842461124,0.06468145954276928,8.824589789965566,0.3409046963645179,nan,nan,0.0005386272484899073,7.256816469456177e-05,nan,nan,nan,nan,0.000566292720458704,8.141599521199907e-05,0.0007983376768259588,7.106593663588807e-05,0.0003200032477045897,0.00010242366140499302
20.0,359.51393741359976,-32.63219329977639,4.312197864990875,149.2952931929266,0.0,0.08736493878094947,5.77896447688404,0.13230804900700638,6.030904103960105,0.05555260876826161,6.030904103960105,0.05555260876826161,4.71197694544451,0.29279093821126,nan,nan,0.0,7.937522899883004e-05,nan,nan,nan,nan,0.0,8.141599521199907e-05,0.0,7.106593663588807e-05,0.0,0.00010242366140499302
21.0,359.48575899000303,-32.54995086526267,4.625694586164753,-96.46635439428873,0.0,0.09828125095559394,7.879688705312249,0.12110665850908223,11.160348616578553,0.05745050710835197,11.160348616578553,0.05745050710835197,nan,nan,nan,nan,nan,nan,nan,nan,nan,nan,0.0010529991616879952,8.141599521199907e-05,0.0014808050890945963,7.106593663588807e-05,0.000515047174472158,0.00010242366140499302
22.0,359.42940214280947,-32.63219329977639,4.625694586164753,83.53364560571129,0.0,0.09835954109293087,7.618625218972682,0.12511484591288463,7.949569843615576,0.04955414798888948,7.949569843615576,0.04955414798888948,6.861241011533025,0.26117595201426225,nan,nan,nan,nan,nan,nan,nan,nan,nan,nan,nan,nan,0.0005825278753574287,0.00010242366140499302
23.0,359.54211583719655,-32.59107208251953,4.859459979201453,-150.479848365145,nan,nan,10.275373651745854,0.1065772252529719,6.654455454520464,0.04932740193371888,6.654455454520464,0.04932740193371888,5.752710072069598,0.2599808832010937,nan,nan,0.0,8.141599521199907e-05,nan,nan,nan,nan,0.0,8.141599521199907e-05,0.0,7.106593663588807e-05,0.0,0.00010242366140499302
24.0,359.37304529561595,-32.59107208251953,4.859459979201453,29.520151634855008,nan,nan,9.256298579014752,0.10490007819194913,8.806024249242636,0.056267135562623916,8.806024249242636,0.056267135562623916,7.833450255603418,0.29655686343308246,nan,nan,0.0007400773522756168,7.945171635890935e-05,nan,nan,nan,nan,0.0007464884339437047,8.141599521199907e-05,0.0010957842357694173,7.106593663588807e-05,0.0003340499181980475,0.00010242366140499302
25.0,359.5280266253981,-32.5705114738911,4.964874647281767,-128.33566760022276,0.0,0.10416677560876066,6.504926865205792,0.10209948387551807,7.933171828768598,0.0555526087682616,7.933171828768598,0.0555526087682616,6.418825378194957,0.29279093821126,nan,nan,0.0,8.141599521199907e-05,nan,nan,nan,nan,0.0,8.141599521199907e-05,0.0,7.106593663588807e-05,0.0,0.00010242366140499302
26.0,359.3871345074144,-32.61163269114796,4.964874647281767,51.66433239977726,0.0,0.10981877434280765,8.808083123311913,0.17412872270412444,9.148502020759247,0.06323243814103556,9.148502020759247,0.06323243814103556,7.731066624251716,0.3332676052339895,nan,nan,0.0007517198436099822,8.042415841510035e-05,nan,nan,nan,nan,0.0007554881325610036,8.141599521199907e-05,0.0010167899511844079,7.106593663588807e-05,0.0003888579829530325,0.00010242366140499302
27.0,359.37304529561595,-32.54995086526267,5.306252696023151,-15.3398144991804,nan,nan,5.571398146208992,0.14075089117786338,2.6054865104844844,0.0555526087682616,2.6054865104844844,0.0555526087682616,nan,nan,nan,nan,0.0,nan,nan,nan,nan,nan,0.0,8.141599521199907e-05,0.0,7.106593663588807e-05,0.0,0.00010242366140499302
28.0,359.54211583719655,-32.63219329977639,5.306252696023151,164.6601855008196,nan,nan,6.920398184185644,0.10177720159493972,2.608250181248178,0.05555260876826161,2.608250181248178,0.05555260876826161,2.1130046826838687,0.29279093821126,nan,nan,0.0,8.141599521199907e-05,nan,nan,nan,nan,0.0,8.141599521199907e-05,0.0,7.106593663588807e-05,0.0,0.00010242366140499302
29.0,359.5562050489949,-32.61163269114796,5.451553055361275,-170.55717383683665,nan,nan,9.36843198026089,0.0938770239373327,2.134926010860984,0.033141081508760044,2.134926010860984,0.033141081508760044,nan,nan,nan,nan,0.0,nan,nan,nan,nan,nan,0.0,8.141599521199907e-05,0.0,7.106593663588807e-05,0.0,0.00010242366140499302
30.0,359.3589560838176,-32.5705114738911,5.451553055361275,9.442826163163359,nan,nan,4.688724409932501,0.1174840140832366,2.933624776290078,0.0555526087682616,2.933624776290078,0.0555526087682616,2.916385647350698,0.29279093821126,nan,nan,0.0,7.410755948710713e-05,nan,nan,nan,nan,0.0,8.141599521199907e-05,0.0,7.106593663588807e-05,0.0,0.00010242366140499302
31.0,359.4153129310111,-32.529390256634244,5.668614275012499,-52.546280442889866,nan,nan,4.655536699054267,0.15831475788593577,2.130783874950942,0.055552608768261624,2.130783874950942,0.055552608768261624,1.9736640588613805,0.29279093821126,nan,nan,0.0,7.574904234391282e-05,nan,nan,nan,nan,0.0,8.141599521199907e-05,0.0,7.106593663588807e-05,0.0,0.00010242366140499302
32.0,359.4998482018014,-32.65275390840482,5.668614275012499,127.45371955711013,nan,nan,3.8958451891035093,0.11066474230265072,1.7774541707491,0.05555260876826161,1.7774541707491,0.05555260876826161,1.3856976463957507,0.29279093821126,nan,nan,0.0,7.81296082441431e-05,nan,nan,nan,nan,0.0,8.141599521199907e-05,0.0,7.106593663588807e-05,0.0,0.00010242366140499302
33.0,359.4434913546079,-32.529390256634244,5.676467156843507,-68.96326642805613,nan,nan,5.629082401143616,0.14568019947608954,2.549876181609538,0.05555260876826161,2.549876181609538,0.05555260876826161,2.017068133025532,0.29279093821126,nan,nan,0.0,8.141599521199907e-05,nan,nan,nan,nan,0.0,8.141599521199907e-05,0.0,7.106593663588807e-05,0.0,0.00010242366140499302
34.0,359.4716697782046,-32.65275390840482,5.676467156843507,111.03673357194388,nan,nan,3.697228856986527,0.13989772286136246,1.0398222825507553,0.03174434786757806,1.0398222825507553,0.03174434786757806,0.8310044206027124,0.16730910754929149,nan,nan,0.0,7.796992538616906e-05,nan,nan,nan,nan,0.0,8.141599521199907e-05,0.0,7.106593663588807e-05,0.0,0.00010242366140499302
35.0,359.51393741359976,-32.54995086526267,5.729425593963381,-109.69066635931812,0.0,0.12262772037760729,7.391451138831796,0.13726545645053542,5.174865770430699,0.055552608768261624,5.174865770430699,0.055552608768261624,nan,nan,nan,nan,0.0,nan,nan,nan,nan,nan,0.0,8.141599521199907e-05,0.0,7.106593663588807e-05,0.0,0.00010242366140499302
36.0,359.40122371921274,-32.63219329977639,5.729425593963381,70.3093336406819,0.0,0.12689771141649475,5.971514447309891,0.12257479880472776,2.77625976221344,0.041103306015837546,2.77625976221344,0.041103306015837546,2.460329421888289,0.2166356504005852,nan,nan,0.0005614795962843134,8.141599521199907e-05,nan,nan,nan,nan,0.0005614795962843134,8.141599521199907e-05,0.0006385394365281757,7.106593663588807e-05,0.0003574516704026511,0.00010242366140499302
