PHANGS/NGC7793_gauss_1p5kpc.ecsv
# %ECSV 1.0
# ---
# datatype:
# - {name: ID, datatype: float64, format: .0f, description: Aperture ID}
# - {name: RA, unit: deg, datatype: float64, format: .5f, description: Right Ascension of the aperture center}
# - {name: DEC, unit: deg, datatype: float64, format: .5f, description: Declination of the aperture center}
# - {name: r_gal, unit: kpc, datatype: float64, format: .2f, description: Deprojected galactocentric radius}
# - {name: phi_gal, unit: deg, datatype: float64, format: .2f, description: Deprojected azimuthal angle (0 = receding major axis)}
# - {name: Sigma_mol_gauss, unit: solMass / pc2, datatype: float64, format: .3e, description: Kernel-average molecular gas surface density
#     (S20 alphaCO)}
# - {name: e_Sigma_mol_gauss, unit: solMass / pc2, datatype: float64, format: .1e, description: Stats error on kernel-average molecular
#     gas surface density (S20 alphaCO)}
# - {name: Sigma_atom_gauss, unit: solMass / pc2, datatype: float64, format: .3e, description: Kernel-average atomic gas surface density
#     (PHANGS-HI)}
# - {name: e_Sigma_atom_gauss, unit: solMass / pc2, datatype: float64, format: .1e, description: Stats error on kernel-average atomic
#     gas surface density (PHANGS-HI)}
# - {name: Sigma_star_gauss, unit: solMass / pc2, datatype: float64, format: .3e, description: Kernel-average stellar mass surface density
#     (fiducial)}
# - {name: e_Sigma_star_gauss, unit: solMass / pc2, datatype: float64, format: .1e, description: Stats error on kernel-average stellar
#     mass surface density (fiducial)}
# - {name: Sigma_star_3p6um_gauss, unit: solMass / pc2, datatype: float64, format: .3e, description: Kernel-average stellar mass surface
#     density (3.6um + varying M/L; Leroy+21)}
# - {name: e_Sigma_star_3p6um_gauss, unit: solMass / pc2, datatype: float64, format: .1e, description: Stats error on kernel-average stellar
#     mass surface density (3.6um + varying M/L; Leroy+21)}
# - {name: Sigma_star_3p4um_gauss, unit: solMass / pc2, datatype: float64, format: .3e, description: Kernel-average stellar mass surface
#     density (3.4um + varying M/L; Leroy+21)}
# - {name: e_Sigma_star_3p4um_gauss, unit: solMass / pc2, datatype: float64, format: .1e, description: Stats error on kernel-average stellar
#     mass surface density (3.4um + varying M/L; Leroy+21)}
# - {name: Sigma_SFR_HaW4recal_gauss, unit: solMass / (kpc2 yr), datatype: float64, format: .3e, description: Kernel-average SFR surface
#     density (recalibrated Halpha + WISE4; Belfiore+22)}
# - {name: e_Sigma_SFR_HaW4recal_gauss, unit: solMass / (kpc2 yr), datatype: float64, format: .1e, description: Stats error on kernel-average
#     SFR surface density (recalibrated Halpha + WISE4; Belfiore+22)}
# - {name: Sigma_SFR_FUVW4recal_gauss, unit: solMass / (kpc2 yr), datatype: float64, format: .3e, description: Kernel-average SFR surface
#     density (recalibrated GALEX FUV + WISE4; Belfiore+22)}
# - {name: e_Sigma_SFR_FUVW4recal_gauss, unit: solMass / (kpc2 yr), datatype: float64, format: .1e, description: Stats error on kernel-average
#     SFR surface density (recalibrated GALEX FUV + WISE4; Belfiore+22)}
# - {name: Sigma_SFR_Hacorr_gauss, unit: solMass / (kpc2 yr), datatype: float64, format: .3e, description: Kernel-average SFR surface
[...]
#       value: !astropy.table.SerializedColumn {name: e_Sigma_mol_gauss}
#     e_Sigma_star_3p4um_gauss:
#       __class__: astropy.units.quantity.Quantity
#       unit: !astropy.units.Unit {unit: solMass / pc2}
#       value: !astropy.table.SerializedColumn {name: e_Sigma_star_3p4um_gauss}
#     e_Sigma_star_3p6um_gauss:
#       __class__: astropy.units.quantity.Quantity
#       unit: !astropy.units.Unit {unit: solMass / pc2}
#       value: !astropy.table.SerializedColumn {name: e_Sigma_star_3p6um_gauss}
#     e_Sigma_star_gauss:
#       __class__: astropy.units.quantity.Quantity
#       unit: !astropy.units.Unit {unit: solMass / pc2}
#       value: !astropy.table.SerializedColumn {name: e_Sigma_star_gauss}
#     phi_gal:
#       __class__: astropy.units.quantity.Quantity
#       unit: *id001
#       value: !astropy.table.SerializedColumn {name: phi_gal}
#     r_gal:
#       __class__: astropy.units.quantity.Quantity
#       unit: !astropy.units.Unit {unit: kpc}
#       value: !astropy.table.SerializedColumn {name: r_gal}
# schema: astropy-2.0
ID,RA,DEC,r_gal,phi_gal,Sigma_mol_gauss,e_Sigma_mol_gauss,Sigma_atom_gauss,e_Sigma_atom_gauss,Sigma_star_gauss,e_Sigma_star_gauss,Sigma_star_3p6um_gauss,e_Sigma_star_3p6um_gauss,Sigma_star_3p4um_gauss,e_Sigma_star_3p4um_gauss,Sigma_SFR_HaW4recal_gauss,e_Sigma_SFR_HaW4recal_gauss,Sigma_SFR_FUVW4recal_gauss,e_Sigma_SFR_FUVW4recal_gauss,Sigma_SFR_Hacorr_gauss,e_Sigma_SFR_Hacorr_gauss,Sigma_SFR_HaW4_gauss,e_Sigma_SFR_HaW4_gauss,Sigma_SFR_FUVW4_gauss,e_Sigma_SFR_FUVW4_gauss,Sigma_SFR_NUVW4_gauss,e_Sigma_SFR_NUVW4_gauss,Sigma_SFR_W4ONLY_gauss,e_Sigma_SFR_W4ONLY_gauss
[from data line 88]
88.0,359.5280266253981,-32.693875125661684,9.447690458354481,127.45371955709538,nan,nan,2.6388505668359286,0.09943098889731145,nan,nan,nan,nan,0.0,0.29279093821126,nan,nan,0.0,7.104810718431168e-05,nan,nan,nan,nan,0.0,8.141599521199907e-05,0.0,7.106593663588807e-05,0.0,0.00010242366140499302
89.0,359.4434913546079,-32.48826903937738,9.555366981423184,-72.16709396707208,nan,nan,0.8558845237713785,0.07991022383724397,0.6131054553298895,0.05555260876826161,0.6131054553298895,0.05555260876826161,0.0,0.29279093821126,nan,nan,0.0,8.141599521199907e-05,nan,nan,nan,nan,0.0,8.141599521199907e-05,0.0,7.106593663588807e-05,0.0,0.00010242366140499302
90.0,359.4716697782046,-32.693875125661684,9.555366981423184,107.83290603292794,nan,nan,1.3712930528524674,0.07908328991802119,0.6206441257804416,0.05555260876826161,0.6206441257804416,0.05555260876826161,0.0,0.29279093821126,nan,nan,0.0,6.526409464727841e-05,nan,nan,nan,nan,0.0,8.141599521199907e-05,0.0,7.106593663588807e-05,0.0,0.00010242366140499302
91.0,359.6125618961884,-32.5705114738911,9.641488936128459,-139.2874538625966,nan,nan,0.0,0.08813230409264858,nan,nan,nan,nan,0.0,0.29279093821126,nan,nan,0.0,6.488690481713784e-05,nan,nan,nan,nan,0.0,8.141599521199907e-05,0.0,7.106593663588807e-05,0.0,0.00010242366140499302
92.0,359.3025992366241,-32.61163269114796,9.641488936128459,40.7125461374034,nan,nan,0.0,0.07679011315814234,nan,nan,nan,nan,0.9325328195547642,0.29279093821126,nan,nan,0.0,5.2692203498094504e-05,nan,nan,nan,nan,0.0,8.141599521199907e-05,0.0,7.106593663588807e-05,0.0,0.00010242366140499302
93.0,359.62665110798685,-32.59107208251953,9.718919958402905,-150.479848365145,nan,nan,nan,nan,nan,nan,nan,nan,0.0,0.29279093821126,nan,nan,0.0,6.632164303468356e-05,nan,nan,nan,nan,0.0,8.141599521199907e-05,0.0,7.106593663588807e-05,0.0,0.00010242366140499302
94.0,359.28851002482565,-32.59107208251953,9.718919958402905,29.520151634855008,nan,nan,nan,nan,nan,nan,nan,nan,0.0,0.29279093821126,nan,nan,0.0,4.945108483112977e-05,nan,nan,nan,nan,0.0,8.141599521199907e-05,0.0,7.106593663588807e-05,0.0,0.00010242366140499302
95.0,359.3589560838176,-32.48826903937738,9.803428678289634,-43.12754881565172,nan,nan,0.7604556400970399,0.13703625367117617,0.0,0.05555260876826161,0.0,0.05555260876826161,0.0,0.29279093821126,nan,nan,0.0,6.959494216361443e-05,nan,nan,nan,nan,0.0,8.141599521199907e-05,0.0,7.106593663588807e-05,0.0,0.00010242366140499302
96.0,359.5562050489949,-32.693875125661684,9.803428678289634,136.87245118434828,nan,nan,2.34635276742595,0.17773943586733554,nan,nan,nan,nan,0.0,0.29279093821126,nan,nan,0.0,7.919186938077554e-05,nan,nan,nan,nan,0.0,8.141599521199907e-05,0.0,7.106593663588807e-05,0.0,0.00010242366140499302
97.0,359.59847268439006,-32.54995086526267,9.92974929456656,-128.33566760022984,nan,nan,0.0,0.07271248463644862,nan,nan,nan,nan,0.0,0.29279093821126,nan,nan,0.0,7.185784340982619e-05,nan,nan,nan,nan,0.0,8.141599521199907e-05,0.0,7.106593663588807e-05,0.0,0.00010242366140499302
98.0,359.31668844842244,-32.63219329977639,9.92974929456656,51.66433239977015,nan,nan,0.0,0.044036865450265486,nan,nan,nan,nan,1.0585918465764528,0.29279093821126,nan,nan,0.0,5.4455637749387615e-05,nan,nan,nan,nan,0.0,8.141599521199907e-05,0.0,7.106593663588807e-05,0.0,0.00010242366140499302
99.0,359.4716697782046,-32.48826903937738,10.009974033726103,-81.28494645497081,nan,nan,0.6651888908066134,0.08131778145787126,0.208770164188459,0.033311196344282715,0.208770164188459,0.033311196344282715,0.0,0.17556720821640787,nan,nan,0.0,7.475607379614137e-05,nan,nan,nan,nan,0.0,8.141599521199907e-05,0.0,7.106593663588807e-05,0.0,0.00010242366140499302
100.0,359.4434913546079,-32.693875125661684,10.009974033726103,98.7150535450292,nan,nan,1.0460998255735272,0.07685981963153914,0.8132097275785425,0.0555526087682616,0.8132097275785425,0.0555526087682616,0.0,0.29279093821126,nan,nan,0.0,6.151460308452581e-05,nan,nan,nan,nan,0.0,8.141599521199907e-05,0.0,7.106593663588807e-05,0.0,0.00010242366140499302
101.0,359.54211583719655,-32.50882964800581,10.287026745982164,-103.78639599994231,nan,nan,0.37299406934210966,0.05876830962227536,nan,nan,nan,nan,0.0,0.29279093821126,nan,nan,0.0,8.141599521199907e-05,nan,nan,nan,nan,0.0,8.141599521199907e-05,0.0,7.106593663588807e-05,0.0,0.00010242366140499302
102.0,359.37304529561595,-32.673314517033255,10.287026745982164,76.2136040000577,nan,nan,0.0,0.038028602315487436,nan,nan,nan,nan,nan,nan,nan,nan,nan,nan,nan,nan,nan,nan,nan,nan,nan,nan,0.0,0.00010242366140499302
103.0,359.5843834725917,-32.529390256634244,10.553778546101467,-118.34077442333748,nan,nan,0.0,0.0705139197456959,nan,nan,nan,nan,0.0,0.29279093821126,nan,nan,0.0,6.596053152589536e-05,nan,nan,nan,nan,0.0,8.141599521199907e-05,0.0,7.106593663588807e-05,0.0,0.00010242366140499302
104.0,359.3307776602208,-32.65275390840482,10.553778546101467,61.65922557666252,nan,nan,0.0,0.03863996441919528,nan,nan,nan,nan,1.0974227306734283,0.29279093821126,nan,nan,0.0,5.2181833726794526e-05,nan,nan,nan,nan,0.0,8.141599521199907e-05,0.0,7.106593663588807e-05,0.0,0.00010242366140499302
105.0,359.4998482018014,-32.48826903937738,10.693070456233283,-89.42570967688516,nan,nan,0.716014734916523,0.07869856258576632,0.47727223985258127,0.05555260876826161,0.47727223985258127,0.05555260876826161,0.0,0.29279093821126,nan,nan,0.0,6.602713643714116e-05,nan,nan,nan,nan,0.0,8.141599521199907e-05,0.0,7.106593663588807e-05,0.0,0.00010242366140499302
106.0,359.4153129310111,-32.693875125661684,10.693070456233283,90.57429032311485,nan,nan,0.39505091366805944,0.05791009066964228,0.767918163126259,0.05555260876826161,0.767918163126259,0.05555260876826161,0.0,0.29279093821126,nan,nan,0.0,5.895689693368802e-05,nan,nan,nan,nan,0.0,8.141599521199907e-05,0.0,7.106593663588807e-05,0.0,0.00010242366140499302
107.0,359.40122371921274,-32.46770843074895,11.228852014042571,-60.760494416074415,nan,nan,0.0,0.10634361929841761,0.2287955596237192,0.05555260876826161,0.2287955596237192,0.05555260876826161,0.0,0.29279093821126,nan,nan,0.0,6.677625640007477e-05,nan,nan,nan,nan,0.0,8.141599521199907e-05,0.0,7.106593663588807e-05,0.0,0.00010242366140499302
108.0,359.51393741359976,-32.71443573429011,11.228852014042571,119.23950558392558,nan,nan,1.362437501830158,0.12249076141476697,nan,nan,nan,nan,0.0,0.29279093821126,nan,nan,0.0,4.955130451398021e-05,nan,nan,nan,nan,0.0,8.141599521199907e-05,0.0,7.106593663588807e-05,0.0,0.00010242366140499302
109.0,359.37304529561595,-32.46770843074895,11.337228550025612,-52.546280442891266,nan,nan,nan,nan,0.0,0.0555526087682616,0.0,0.0555526087682616,0.0,0.29279093821126,nan,nan,0.0,6.038106111414449e-05,nan,nan,nan,nan,0.0,8.141599521199907e-05,0.0,7.106593663588807e-05,0.0,0.00010242366140499302
110.0,359.54211583719655,-32.71443573429011,11.337228550025612,127.45371955710874,nan,nan,nan,nan,nan,nan,nan,nan,0.0,0.29279093821126,nan,nan,0.0,6.723566947539843e-05,nan,nan,nan,nan,0.0,8.141599521199907e-05,0.0,7.106593663588807e-05,0.0,0.00010242366140499302
111.0,359.42940214280947,-32.46770843074895,11.3529343136872,-68.96326642804028,nan,nan,1.0479558648248999,0.1166561470456143,0.8549598008338896,0.05555260876826161,0.8549598008338896,0.05555260876826161,0.0,0.29279093821126,nan,nan,nan,nan,nan,nan,nan,nan,nan,nan,nan,nan,0.0,0.00010242366140499302
112.0,359.48575899000303,-32.71443573429011,11.3529343136872,111.03673357195972,nan,nan,0.7593004685609446,0.08729762055382617,nan,nan,nan,nan,0.0,0.29279093821126,nan,nan,0.0,5.566623106732283e-05,nan,nan,nan,nan,0.0,8.141599521199907e-05,0.0,7.106593663588807e-05,0.0,0.00010242366140499302
113.0,359.5702942607933,-32.50882964800581,11.458851187927326,-109.69066635931628,nan,nan,0.0,0.06301999745653993,nan,nan,nan,nan,0.0,0.29279093821126,nan,nan,0.0,7.851060583377105e-05,nan,nan,nan,nan,0.0,8.141599521199907e-05,0.0,7.106593663588807e-05,0.0,0.00010242366140499302
114.0,359.3448668720192,-32.673314517033255,11.458851187927326,70.30933364068373,nan,nan,0.0,0.03974739601156793,nan,nan,nan,nan,0.0,0.29279093821126,nan,nan,0.0,5.764385518314361e-05,nan,nan,nan,nan,0.0,8.141599521199907e-05,0.0,7.106593663588807e-05,0.0,0.00010242366140499302
115.0,359.5280266253981,-32.48826903937738,11.564236465409637,-96.46635439426795,nan,nan,0.0,0.0328966376304793,nan,nan,nan,nan,0.0,0.29279093821126,nan,nan,0.0,6.453063516192412e-05,nan,nan,nan,nan,0.0,8.141599521199907e-05,0.0,7.106593663588807e-05,0.0,0.00010242366140499302
116.0,359.3871345074144,-32.693875125661684,11.564236465409637,83.53364560573206,nan,nan,0.0,0.032614237275551766,nan,nan,nan,nan,0.0,0.29279093821126,nan,nan,0.0,6.305125642768128e-05,nan,nan,nan,nan,0.0,8.141599521199907e-05,0.0,7.106593663588807e-05,0.0,0.00010242366140499302
117.0,359.45758056640625,-32.46770843074895,11.70208319609855,-76.83217233647969,nan,nan,0.8109059033798074,0.0832454928396434,0.251607903132755,0.05555260876826161,0.251607903132755,0.05555260876826161,nan,nan,nan,nan,0.0,nan,nan,nan,nan,nan,0.0,8.141599521199907e-05,nan,nan,0.0,0.00010242366140499302
118.0,359.45758056640625,-32.71443573429011,11.70208319609855,103.16782766352033,nan,nan,0.6275337153992336,0.08382079178531143,nan,nan,nan,nan,0.0,0.29279093821126,nan,nan,0.0,6.812438586541541e-05,nan,nan,nan,nan,0.0,8.141599521199907e-05,0.0,7.106593663588807e-05,0.0,0.00010242366140499302
119.0,359.48575899000303,-32.46770843074895,12.257080335292544,-84.11735046130103,nan,nan,0.8816299992672604,0.10085636898219534,0.46953340012981,0.05555260876826159,0.46953340012981,0.05555260876826159,nan,nan,nan,nan,0.0,nan,nan,nan,nan,nan,0.0,8.141599521199907e-05,0.0,7.106593663588807e-05,0.0,0.00010242366140499302
120.0,359.42940214280947,-32.71443573429011,12.257080335292544,95.88264953869897,nan,nan,0.32447811122175096,0.0774245377678806,0.6837017199236591,0.055552608768261624,0.6837017199236591,0.055552608768261624,0.0,0.29279093821126,nan,nan,0.0,5.54786999535447e-05,nan,nan,nan,nan,0.0,8.141599521199907e-05,0.0,7.106593663588807e-05,0.0,0.00010242366140499302
121.0,359.5562050489949,-32.48826903937738,12.5844748755668,-102.44461074264652,nan,nan,0.0,0.04999943608653665,nan,nan,nan,nan,0.0,0.29279093821126,nan,nan,0.0,7.160674231314387e-05,nan,nan,nan,nan,0.0,8.141599521199907e-05,0.0,7.106593663588807e-05,0.0,0.00010242366140499302
122.0,359.3589560838176,-32.693875125661684,12.5844748755668,77.55538925735348,nan,nan,0.0,0.06199297565131485,nan,nan,nan,nan,0.0,0.29279093821126,nan,nan,0.00026013517444284297,6.147700113694695e-05,nan,nan,nan,nan,0.0003413681881269393,8.141599521199907e-05,0.0,7.106593663588807e-05,0.0004168883006209729,0.00010242366140499302
123.0,359.51393741359976,-32.46770843074895,12.991571082169495,-90.67607999502648,nan,nan,0.0,0.08775104101579985,nan,nan,nan,nan,0.0,0.29279093821126,nan,nan,0.0,6.090765406349206e-05,nan,nan,nan,nan,0.0,8.141599521199907e-05,0.0,7.106593663588807e-05,0.0,0.00010242366140499302
124.0,359.40122371921274,-32.71443573429011,12.991571082169495,89.32392000497353,nan,nan,0.0,0.059666800628773976,nan,nan,nan,nan,0.0,0.29279093821126,nan,nan,0.0,5.833181565781947e-05,nan,nan,nan,nan,0.0,8.141599521199907e-05,0.0,7.106593663588807e-05,0.0,0.00010242366140499302
125.0,359.54211583719655,-32.46770843074895,13.877083758492976,-96.46635439427686,nan,nan,nan,nan,nan,nan,nan,nan,0.0,0.29279093821126,nan,nan,0.0,5.417775857828595e-05,nan,nan,nan,nan,0.0,8.141599521199907e-05,0.0,7.106593663588807e-05,0.0,0.00010242366140499302
126.0,359.37304529561595,-32.71443573429011,13.877083758492976,83.53364560572314,nan,nan,nan,nan,nan,nan,nan,nan,0.0,0.29279093821126,nan,nan,nan,nan,nan,nan,nan,nan,nan,nan,nan,nan,0.0,0.00010242366140499302
