PHANGS/NGC7793_gauss_1p5kpc.ecsv
# %ECSV 1.0
# ---
# datatype:
# - {name: ID, datatype: float64, format: .0f, description: Aperture ID}
# - {name: RA, unit: deg, datatype: float64, format: .5f, description: Right Ascension of the aperture center}
# - {name: DEC, unit: deg, datatype: float64, format: .5f, description: Declination of the aperture center}
# - {name: r_gal, unit: kpc, datatype: float64, format: .2f, description: Deprojected galactocentric radius}
# - {name: phi_gal, unit: deg, datatype: float64, format: .2f, description: Deprojected azimuthal angle (0 = receding major axis)}
# - {name: Sigma_mol_gauss, unit: solMass / pc2, datatype: float64, format: .3e, description: Kernel-average molecular gas surface density
#     (S20 alphaCO)}
# - {name: e_Sigma_mol_gauss, unit: solMass / pc2, datatype: float64, format: .1e, description: Stats error on kernel-average molecular
#     gas surface density (S20 alphaCO)}
# - {name: Sigma_atom_gauss, unit: solMass / pc2, datatype: float64, format: .3e, description: Kernel-average atomic gas surface density
#     (PHANGS-HI)}
# - {name: e_Sigma_atom_gauss, unit: solMass / pc2, datatype: float64, format: .1e, description: Stats error on kernel-average atomic
#     gas surface density (PHANGS-HI)}
# - {name: Sigma_star_gauss, unit: solMass / pc2, datatype: float64, format: .3e, description: Kernel-average stellar mass surface density
#     (fiducial)}
# - {name: e_Sigma_star_gauss, unit: solMass / pc2, datatype: float64, format: .1e, description: Stats error on kernel-average stellar
#     mass surface density (fiducial)}
# - {name: Sigma_star_3p6um_gauss, unit: solMass / pc2, datatype: float64, format: .3e, description: Kernel-average stellar mass surface
#     density (3.6um + varying M/L; Leroy+21)}
# - {name: e_Sigma_star_3p6um_gauss, unit: solMass / pc2, datatype: float64, format: .1e, description: Stats error on kernel-average stellar
#     mass surface density (3.6um + varying M/L; Leroy+21)}
# - {name: Sigma_star_3p4um_gauss, unit: solMass / pc2, datatype: float64, format: .3e, description: Kernel-average stellar mass surface
#     density (3.4um + varying M/L; Leroy+21)}
# - {name: e_Sigma_star_3p4um_gauss, unit: solMass / pc2, datatype: float64, format: .1e, description: Stats error on kernel-average stellar
#     mass surface density (3.4um + varying M/L; Leroy+21)}
# - {name: Sigma_SFR_HaW4recal_gauss, unit: solMass / (kpc2 yr), datatype: float64, format: .3e, description: Kernel-average SFR surface
#     density (recalibrated Halpha + WISE4; Belfiore+22)}
# - {name: e_Sigma_SFR_HaW4recal_gauss, unit: solMass / (kpc2 yr), datatype: float64, format: .1e, description: Stats error on kernel-average
#     SFR surface density (recalibrated Halpha + WISE4; Belfiore+22)}
# - {name: Sigma_SFR_FUVW4recal_gauss, unit: solMass / (kpc2 yr), datatype: float64, format: .3e, description: Kernel-average SFR surface
#     density (recalibrated GALEX FUV + WISE4; Belfiore+22)}
# - {name: e_Sigma_SFR_FUVW4recal_gauss, unit: solMass / (kpc2 yr), datatype: float64, format: .1e, description: Stats error on kernel-average
#     SFR surface density (recalibrated GALEX FUV + WISE4; Belfiore+22)}
# - {name: Sigma_SFR_Hacorr_gauss, unit: solMass / (kpc2 yr), datatype: float64, format: .3e, description: Kernel-average SFR surface
[...]
#       value: !astropy.table.SerializedColumn {name: e_Sigma_mol_gauss}
#     e_Sigma_star_3p4um_gauss:
#       __class__: astropy.units.quantity.Quantity
#       unit: !astropy.units.Unit {unit: solMass / pc2}
#       value: !astropy.table.SerializedColumn {name: e_Sigma_star_3p4um_gauss}
#     e_Sigma_star_3p6um_gauss:
#       __class__: astropy.units.quantity.Quantity
#       unit: !astropy.units.Unit {unit: solMass / pc2}
#       value: !astropy.table.SerializedColumn {name: e_Sigma_star_3p6um_gauss}
#     e_Sigma_star_gauss:
#       __class__: astropy.units.quantity.Quantity
#       unit: !astropy.units.Unit {unit: solMass / pc2}
#       value: !astropy.table.SerializedColumn {name: e_Sigma_star_gauss}
#     phi_gal:
#       __class__: astropy.units.quantity.Quantity
#       unit: *id001
#       value: !astropy.table.SerializedColumn {name: phi_gal}
#     r_gal:
#       __class__: astropy.units.quantity.Quantity
#       unit: !astropy.units.Unit {unit: kpc}
#       value: !astropy.table.SerializedColumn {name: r_gal}
# schema: astropy-2.0
ID,RA,DEC,r_gal,phi_gal,Sigma_mol_gauss,e_Sigma_mol_gauss,Sigma_atom_gauss,e_Sigma_atom_gauss,Sigma_star_gauss,e_Sigma_star_gauss,Sigma_star_3p6um_gauss,e_Sigma_star_3p6um_gauss,Sigma_star_3p4um_gauss,e_Sigma_star_3p4um_gauss,Sigma_SFR_HaW4recal_gauss,e_Sigma_SFR_HaW4recal_gauss,Sigma_SFR_FUVW4recal_gauss,e_Sigma_SFR_FUVW4recal_gauss,Sigma_SFR_Hacorr_gauss,e_Sigma_SFR_Hacorr_gauss,Sigma_SFR_HaW4_gauss,e_Sigma_SFR_HaW4_gauss,Sigma_SFR_FUVW4_gauss,e_Sigma_SFR_FUVW4_gauss,Sigma_SFR_NUVW4_gauss,e_Sigma_SFR_NUVW4_gauss,Sigma_SFR_W4ONLY_gauss,e_Sigma_SFR_W4ONLY_gauss
[from data line 38]
38.0,359.5280266253981,-32.65275390840482,6.106695492236325,142.68490068451922,nan,nan,3.24135997917258,0.08955914892168253,1.3908815049334402,0.05555260876826161,1.3908815049334402,0.05555260876826161,0.9048934901537667,0.29279093821126,nan,nan,0.0,8.050583064314214e-05,nan,nan,nan,nan,0.0,8.141599521199907e-05,0.0,7.106593663588807e-05,0.0,0.00010242366140499302
39.0,359.4716697782046,-32.529390256634244,6.128540167645282,-84.11735046128743,nan,nan,4.599492452359862,0.12165883266750074,2.0823095706229946,0.05555260876826161,2.0823095706229946,0.05555260876826161,1.254094776218187,0.29279093821126,nan,nan,0.0,8.141599521199907e-05,nan,nan,nan,nan,0.0,8.141599521199907e-05,0.0,7.106593663588807e-05,0.0,0.00010242366140499302
40.0,359.4434913546079,-32.65275390840482,6.128540167645282,95.88264953871257,nan,nan,3.0777317570517044,0.12051383050919758,1.4479750643105025,0.04697660757863709,1.4479750643105025,0.04697660757863709,1.4875740183803945,0.24759098288808873,nan,nan,nan,nan,nan,nan,nan,nan,nan,nan,nan,nan,0.0,0.00010242366140499302
41.0,359.5702942607933,-32.59107208251953,6.479279972266427,-150.479848365145,nan,nan,4.962203042254826,0.1162667422727473,1.722150833965588,0.0555526087682616,1.722150833965588,0.0555526087682616,nan,nan,nan,nan,0.0,nan,nan,nan,nan,nan,0.0,8.141599521199907e-05,0.0,7.106593663588807e-05,0.0,0.00010242366140499302
42.0,359.3448668720192,-32.59107208251953,6.479279972266427,29.52015163485501,nan,nan,2.217651069043131,0.1189271631810065,1.3809703549359416,0.055552608768261576,1.3809703549359416,0.055552608768261576,1.5322411990647058,0.29279093821126,nan,nan,0.0,6.635753811851576e-05,nan,nan,nan,nan,0.0,8.141599521199907e-05,0.0,7.106593663588807e-05,0.0,0.00010242366140499302
43.0,359.5562050489949,-32.5705114738911,6.493981022771014,-133.7306611242867,nan,nan,5.9517154090296,0.10954017902467542,2.02593800031003,0.05555260876826161,2.02593800031003,0.05555260876826161,1.2580870580383015,0.29279093821126,nan,nan,0.0,8.141599521199907e-05,nan,nan,nan,nan,0.0,8.141599521199907e-05,0.0,7.106593663588807e-05,0.0,0.00010242366140499302
44.0,359.3589560838176,-32.61163269114796,6.493981022771014,46.26933887571331,nan,nan,3.4376878162240163,0.14580075332943562,1.870417132547116,0.05555260876826161,1.870417132547116,0.05555260876826161,1.89108746817711,0.29279093821126,nan,nan,nan,nan,nan,nan,nan,nan,nan,nan,nan,nan,0.0,0.00010242366140499302
45.0,359.3448668720192,-32.54995086526267,6.5547859264148425,-5.3011463562459324,nan,nan,2.9523822895215575,0.10627342684091036,0.5004975515666035,0.05555260876826159,0.5004975515666035,0.05555260876826159,0.0,0.29279093821126,nan,nan,0.0,6.852419768243318e-05,nan,nan,nan,nan,0.0,8.141599521199907e-05,0.0,7.106593663588807e-05,0.0,0.00010242366140499302
46.0,359.5702942607933,-32.63219329977639,6.5547859264148425,174.6988536437541,nan,nan,3.766421500664648,0.10782308650150194,1.0639589900142794,0.0555526087682616,1.0639589900142794,0.0555526087682616,nan,nan,nan,nan,0.0,nan,nan,nan,nan,nan,0.0,8.141599521199907e-05,0.0,7.106593663588807e-05,0.0,0.00010242366140499302
47.0,359.3589560838176,-32.529390256634244,6.906367025492905,-24.86255606977291,nan,nan,2.2471179235074987,0.10925221794723497,0.4088659412925569,0.05555260876826161,0.4088659412925569,0.05555260876826161,0.9059928690283748,0.29279093821126,nan,nan,0.0,6.489135450429819e-05,nan,nan,nan,nan,0.0,8.141599521199907e-05,0.0,7.106593663588807e-05,0.0,0.00010242366140499302
48.0,359.5562050489949,-32.65275390840482,6.906367025492905,155.13744393022708,nan,nan,2.91237083582849,0.08040541313996495,0.8738782739995041,0.05555260876826161,0.8738782739995041,0.05555260876826161,0.0,0.29279093821126,nan,nan,0.0,7.23717407859041e-05,nan,nan,nan,nan,0.0,8.141599521199907e-05,0.0,7.106593663588807e-05,0.0,0.00010242366140499302
49.0,359.4998482018014,-32.529390256634244,6.93854187924617,-96.4663543942778,nan,nan,3.1366098628276236,0.09458685593848985,1.337396272793541,0.055552608768261624,1.337396272793541,0.055552608768261624,0.0,0.29279093821126,nan,nan,0.0,8.141599521199907e-05,nan,nan,nan,nan,0.0,8.141599521199907e-05,0.0,7.106593663588807e-05,0.0,0.00010242366140499302
50.0,359.4153129310111,-32.65275390840482,6.93854187924617,83.5336456057222,nan,nan,2.768449331397038,0.12083770858469917,nan,nan,nan,nan,nan,nan,nan,nan,nan,nan,nan,nan,nan,nan,nan,nan,nan,nan,0.0,0.00010242366140499302
51.0,359.5843834725917,-32.61163269114796,6.995073751841976,-165.99770542297924,nan,nan,2.8176591911554625,0.1115077454155531,1.0918280981129445,0.0555526087682616,1.0918280981129445,0.0555526087682616,nan,nan,nan,nan,0.0,nan,nan,nan,nan,nan,0.0,8.141599521199907e-05,0.0,7.106593663588807e-05,0.0,0.00010242366140499302
52.0,359.3307776602208,-32.5705114738911,6.995073751841976,14.002294577020779,nan,nan,1.6313286263721896,0.1106941655497971,0.46255793282417057,0.05555260876826161,0.46255793282417057,0.05555260876826161,0.9010323113018193,0.29279093821126,nan,nan,0.0,6.15678095762649e-05,nan,nan,nan,nan,0.0,8.141599521199907e-05,0.0,7.106593663588807e-05,0.0,0.00010242366140499302
53.0,359.54211583719655,-32.54995086526267,7.035852364067647,-118.34077442333748,nan,nan,4.286769721409903,0.10704454907935114,1.530633708396486,0.05555260876826161,1.530633708396486,0.05555260876826161,0.0,0.29279093821126,nan,nan,0.0,8.141599521199907e-05,nan,nan,nan,nan,0.0,8.141599521199907e-05,0.0,7.106593663588807e-05,0.0,0.00010242366140499302
54.0,359.37304529561595,-32.63219329977639,7.035852364067647,61.65922557666252,nan,nan,2.7291418393827294,0.14095668167213707,0.8569934112813297,0.036939560360263086,0.8569934112813297,0.036939560360263086,0.8263693274410076,0.19469056043992786,nan,nan,0.0,7.368207184209749e-05,nan,nan,nan,nan,0.0,8.141599521199907e-05,0.0,7.106593663588807e-05,0.0,0.00010242366140499302
55.0,359.42940214280947,-32.50882964800581,7.507985773372049,-64.88445527020222,nan,nan,2.2297939772818673,0.1099434977770096,0.5195040804453037,0.0555526087682616,0.5195040804453037,0.0555526087682616,0.0,0.29279093821126,nan,nan,0.0,8.141599521199907e-05,nan,nan,nan,nan,0.0,8.141599521199907e-05,0.0,7.106593663588807e-05,0.0,0.00010242366140499302
56.0,359.48575899000303,-32.673314517033255,7.507985773372049,115.11554472979779,nan,nan,2.0399031301422563,0.09176719899082059,0.7889451948015925,0.0555526087682616,0.7889451948015925,0.0555526087682616,0.0,0.29279093821126,nan,nan,0.0,7.176631890223335e-05,nan,nan,nan,nan,0.0,8.141599521199907e-05,0.0,7.106593663588807e-05,0.0,0.00010242366140499302
57.0,359.40122371921274,-32.50882964800581,7.558152366683797,-52.54628044290015,nan,nan,1.5518310827996071,0.10450859336317123,0.34083384593422655,0.05555260876826161,0.34083384593422655,0.05555260876826161,0.0,0.29279093821126,nan,nan,0.0,7.597109159005379e-05,nan,nan,nan,nan,0.0,8.141599521199907e-05,0.0,7.106593663588807e-05,0.0,0.00010242366140499302
58.0,359.51393741359976,-32.673314517033255,7.558152366683797,127.45371955709986,nan,nan,2.1052398836073967,0.09620191999251153,0.8162364276257503,0.0555526087682616,0.8162364276257503,0.0555526087682616,0.0,0.29279093821126,nan,nan,0.0,7.312616985874335e-05,nan,nan,nan,nan,0.0,8.141599521199907e-05,0.0,7.106593663588807e-05,0.0,0.00010242366140499302
59.0,359.45758056640625,-32.50882964800581,7.801388797399261,-76.83217233647969,nan,nan,2.661145932281455,0.09291581129056166,0.6190884929119184,0.055552608768261624,0.6190884929119184,0.055552608768261624,0.0,0.29279093821126,nan,nan,0.0,8.141599521199907e-05,nan,nan,nan,nan,0.0,8.141599521199907e-05,0.0,7.106593663588807e-05,0.0,0.00010242366140499302
60.0,359.45758056640625,-32.673314517033255,7.801388797399261,103.16782766352033,nan,nan,2.1468465470458917,0.09808296063238722,0.7790299152028498,0.05555260876826161,0.7790299152028498,0.05555260876826161,0.0,0.29279093821126,nan,nan,0.0,7.631966372145436e-05,nan,nan,nan,nan,0.0,8.141599521199907e-05,0.0,7.106593663588807e-05,0.0,0.00010242366140499302
61.0,359.59847268439006,-32.63219329977639,7.938624126894468,-178.61028459784737,nan,nan,0.0,0.0919996371285765,0.7235840285338495,0.0555526087682616,0.7235840285338495,0.0555526087682616,0.0,0.29279093821126,nan,nan,0.0,6.173274766345607e-05,nan,nan,nan,nan,0.0,8.141599521199907e-05,0.0,7.106593663588807e-05,0.0,0.00010242366140499302
62.0,359.31668844842244,-32.54995086526267,7.938624126894468,1.3897154021526243,nan,nan,1.4142280110616667,0.10711992841511464,0.0,0.05555260876826161,0.0,0.05555260876826161,0.0,0.29279093821126,nan,nan,0.0,5.605339522550857e-05,nan,nan,nan,nan,0.0,8.141599521199907e-05,0.0,7.106593663588807e-05,0.0,0.00010242366140499302
63.0,359.37304529561595,-32.50882964800581,7.945383416975048,-40.89713664871274,nan,nan,1.0105094850483454,0.09865139839235032,0.0,0.0555526087682616,0.0,0.0555526087682616,0.0,0.29279093821126,nan,nan,0.0,6.698790064110427e-05,nan,nan,nan,nan,0.0,8.141599521199907e-05,0.0,7.106593663588807e-05,0.0,0.00010242366140499302
64.0,359.54211583719655,-32.673314517033255,7.945383416975048,139.10286335128728,nan,nan,2.1653611858434467,0.08058456552094785,nan,nan,nan,nan,0.0,0.29279093821126,nan,nan,0.0,7.635008259603399e-05,nan,nan,nan,nan,0.0,8.141599521199907e-05,0.0,7.106593663588807e-05,0.0,0.00010242366140499302
65.0,359.3307776602208,-32.529390256634244,7.959379044034728,-15.339814499180395,nan,nan,1.3489408297994316,0.0856126314978281,0.0,0.05555260876826161,0.0,0.05555260876826161,nan,nan,nan,nan,0.0,nan,nan,nan,nan,nan,0.0,8.141599521199907e-05,0.0,7.106593663588807e-05,0.0,0.00010242366140499302
66.0,359.5843834725917,-32.65275390840482,7.959379044034728,164.6601855008196,nan,nan,1.5565821546220147,0.1266066566554445,nan,nan,nan,nan,0.0,0.29279093821126,nan,nan,0.0,7.682172152055435e-05,nan,nan,nan,nan,0.0,8.141599521199907e-05,0.0,7.106593663588807e-05,0.0,0.00010242366140499302
67.0,359.5280266253981,-32.529390256634244,7.998459592541193,-105.89779523623137,nan,nan,1.5747377000580989,0.10367102555209663,0.8344449028288953,0.055552608768261624,0.8344449028288953,0.055552608768261624,0.0,0.29279093821126,nan,nan,0.0,8.141599521199907e-05,nan,nan,nan,nan,0.0,8.141599521199907e-05,0.0,7.106593663588807e-05,0.0,0.00010242366140499302
68.0,359.3871345074144,-32.65275390840482,7.998459592541193,74.10220476376863,nan,nan,1.2782275453834229,0.09018653889008285,0.744226509120309,0.05555260876826161,0.744226509120309,0.05555260876826161,0.0,0.29279093821126,nan,nan,nan,nan,nan,nan,nan,nan,nan,nan,nan,nan,0.0,0.00010242366140499302
69.0,359.5843834725917,-32.5705114738911,8.058612312606066,-137.0514417077915,nan,nan,1.2290044934964541,0.10909132407405156,nan,nan,nan,nan,0.0,0.29279093821126,nan,nan,0.0,8.141599521199907e-05,nan,nan,nan,nan,0.0,8.141599521199907e-05,0.0,7.106593663588807e-05,0.0,0.00010242366140499302
70.0,359.3307776602208,-32.61163269114796,8.058612312606066,42.94855829220851,nan,nan,0.8058388831542588,0.08387071500994857,nan,nan,nan,nan,0.0,0.29279093821126,nan,nan,nan,nan,nan,nan,nan,nan,nan,nan,nan,nan,0.0,0.00010242366140499302
71.0,359.59847268439006,-32.59107208251953,8.099099965334664,-150.479848365145,nan,nan,1.019796871729355,0.10123505351322717,nan,nan,nan,nan,nan,nan,nan,nan,0.0,nan,nan,nan,nan,nan,0.0,8.141599521199907e-05,0.0,7.106593663588807e-05,0.0,0.00010242366140499302
72.0,359.31668844842244,-32.59107208251953,8.099099965334664,29.52015163485501,nan,nan,0.5604113232129494,0.08383055085564384,nan,nan,nan,nan,0.0,0.29279093821126,nan,nan,0.0,6.480281968995893e-05,nan,nan,nan,nan,0.0,8.141599521199907e-05,0.0,7.106593663588807e-05,0.0,0.00010242366140499302
73.0,359.48575899000303,-32.50882964800581,8.402447118732937,-87.49221714058285,nan,nan,1.541140649227804,0.1008028386236112,0.41607762904690077,0.05555260876826159,0.41607762904690077,0.05555260876826159,0.0,0.29279093821126,nan,nan,0.0,8.141599521199907e-05,nan,nan,nan,nan,0.0,8.141599521199907e-05,0.0,7.106593663588807e-05,0.0,0.00010242366140499302
74.0,359.42940214280947,-32.673314517033255,8.402447118732937,92.50778285941716,nan,nan,1.5389063019768925,0.0901612996703992,0.8682031760191687,0.05555260876826161,0.8682031760191687,0.05555260876826161,0.0,0.29279093821126,nan,nan,0.0,6.896362477710181e-05,nan,nan,nan,nan,0.0,8.141599521199907e-05,nan,nan,0.0,0.00010242366140499302
75.0,359.5702942607933,-32.54995086526267,8.4514941259512,-124.19276226138594,nan,nan,1.4927083537660604,0.10237782225787287,nan,nan,nan,nan,0.0,0.29279093821126,nan,nan,0.0,7.846583127014284e-05,nan,nan,nan,nan,0.0,8.141599521199907e-05,0.0,7.106593663588807e-05,0.0,0.00010242366140499302
76.0,359.3448668720192,-32.63219329977639,8.4514941259512,55.80723773861407,nan,nan,0.6199307085243192,0.07343054596992557,nan,nan,nan,nan,nan,nan,nan,nan,nan,nan,nan,nan,nan,nan,nan,nan,nan,nan,0.0,0.00010242366140499302
77.0,359.6125618961884,-32.61163269114796,8.566814839357209,-163.0980792777495,nan,nan,0.0,0.0752492590537472,nan,nan,nan,nan,0.0,0.29279093821126,nan,nan,0.0,6.390398715741816e-05,nan,nan,nan,nan,0.0,8.141599521199907e-05,0.0,7.106593663588807e-05,0.0,0.00010242366140499302
78.0,359.3025992366241,-32.5705114738911,8.566814839357209,16.901920722250512,nan,nan,0.5410480032605489,0.1263606824078913,nan,nan,nan,nan,0.0,0.29279093821126,nan,nan,0.0,5.0538403642024186e-05,nan,nan,nan,nan,0.0,8.141599521199907e-05,0.0,7.106593663588807e-05,0.0,0.00010242366140499302
79.0,359.3448668720192,-32.50882964800581,8.624395729982217,-30.704706807076608,nan,nan,0.9739120453542349,0.11273183993204756,0.0,0.0555526087682616,0.0,0.0555526087682616,0.0,0.29279093821126,nan,nan,0.0,7.331581143736704e-05,nan,nan,nan,nan,0.0,8.141599521199907e-05,0.0,7.106593663588807e-05,0.0,0.00010242366140499302
80.0,359.5702942607933,-32.673314517033255,8.624395729982217,149.2952931929234,nan,nan,1.4174009519973096,0.12575959829420252,nan,nan,nan,nan,0.0,0.29279093821126,nan,nan,0.0,6.550310471375645e-05,nan,nan,nan,nan,0.0,8.141599521199907e-05,0.0,7.106593663588807e-05,0.0,0.00010242366140499302
81.0,359.5562050489949,-32.529390256634244,9.222525788355885,-112.97952982667101,nan,nan,1.3866292148807224,0.10003495811243461,nan,nan,nan,nan,0.0,0.29279093821126,nan,nan,0.0,8.068281808311834e-05,nan,nan,nan,nan,0.0,8.141599521199907e-05,0.0,7.106593663588807e-05,0.0,0.00010242366140499302
82.0,359.3589560838176,-32.65275390840482,9.222525788355885,67.020470173329,nan,nan,0.5897000495029203,0.06856273749481871,nan,nan,nan,nan,0.7427177489276109,0.22491002956916722,nan,nan,0.0,5.9145028639506555e-05,nan,nan,nan,nan,0.0,8.141599521199907e-05,0.0,7.106593663588807e-05,0.0,0.00010242366140499302
83.0,359.51393741359976,-32.50882964800581,9.251389172328222,-96.46635439427094,nan,nan,0.8645527001529134,0.07956685270708685,0.4906891889948383,0.0555526087682616,0.4906891889948383,0.0555526087682616,0.0,0.29279093821126,nan,nan,0.0,8.141599521199907e-05,nan,nan,nan,nan,0.0,8.141599521199907e-05,0.0,7.106593663588807e-05,0.0,0.00010242366140499302
84.0,359.40122371921274,-32.673314517033255,9.251389172328222,83.53364560572906,nan,nan,0.3633498475364694,0.06812337284061695,0.3665840857914683,0.0319806180088505,0.3665840857914683,0.0319806180088505,0.0,0.16855437321490652,nan,nan,nan,nan,nan,nan,nan,nan,nan,nan,nan,nan,0.0,0.00010242366140499302
85.0,359.4153129310111,-32.48826903937738,9.362592042983502,-62.41282532357263,nan,nan,1.1737065154624757,0.09034111658842471,0.3568777265355911,0.05555260876826161,0.3568777265355911,0.05555260876826161,0.0,0.29279093821126,nan,nan,0.0,7.294681286790401e-05,nan,nan,nan,nan,0.0,8.141599521199907e-05,0.0,7.106593663588807e-05,0.0,0.00010242366140499302
86.0,359.4998482018014,-32.693875125661684,9.362592042983502,117.58717467642738,nan,nan,2.0927743656810986,0.09286708755306654,nan,nan,nan,nan,0.0,0.29279093821126,nan,nan,0.0,6.400109543459913e-05,nan,nan,nan,nan,0.0,8.141599521199907e-05,0.0,7.106593663588807e-05,0.0,0.00010242366140499302
