data/PHANGS/NGC1566_gauss_1p5kpc.ecsv
# %ECSV 1.0
# ---
# datatype:
# - {name: ID, datatype: float64, format: .0f, description: Aperture ID}
# - {name: RA, unit: deg, datatype: float64, format: .5f, description: Right Ascension of the aperture center}
# - {name: DEC, unit: deg, datatype: float64, format: .5f, description: Declination of the aperture center}
# - {name: r_gal, unit: kpc, datatype: float64, format: .2f, description: Deprojected galactocentric radius}
# - {name: phi_gal, unit: deg, datatype: float64, format: .2f, description: Deprojected azimuthal angle (0 = receding major axis)}
# - {name: Sigma_mol_gauss, unit: solMass / pc2, datatype: float64, format: .3e, description: Kernel-average molecular gas surface density
#     (S20 alphaCO)}
# - {name: e_Sigma_mol_gauss, unit: solMass / pc2, datatype: float64, format: .1e, description: Stats error on kernel-average molecular
#     gas surface density (S20 alphaCO)}
# - {name: Sigma_atom_gauss, unit: solMass / pc2, datatype: float64, format: .3e, description: Kernel-average atomic gas surface density
#     (PHANGS-HI)}
# - {name: e_Sigma_atom_gauss, unit: solMass / pc2, datatype: float64, format: .1e, description: Stats error on kernel-average atomic
#     gas surface density (PHANGS-HI)}
# - {name: Sigma_star_gauss, unit: solMass / pc2, datatype: float64, format: .3e, description: Kernel-average stellar mass surface density
#     (fiducial)}
# - {name: e_Sigma_star_gauss, unit: solMass / pc2, datatype: float64, format: .1e, description: Stats error on kernel-average stellar
#     mass surface density (fiducial)}
# - {name: Sigma_star_3p6um_gauss, unit: solMass / pc2, datatype: float64, format: .3e, description: Kernel-average stellar mass surface
#     density (3.6um + varying M/L; Leroy+21)}
# - {name: e_Sigma_star_3p6um_gauss, unit: solMass / pc2, datatype: float64, format: .1e, description: Stats error on kernel-average stellar
#     mass surface density (3.6um + varying M/L; Leroy+21)}
# - {name: Sigma_star_3p4um_gauss, unit: solMass / pc2, datatype: float64, format: .3e, description: Kernel-average stellar mass surface
#     density (3.4um + varying M/L; Leroy+21)}
# - {name: e_Sigma_star_3p4um_gauss, unit: solMass / pc2, datatype: float64, format: .1e, description: Stats error on kernel-average stellar
#     mass surface density (3.4um + varying M/L; Leroy+21)}
# - {name: Sigma_SFR_HaW4recal_gauss, unit: solMass / (kpc2 yr), datatype: float64, format: .3e, description: Kernel-average SFR surface
#     density (recalibrated Halpha + WISE4; Belfiore+22)}
# - {name: e_Sigma_SFR_HaW4recal_gauss, unit: solMass / (kpc2 yr), datatype: float64, format: .1e, description: Stats error on kernel-average
#     SFR surface density (recalibrated Halpha + WISE4; Belfiore+22)}
# - {name: Sigma_SFR_FUVW4recal_gauss, unit: solMass / (kpc2 yr), datatype: float64, format: .3e, description: Kernel-average SFR surface
#     density (recalibrated GALEX FUV + WISE4; Belfiore+22)}
# - {name: e_Sigma_SFR_FUVW4recal_gauss, unit: solMass / (kpc2 yr), datatype: float64, format: .1e, description: Stats error on kernel-average
#     SFR surface density (recalibrated GALEX FUV + WISE4; Belfiore+22)}
# - {name: Sigma_SFR_Hacorr_gauss, unit: solMass / (kpc2 yr), datatype: float64, format: .3e, description: Kernel-average SFR surface
[...]
#       value: !astropy.table.SerializedColumn {name: e_Sigma_mol_gauss}
#     e_Sigma_star_3p4um_gauss:
#       __class__: astropy.units.quantity.Quantity
#       unit: !astropy.units.Unit {unit: solMass / pc2}
#       value: !astropy.table.SerializedColumn {name: e_Sigma_star_3p4um_gauss}
#     e_Sigma_star_3p6um_gauss:
#       __class__: astropy.units.quantity.Quantity
#       unit: !astropy.units.Unit {unit: solMass / pc2}
#       value: !astropy.table.SerializedColumn {name: e_Sigma_star_3p6um_gauss}
#     e_Sigma_star_gauss:
#       __class__: astropy.units.quantity.Quantity
#       unit: !astropy.units.Unit {unit: solMass / pc2}
#       value: !astropy.table.SerializedColumn {name: e_Sigma_star_gauss}
#     phi_gal:
#       __class__: astropy.units.quantity.Quantity
#       unit: *id001
#       value: !astropy.table.SerializedColumn {name: phi_gal}
#     r_gal:
#       __class__: astropy.units.quantity.Quantity
#       unit: !astropy.units.Unit {unit: kpc}
#       value: !astropy.table.SerializedColumn {name: r_gal}
# schema: astropy-2.0
ID,RA,DEC,r_gal,phi_gal,Sigma_mol_gauss,e_Sigma_mol_gauss,Sigma_atom_gauss,e_Sigma_atom_gauss,Sigma_star_gauss,e_Sigma_star_gauss,Sigma_star_3p6um_gauss,e_Sigma_star_3p6um_gauss,Sigma_star_3p4um_gauss,e_Sigma_star_3p4um_gauss,Sigma_SFR_HaW4recal_gauss,e_Sigma_SFR_HaW4recal_gauss,Sigma_SFR_FUVW4recal_gauss,e_Sigma_SFR_FUVW4recal_gauss,Sigma_SFR_Hacorr_gauss,e_Sigma_SFR_Hacorr_gauss,Sigma_SFR_HaW4_gauss,e_Sigma_SFR_HaW4_gauss,Sigma_SFR_FUVW4_gauss,e_Sigma_SFR_FUVW4_gauss,Sigma_SFR_NUVW4_gauss,e_Sigma_SFR_NUVW4_gauss,Sigma_SFR_W4ONLY_gauss,e_Sigma_SFR_W4ONLY_gauss
[from data line 131]
131.0,65.01427265198754,-54.908559174496084,9.554721110365346,-156.4189376564466,4.159784771647142,0.1449348710052896,nan,nan,71.40074489364497,0.38961831203557545,71.40074489364497,0.38961831203557545,58.99447092066899,0.6618195978155247,0.0020112072946069054,0.00024247537725579225,0.0037156631345770246,0.00014424069440985477,0.0024986593724780426,1.8569847881897786e-06,0.003230373274957497,0.00027944195524246505,0.004121299061635951,0.00017306226246862163,0.005472147065611592,0.0001512605464060578,0.00306242043492066,0.0002177456449253847
132.0,64.98890117613746,-54.967463164371104,9.554721110365346,23.581062343553405,2.916214879502742,0.1630356964959976,nan,nan,54.62317999483101,0.4269151491388604,54.62317999483101,0.4269151491388604,44.51959993596567,0.7251733390771348,0.0,0.0002311630791845608,0.0020345516399079195,0.00014116846210411905,nan,nan,0.0,0.0002723025924693353,0.0022563360452246897,0.00017306226246862163,0.0030895664703207443,0.0001512605464060578,0.0015130878013015928,0.0002177456449253847
133.0,64.99735833475415,-54.908559174496084,9.694996534735067,-136.6419630655365,2.4210316707130186,0.1386446628730184,nan,nan,nan,nan,nan,nan,nan,nan,nan,nan,nan,nan,nan,nan,nan,nan,0.003680988341720622,0.00017306226246862163,nan,nan,0.0029054593982160565,0.0002177456449253847
134.0,65.00581549337085,-54.967463164371104,9.694996534735067,43.3580369344635,2.596161304021854,0.1540204705910707,nan,nan,44.83168324099587,0.3857642873325969,44.83168324099587,0.3857642873325969,36.987286693898405,0.6552730136327373,0.0,0.00023151077297089076,0.0025009913673657916,0.00015238929200403386,nan,nan,0.0,0.00027071789461140803,0.0026541843052347467,0.00017306226246862163,0.0037170572486889468,0.0001512605464060578,0.001612493997251434,0.0002177456449253847
135.0,64.96775827959574,-54.96325573652289,9.84015632095381,-3.31853921420547,2.483968741207953,0.17033205147334188,nan,nan,44.70261934583732,0.3894004436898942,44.70261934583732,0.3894004436898942,40.82622418872512,0.6614495188524436,0.0015012007503399157,0.00023408677682282234,0.0026511578731473725,0.0001496828019270183,nan,nan,0.0021874095210614136,0.00027071238020520347,0.002849355494721277,0.00017306226246862163,0.0037756492626708155,0.0001512605464060578,0.0018446798365807239,0.0002177456449253847
136.0,65.03541554852926,-54.9127666023443,9.84015632095381,176.68146078579454,3.637568355864575,0.1657738405420717,nan,nan,44.67135623904037,0.3359639998294513,44.67135623904037,0.3359639998294513,37.025210671638106,0.5706804643908016,0.002927667197428516,0.0002470646788108958,0.0039030879761722034,0.00016168277864056445,nan,nan,0.003561047210113545,0.00027417048524447455,0.004032502872712434,0.00017306226246862163,0.005566666195571672,0.0001512605464060578,0.002474802087436332,0.0002177456449253847
137.0,65.02272981060423,-54.908559174496084,9.907219810185817,-165.94846561780707,3.862091628274556,0.15638128104993,nan,nan,50.75867185010794,0.35724339680156836,50.75867185010794,0.35724339680156836,43.51715573976279,0.6068264090520409,0.0017238278492336724,0.00023841446859706593,0.0033240632360093747,0.00015219052854314677,0.00221839272861641,1.7219692053364453e-06,0.0025869383817077184,0.00027488020950957464,0.0035423748965169987,0.00017306226246862163,0.004968356078064759,0.0001512605464060578,0.0022760420091599595,0.0002177456449253847
138.0,64.98044401752077,-54.967463164371104,9.907219810185817,14.05153438219293,2.8743381978648954,0.16629367025245625,nan,nan,44.956364192690934,0.39126742647732454,44.956364192690934,0.39126742647732454,38.906745470176794,0.6646208425796324,0.0014276931061843862,0.00023412201706254763,0.0023697639189208886,0.000147119334626606,nan,nan,0.002061042052545372,0.00027061055557434696,0.002573976184708645,0.00017306226246862163,0.0036241798921519486,0.0001512605464060578,0.0017128320666210744,0.0002177456449253847
139.0,64.95084396236236,-54.938011169433594,9.925990142834742,-58.924194006875524,nan,nan,nan,nan,20.226210022120565,0.39311763434604796,20.226210022120565,0.39311763434604796,16.548117193090523,0.667763671830024,0.0,0.00021572974262141782,0.0010454008246867665,0.0001330942653407716,nan,nan,0.0,0.00026377592287619674,0.0012619608679680168,0.00017306226246862163,0.0014396066655249116,0.0001512605464060578,0.001178925904853628,0.0002177456449253847
140.0,65.05232986576264,-54.938011169433594,9.925990142834742,121.07580599312449,nan,nan,nan,nan,nan,nan,nan,nan,13.534627590496271,0.5886607914185323,0.0,0.00023333968348137327,0.001145284581216107,0.00014199484286076054,nan,nan,0.0,0.0002702237784031142,0.0013073892384279793,0.00017306226246862163,0.0015153960341122742,0.0001512605464060578,0.0011353545661459995,0.0002177456449253847
141.0,64.95084396236236,-54.94642602513002,9.948332366185465,-43.136980055443416,nan,nan,nan,nan,23.486101562803054,0.4324491558942829,23.486101562803054,0.4324491558942829,19.55476900660273,0.734573600851401,0.0,0.00021570225487210006,0.0008630953154951667,0.0001292840746990552,nan,nan,0.0,0.0002643108400966071,0.001051969504254609,0.00017306226246862163,0.0012397705856175935,0.0001512605464060578,0.0009386975740033623,0.0002177456449253847
142.0,65.05232986576264,-54.929596313737164,9.948332366185465,136.86301994455658,nan,nan,nan,nan,20.263163968931952,0.37412271426880156,20.263163968931952,0.37412271426880156,16.732115452360027,0.635498221316719,0.0,0.0002299426097871697,0.0,0.00015248259800084557,nan,nan,0.0,0.00026819737659439176,0.0,0.00017306226246862163,0.0,0.0001512605464060578,0.0,0.0002177456449253847
143.0,64.97621543821242,-54.9127666023443,10.109038036021397,-112.36301615674878,0.9843710773068404,0.10850196326050507,nan,nan,22.890923169945957,0.3330299471583078,22.890923169945957,0.3330299471583078,19.20631575651688,0.5656965776000583,0.0013404596525448443,0.00023438480165776672,0.002052099348479971,0.00015581556262801526,nan,nan,0.0018349648450758382,0.00026698637706105814,0.0021782397016711246,0.00017306226246862163,0.002739184838141801,0.0001512605464060578,0.0015915365034559156,0.0002177456449253847
144.0,65.02695838991258,-54.96325573652289,10.109038036021397,67.63698384325122,1.6907958205623757,0.15179099714996538,nan,nan,20.49389705519317,0.21004627205580856,20.49389705519317,0.21004627205580856,16.87151932995426,0.3567921090986412,0.008755765090470649,0.000266313767111826,0.007138473217650304,0.00017306226246862163,nan,nan,0.009476152777110421,0.0002813051206153669,0.007138473217650304,0.00017306226246862163,0.008767359898580442,0.0001512605464060578,0.005348606420063565,0.0002177456449253847
145.0,64.98890117613746,-54.908559174496084,10.17612544098518,-127.5018725250945,0.0,0.0826738894581791,nan,nan,29.051087386607485,0.31536567105091046,29.051087386607485,0.31536567105091046,nan,nan,nan,nan,nan,nan,nan,nan,nan,nan,0.0025962290567420887,0.00017306226246862163,nan,nan,0.0014788836892387855,0.0002177456449253847
146.0,65.01427265198754,-54.967463164371104,10.17612544098518,52.49812747490551,0.0,0.08116709630288207,nan,nan,28.134898176326345,0.29451701264164337,28.134898176326345,0.29451701264164337,nan,nan,nan,nan,nan,nan,nan,nan,0.0021163903947524544,0.00027047143134683514,0.0039270449721438986,0.00017306226246862163,0.005759588904258109,0.0001512605464060578,0.0017022031801563254,0.0002177456449253847
147.0,64.9550725416707,-54.92538888588895,10.449168706176511,-81.78774280909775,nan,nan,nan,nan,15.578392341987083,0.3675809760976649,15.578392341987083,0.3675809760976649,12.119262799482122,0.6243861909226218,0.0,0.00021336245819320032,0.0,0.0001248497718381192,nan,nan,0.0,0.00026217330937450864,0.0,0.00017306226246862163,0.0,0.0001512605464060578,0.0,0.0002177456449253847
148.0,65.0481012864543,-54.95063345297824,10.449168706176511,98.21225719090226,nan,nan,nan,nan,nan,nan,nan,nan,nan,nan,0.0,nan,nan,nan,nan,nan,0.0,0.00027225476175531295,0.001038107503740798,0.00017306226246862163,nan,nan,0.0009655980112537285,0.0002177456449253847
149.0,64.95930112097905,-54.921181458040735,10.483235488800107,-90.01306143296532,0.0,0.10698352759215715,nan,nan,14.650127064578488,0.38637680168838173,14.650127064578488,0.38637680168838173,11.53341126181653,0.656313452421366,0.0,0.00021590797778938748,0.0006173812599358715,0.00012899504217101635,nan,nan,0.0,0.0002625473057264315,0.000760169836678358,0.00017306226246862163,0.0008251452969219998,0.0001512605464060578,0.0007049980434608494,0.0002177456449253847
150.0,65.04387270714595,-54.95484088082645,10.483235488800107,89.9869385670347,0.0,0.1013414423412404,nan,nan,nan,nan,nan,nan,nan,nan,0.0,nan,0.0,nan,nan,nan,0.0,0.00026917623140717043,0.0,0.00017306226246862163,nan,nan,0.0,0.0002177456449253847
151.0,65.03118696922093,-54.908559174496084,10.511276797897644,-174.60377941759933,5.60635461818352,0.186645267348469,nan,nan,39.819460087020616,0.29430235100151203,39.819460087020616,0.29430235100151203,32.62925796459084,0.49991249784532577,0.003997503521924493,0.00025305841619516206,0.005104625789044028,0.0001666008371597848,nan,nan,0.004755644967789731,0.00027609845208204027,0.005210313336352443,0.00017306226246862163,0.006836540418332029,0.0001512605464060578,0.003559444736534612,0.0002177456449253847
152.0,64.97198685890407,-54.967463164371104,10.511276797897644,5.39622058240067,2.8551270998220017,0.1679478443106794,nan,nan,36.13861262444038,0.3476164649204218,36.13861262444038,0.3476164649204218,31.160481450112847,0.590473758293685,0.0019845279245324673,0.00023600428368834687,0.003045848189431793,0.00015091814247485927,nan,nan,0.0028479636707469985,0.0002696698886771393,0.003312890929931743,0.00017306226246862163,0.004021045926930565,0.0001512605464060578,0.0026241085352913603,0.0002177456449253847
153.0,64.95084396236236,-54.929596313737164,10.629284924389914,-73.67620903202359,nan,nan,nan,nan,18.7397614761575,0.4042312282935471,18.7397614761575,0.4042312282935471,14.87053619736835,0.6866416199382415,0.0,nan,0.0,0.00013079659085794872,nan,nan,0.0,0.00026295026535714237,0.0,0.00017306226246862163,0.0,0.0001512605464060578,0.0,0.0002177456449253847
154.0,65.05232986576264,-54.94642602513002,10.629284924389914,106.32379096797641,nan,nan,nan,nan,nan,nan,nan,nan,nan,nan,nan,nan,nan,nan,nan,nan,nan,nan,0.0012026358449540432,0.00017306226246862163,nan,nan,0.0010210982881265198,0.0002177456449253847
155.0,64.9550725416707,-54.959048308674674,10.644090835571168,-19.45194595415223,nan,nan,nan,nan,23.167716301663134,0.44780033411418085,23.167716301663134,0.44780033411418085,20.620889259016337,0.7606496611433504,0.0,0.00021616499879143172,0.0,0.00013123501635136766,nan,nan,0.0,0.00026339276771277767,0.0,0.00017306226246862163,0.0,0.0001512605464060578,0.0,0.0002177456449253847
156.0,65.0481012864543,-54.91697403019251,10.644090835571168,160.54805404584778,nan,nan,nan,nan,30.835991253832397,0.4396658965543108,30.835991253832397,0.4396658965543108,nan,nan,nan,nan,nan,nan,nan,nan,nan,nan,0.0010777530971365894,0.00017306226246862163,nan,nan,0.0007362304475768185,0.0002177456449253847
157.0,64.94661538305401,-54.94221859728181,10.662921766239089,-51.632758131193505,nan,nan,nan,nan,13.25309494486092,0.3675809760976648,13.25309494486092,0.3675809760976648,10.79803504148896,0.6243861909226218,0.0,nan,0.0,0.00011589843302880737,nan,nan,0.0,0.0002621091459667282,0.0,0.00017306226246862163,0.0,0.0001512605464060578,0.0,0.0002177456449253847
158.0,65.05655844507099,-54.93380374158538,10.662921766239089,128.3672418688065,nan,nan,nan,nan,12.629207121878068,0.36758097609766505,12.629207121878068,0.36758097609766505,10.62238616873579,0.6243861909226218,0.0,0.00021975834945154387,0.0,0.00013343599574945972,nan,nan,0.0,0.00026722415526172154,0.0,0.00017306226246862163,0.0,0.0001512605464060578,0.0,0.0002177456449253847
159.0,64.95084396236236,-54.95484088082645,10.691763543082367,-28.506777508091,nan,nan,nan,nan,16.262142577364514,0.367580976097665,16.262142577364514,0.367580976097665,14.4065254489897,0.6243861909226218,0.0,0.00021314498725690675,0.0,0.00013233147222094252,nan,nan,0.0,0.00026276294470432577,0.0,0.00017306226246862163,0.0,0.0001512605464060578,0.0,0.0002177456449253847
160.0,65.05232986576264,-54.921181458040735,10.691763543082367,151.493222491909,nan,nan,nan,nan,19.79044689054698,0.410133820712436,19.79044689054698,0.410133820712436,17.087174829804958,0.6966679745013233,0.0,0.00022082110936611556,0.0008993516440139011,0.00013805377103424975,nan,nan,0.0,0.00026715124353479495,0.0010311231757518828,0.00017306226246862163,0.001221352327433754,0.0001512605464060578,0.0008189937566395059,0.0002177456449253847
161.0,64.9635297002874,-54.91697403019251,10.729445325570058,-98.02208689317136,0.0,0.10643198714323004,nan,nan,14.92022704138744,0.38412810007286785,14.92022704138744,0.38412810007286785,11.203649581064886,0.652493727442293,0.0,0.00021930298505075418,0.0,0.00013606052426492173,nan,nan,0.0,0.0002627858844529579,0.0,0.00017306226246862163,0.0,0.0001512605464060578,0.0,0.0002177456449253847
162.0,65.0396441278376,-54.959048308674674,10.729445325570058,81.97791310682864,0.0,0.10045047311827904,nan,nan,16.26087073440015,0.37844708905276037,16.26087073440015,0.37844708905276037,12.338455103884545,0.6428437589670694,0.0,0.0002220940982246377,0.0007010562075475247,0.00013151961063879167,nan,nan,0.0,0.00026662694026375824,0.0008473245496336268,0.00017306226246862163,0.0009986849458185313,0.0001512605464060578,0.0007660775715284568,0.0002177456449253847
163.0,65.0100440726792,-54.90435174664787,10.829111392696836,-150.20811640267752,2.5504503941135317,0.1575994364644744,nan,nan,43.93399505118249,0.3801876533161742,43.93399505118249,0.3801876533161742,37.60809020325461,0.6458003436685591,0.001485010770580479,0.00023452315059113742,0.002710587843279548,0.00014819402113096518,0.001785587904179301,1.4896715179575892e-06,0.002305012743549985,0.0002716267933719796,0.0029564228612854386,0.00017306226246862163,0.003745673824072239,0.0001512605464060578,0.0021510612697031193,0.0002177456449253847
164.0,64.9931297554458,-54.97167059221932,10.829111392696836,29.791883597322496,0.634485377095994,0.10903020816975012,nan,nan,30.747332319189447,0.3831920817345683,30.747332319189447,0.3831920817345683,28.641302030022953,0.6509037732202625,0.0,0.00022315760910777342,0.0018660991667819131,0.00015663711055565003,nan,nan,0.0,0.00026727912282360457,0.001934643151835052,0.00017306226246862163,0.002888341892200507,0.0001512605464060578,0.0009080923058161123,0.0002177456449253847
165.0,64.95930112097905,-54.96325573652289,10.86079652768528,-10.539197230542891,0.42960864044505015,0.09242583126773969,nan,nan,28.439944475233666,0.39979985387741274,28.439944475233666,0.39979985387741274,24.402082874592654,0.6791143288863051,0.0,0.00023088702623326918,0.0015452733676346567,0.00015202477476395742,nan,nan,0.0,0.00026713274578855207,0.0016395777870492603,0.00017306226246862163,0.002250353051357778,0.0001512605464060578,0.0009754381274331992,0.0002177456449253847
166.0,65.04387270714595,-54.9127666023443,10.86079652768528,169.46080276945713,0.0,nan,nan,nan,36.77443705772822,0.36758097609766494,36.77443705772822,0.36758097609766494,nan,nan,nan,nan,nan,nan,nan,nan,nan,nan,0.002774500917021519,0.00017306226246862163,nan,nan,0.0011469633645412526,0.0002177456449253847
167.0,64.98044401752077,-54.908559174496084,10.88979921105126,-119.37182497643269,0.22461209353900352,0.06939843286121462,nan,nan,22.483308866027375,0.405927497831357,22.483308866027375,0.405927497831357,19.402817615347868,0.6895229640348136,0.0,0.00022257605895215467,0.0,0.00014489915208092582,nan,nan,0.0,0.0002646944958871342,0.0,0.00017306226246862163,0.0,0.0001512605464060578,0.0,0.0002177456449253847
