data/PHANGS/NGC1566_gauss_1p5kpc.ecsv
# %ECSV 1.0
# ---
# datatype:
# - {name: ID, datatype: float64, format: .0f, description: Aperture ID}
# - {name: RA, unit: deg, datatype: float64, format: .5f, description: Right Ascension of the aperture center}
# - {name: DEC, unit: deg, datatype: float64, format: .5f, description: Declination of the aperture center}
# - {name: r_gal, unit: kpc, datatype: float64, format: .2f, description: Deprojected galactocentric radius}
# - {name: phi_gal, unit: deg, datatype: float64, format: .2f, description: Deprojected azimuthal angle (0 = receding major axis)}
# - {name: Sigma_mol_gauss, unit: solMass / pc2, datatype: float64, format: .3e, description: Kernel-average molecular gas surface density
#     (S20 alphaCO)}
# - {name: e_Sigma_mol_gauss, unit: solMass / pc2, datatype: float64, format: .1e, description: Stats error on kernel-average molecular
#     gas surface density (S20 alphaCO)}
# - {name: Sigma_atom_gauss, unit: solMass / pc2, datatype: float64, format: .3e, description: Kernel-average atomic gas surface density
#     (PHANGS-HI)}
# - {name: e_Sigma_atom_gauss, unit: solMass / pc2, datatype: float64, format: .1e, description: Stats error on kernel-average atomic
#     gas surface density (PHANGS-HI)}
# - {name: Sigma_star_gauss, unit: solMass / pc2, datatype: float64, format: .3e, description: Kernel-average stellar mass surface density
#     (fiducial)}
# - {name: e_Sigma_star_gauss, unit: solMass / pc2, datatype: float64, format: .1e, description: Stats error on kernel-average stellar
#     mass surface density (fiducial)}
# - {name: Sigma_star_3p6um_gauss, unit: solMass / pc2, datatype: float64, format: .3e, description: Kernel-average stellar mass surface
#     density (3.6um + varying M/L; Leroy+21)}
# - {name: e_Sigma_star_3p6um_gauss, unit: solMass / pc2, datatype: float64, format: .1e, description: Stats error on kernel-average stellar
#     mass surface density (3.6um + varying M/L; Leroy+21)}
# - {name: Sigma_star_3p4um_gauss, unit: solMass / pc2, datatype: float64, format: .3e, description: Kernel-average stellar mass surface
#     density (3.4um + varying M/L; Leroy+21)}
# - {name: e_Sigma_star_3p4um_gauss, unit: solMass / pc2, datatype: float64, format: .1e, description: Stats error on kernel-average stellar
#     mass surface density (3.4um + varying M/L; Leroy+21)}
# - {name: Sigma_SFR_HaW4recal_gauss, unit: solMass / (kpc2 yr), datatype: float64, format: .3e, description: Kernel-average SFR surface
#     density (recalibrated Halpha + WISE4; Belfiore+22)}
# - {name: e_Sigma_SFR_HaW4recal_gauss, unit: solMass / (kpc2 yr), datatype: float64, format: .1e, description: Stats error on kernel-average
#     SFR surface density (recalibrated Halpha + WISE4; Belfiore+22)}
# - {name: Sigma_SFR_FUVW4recal_gauss, unit: solMass / (kpc2 yr), datatype: float64, format: .3e, description: Kernel-average SFR surface
#     density (recalibrated GALEX FUV + WISE4; Belfiore+22)}
# - {name: e_Sigma_SFR_FUVW4recal_gauss, unit: solMass / (kpc2 yr), datatype: float64, format: .1e, description: Stats error on kernel-average
#     SFR surface density (recalibrated GALEX FUV + WISE4; Belfiore+22)}
# - {name: Sigma_SFR_Hacorr_gauss, unit: solMass / (kpc2 yr), datatype: float64, format: .3e, description: Kernel-average SFR surface
[...]
#       value: !astropy.table.SerializedColumn {name: e_Sigma_mol_gauss}
#     e_Sigma_star_3p4um_gauss:
#       __class__: astropy.units.quantity.Quantity
#       unit: !astropy.units.Unit {unit: solMass / pc2}
#       value: !astropy.table.SerializedColumn {name: e_Sigma_star_3p4um_gauss}
#     e_Sigma_star_3p6um_gauss:
#       __class__: astropy.units.quantity.Quantity
#       unit: !astropy.units.Unit {unit: solMass / pc2}
#       value: !astropy.table.SerializedColumn {name: e_Sigma_star_3p6um_gauss}
#     e_Sigma_star_gauss:
#       __class__: astropy.units.quantity.Quantity
#       unit: !astropy.units.Unit {unit: solMass / pc2}
#       value: !astropy.table.SerializedColumn {name: e_Sigma_star_gauss}
#     phi_gal:
#       __class__: astropy.units.quantity.Quantity
#       unit: *id001
#       value: !astropy.table.SerializedColumn {name: phi_gal}
#     r_gal:
#       __class__: astropy.units.quantity.Quantity
#       unit: !astropy.units.Unit {unit: kpc}
#       value: !astropy.table.SerializedColumn {name: r_gal}
# schema: astropy-2.0
ID,RA,DEC,r_gal,phi_gal,Sigma_mol_gauss,e_Sigma_mol_gauss,Sigma_atom_gauss,e_Sigma_atom_gauss,Sigma_star_gauss,e_Sigma_star_gauss,Sigma_star_3p6um_gauss,e_Sigma_star_3p6um_gauss,Sigma_star_3p4um_gauss,e_Sigma_star_3p4um_gauss,Sigma_SFR_HaW4recal_gauss,e_Sigma_SFR_HaW4recal_gauss,Sigma_SFR_FUVW4recal_gauss,e_Sigma_SFR_FUVW4recal_gauss,Sigma_SFR_Hacorr_gauss,e_Sigma_SFR_Hacorr_gauss,Sigma_SFR_HaW4_gauss,e_Sigma_SFR_HaW4_gauss,Sigma_SFR_FUVW4_gauss,e_Sigma_SFR_FUVW4_gauss,Sigma_SFR_NUVW4_gauss,e_Sigma_SFR_NUVW4_gauss,Sigma_SFR_W4ONLY_gauss,e_Sigma_SFR_W4ONLY_gauss
[from data line 1188]
1188.0,65.1495871898546,-54.94221859728181,29.158686596683893,118.41566597690439,nan,nan,nan,nan,2.0133531452901217,0.367580976097665,2.0133531452901217,0.367580976097665,0.0,0.6243861909226218,nan,nan,0.0,0.00015251538965481274,nan,nan,nan,nan,0.0,0.00017306226246862163,0.0,0.0001512605464060578,0.0,0.0002177456449253847
1189.0,64.87050095550379,-54.9927077314604,29.234327162682806,-21.926081902226137,nan,nan,nan,nan,1.2635654966494603,0.36758097609766494,1.2635654966494603,0.36758097609766494,0.0,0.6243861909226218,nan,nan,0.0,0.00017306226246862163,nan,nan,nan,nan,0.0,0.00017306226246862163,0.0,0.0001512605464060578,0.0,0.0002177456449253847
1190.0,65.13267287262121,-54.88331460740679,29.234327162682806,158.07391809777388,nan,nan,nan,nan,1.3838379254440032,0.36758097609766494,1.3838379254440032,0.36758097609766494,nan,nan,nan,nan,0.0,nan,nan,nan,nan,nan,0.0,0.00017306226246862163,nan,nan,0.0,0.0002177456449253847
1191.0,64.86627237619544,-54.98850030361218,29.27000756446242,-25.225868529267178,nan,nan,nan,nan,1.5233750986925576,0.3675809760976649,1.5233750986925576,0.3675809760976649,0.0,0.6243861909226218,nan,nan,0.0,0.00017306226246862163,nan,nan,nan,nan,0.0,0.00017306226246862163,0.0,0.0001512605464060578,0.0,0.0002177456449253847
1192.0,65.13690145192956,-54.88752203525501,29.27000756446242,154.7741314707328,nan,nan,nan,nan,1.1841598332165213,0.367580976097665,1.1841598332165213,0.367580976097665,nan,nan,nan,nan,0.0,nan,nan,nan,nan,nan,0.0,0.00017306226246862163,0.0,0.0001512605464060578,0.0,0.0002177456449253847
1193.0,64.90010101066221,-54.879107179558574,29.278813468259717,-99.24716170017082,nan,nan,nan,nan,nan,nan,nan,nan,nan,nan,nan,nan,nan,nan,nan,nan,nan,nan,nan,nan,nan,nan,nan,nan
1194.0,65.10307281746279,-54.996915159308614,29.278813468259717,80.7528382998292,nan,nan,nan,nan,2.181326276245272,0.367580976097665,2.181326276245272,0.367580976097665,3.9518973738129755,0.6243861909226218,0.0,0.00024048829893735885,0.0,0.00010189651365505374,nan,nan,0.0,0.00027019983828585,0.0,0.00017306226246862163,0.0,0.0001512605464060578,0.0,0.0002177456449253847
1195.0,64.8535866382704,-54.967463164371104,29.28980777555401,-40.0539352401624,nan,nan,nan,nan,0.0,0.3675809760976649,0.0,0.3675809760976649,nan,nan,nan,nan,0.0,nan,nan,nan,nan,nan,0.0,0.00017306226246862163,nan,nan,0.0,0.0002177456449253847
1196.0,65.1495871898546,-54.908559174496084,29.28980777555401,139.9460647598376,nan,nan,nan,nan,0.0,0.36758097609766494,0.0,0.36758097609766494,0.0,0.6243861909226218,nan,nan,0.0,0.00017167131424061956,nan,nan,nan,nan,0.0,0.00017306226246862163,0.0,0.0001512605464060578,0.0,0.0002177456449253847
1197.0,64.94661538305401,-54.8580700403175,29.32778101461543,-120.17513678948126,nan,nan,nan,nan,nan,nan,nan,nan,0.0,0.6243861909226218,nan,nan,0.0,0.00015936511921342623,nan,nan,nan,nan,0.0,0.00017306226246862163,0.0,0.0001512605464060578,0.0,0.0002177456449253847
1198.0,65.05655844507099,-55.01795229854969,29.32778101461543,59.824863210518735,nan,nan,nan,nan,1.823489375770224,0.367580976097665,1.823489375770224,0.367580976097665,0.0,0.6243861909226218,nan,nan,0.0,0.0001231055687858882,nan,nan,nan,nan,0.0,0.00017306226246862163,0.0,0.0001512605464060578,0.0,0.0002177456449253847
1199.0,64.85781521757875,-54.921181458040735,29.33328673879052,-69.5585713185499,nan,nan,nan,nan,nan,nan,nan,nan,nan,nan,nan,nan,nan,nan,nan,nan,nan,nan,nan,nan,nan,nan,0.0,0.0002177456449253847
1200.0,65.14535861054625,-54.95484088082645,29.33328673879052,110.4414286814501,nan,nan,nan,nan,0.0,0.367580976097665,0.0,0.367580976097665,0.0,0.6243861909226218,nan,nan,0.0,7.64267116059081e-05,nan,nan,nan,nan,0.0,0.00017306226246862163,0.0,0.0001512605464060578,0.0,0.0002177456449253847
1201.0,64.93392964512897,-54.862277468165715,29.37173364743304,-114.95599576894216,nan,nan,nan,nan,nan,nan,nan,nan,nan,nan,nan,nan,0.0,nan,nan,nan,nan,nan,0.0,0.00017306226246862163,0.0,0.0001512605464060578,0.0,0.0002177456449253847
1202.0,65.06924418299603,-55.01374487070147,29.37173364743304,65.04400423105784,nan,nan,nan,nan,1.5939901523330566,0.36758097609766494,1.5939901523330566,0.36758097609766494,0.0,0.6243861909226218,nan,nan,0.0,0.00013288612396974284,nan,nan,nan,nan,0.0,0.00017306226246862163,0.0,0.0001512605464060578,0.0,0.0002177456449253847
1203.0,64.8620437968871,-54.98429287576396,29.402349743479206,-28.506777508088923,nan,nan,nan,nan,1.3563771407830687,0.36758097609766494,1.3563771407830687,0.36758097609766494,0.0,0.6243861909226218,nan,nan,0.0,0.00017306226246862163,nan,nan,nan,nan,0.0,0.00017306226246862163,0.0,0.0001512605464060578,0.0,0.0002177456449253847
1204.0,65.1411300312379,-54.891729463103225,29.402349743479206,151.4932224919111,nan,nan,nan,nan,1.2420113083743485,0.367580976097665,1.2420113083743485,0.367580976097665,0.0,0.6243861909226218,nan,nan,0.0,nan,nan,nan,nan,nan,0.0,0.00017306226246862163,0.0,0.0001512605464060578,0.0,0.0002177456449253847
1205.0,64.98044401752077,-54.84965518462107,29.481260270531287,-133.498841406084,nan,nan,nan,nan,1.4775316090350743,0.36758097609766494,1.4775316090350743,0.36758097609766494,1.8902642639367948,0.6243861909226218,nan,nan,0.0,0.00014925991629245484,nan,nan,nan,nan,0.0,0.00017306226246862163,0.0,0.0001512605464060578,0.0,0.0002177456449253847
1206.0,65.02272981060423,-55.02636715424612,29.481260270531287,46.501158593916,nan,nan,nan,nan,2.0289006627440163,0.3675809760976649,2.0289006627440163,0.3675809760976649,0.0,0.6243861909226218,nan,nan,0.0,0.00012607192495692172,nan,nan,nan,nan,0.0,0.00017306226246862163,0.0,0.0001512605464060578,0.0,0.0002177456449253847
1207.0,64.95930112097905,-54.853862612469285,29.526733090275645,-125.36680470104089,nan,nan,nan,nan,nan,nan,nan,nan,nan,nan,nan,nan,0.0,nan,nan,nan,nan,nan,0.0,0.00017306226246862163,nan,nan,0.0,0.0002177456449253847
1208.0,65.04387270714595,-55.0221597263979,29.526733090275645,54.633195298959116,nan,nan,nan,nan,2.0916895679273506,0.36758097609766494,2.0916895679273506,0.36758097609766494,0.0,0.6243861909226218,nan,nan,0.0,0.00011596767942531157,nan,nan,nan,nan,0.0,0.00017306226246862163,0.0,0.0001512605464060578,0.0,0.0002177456449253847
1209.0,64.84935805896207,-54.94642602513002,29.54926696650094,-53.66875675110724,nan,nan,nan,nan,1.5713304988096988,0.36758097609766494,1.5713304988096988,0.36758097609766494,nan,nan,nan,nan,0.0,nan,nan,nan,nan,nan,0.0,0.00017306226246862163,0.0,0.0001512605464060578,0.0,0.0002177456449253847
1210.0,65.15381576916293,-54.929596313737164,29.54926696650094,126.33124324889276,nan,nan,nan,nan,0.0,0.3675809760976649,0.0,0.3675809760976649,0.0,0.6243861909226218,nan,nan,0.0,0.0001223055658937097,nan,nan,nan,nan,0.0,0.00017306226246862163,0.0,0.0001512605464060578,0.0,0.0002177456449253847
1211.0,64.84935805896207,-54.95484088082645,29.571798861666597,-48.376574932368456,nan,nan,nan,nan,1.2026511752721463,0.36758097609766494,1.2026511752721463,0.36758097609766494,0.0,0.6243861909226218,nan,nan,0.0,0.0001544751771415567,nan,nan,nan,nan,0.0,0.00017306226246862163,0.0,0.0001512605464060578,0.0,0.0002177456449253847
1212.0,65.15381576916293,-54.921181458040735,29.571798861666597,131.62342506763156,nan,nan,nan,nan,1.4189797148158965,0.367580976097665,1.4189797148158965,0.367580976097665,1.9033437099529456,0.6243861909226218,nan,nan,0.0,0.00012952376929106112,nan,nan,nan,nan,0.0,0.00017306226246862163,0.0,0.0001512605464060578,0.0,0.0002177456449253847
1213.0,64.85781521757875,-54.98008544791575,29.63005851322709,-31.747775538693563,nan,nan,nan,nan,1.285433230120064,0.36758097609766494,1.285433230120064,0.36758097609766494,0.0,0.6243861909226218,nan,nan,0.0,0.00017190126294533791,nan,nan,nan,nan,0.0,0.00017306226246862163,0.0,0.0001512605464060578,0.0,0.0002177456449253847
1214.0,65.14535861054625,-54.89593689095144,29.63005851322709,148.25222446130644,nan,nan,nan,nan,0.0,0.367580976097665,0.0,0.367580976097665,0.0,0.6243861909226218,nan,nan,0.0,0.00017306226246862163,nan,nan,nan,nan,0.0,0.00017306226246862163,0.0,0.0001512605464060578,0.0,0.0002177456449253847
1215.0,64.92124390720393,-54.86648489601393,29.657511049107235,-109.79503911403717,nan,nan,nan,nan,nan,nan,nan,nan,nan,nan,0.0,nan,0.0,nan,nan,nan,0.0,0.0002579654121536291,0.0,0.00017306226246862163,0.0,0.0001512605464060578,0.0,0.0002177456449253847
1216.0,65.08192992092107,-55.00953744285326,29.657511049107235,70.20496088596285,nan,nan,nan,nan,1.4539085272788828,0.3675809760976649,1.4539085272788828,0.3675809760976649,0.0,0.6243861909226218,nan,nan,0.0,0.0001361868273602734,nan,nan,nan,nan,0.0,0.00017306226246862163,0.0,0.0001512605464060578,0.0,0.0002177456449253847
1217.0,64.90432958997056,-54.87489975171036,29.69398641854563,-102.05158814342715,nan,nan,nan,nan,nan,nan,nan,nan,nan,nan,nan,nan,nan,nan,nan,nan,nan,nan,nan,nan,nan,nan,nan,nan
1218.0,65.09884423815444,-55.00112258715683,29.69398641854563,77.94841185657285,nan,nan,nan,nan,2.410775132204158,0.36758097609766494,2.410775132204158,0.36758097609766494,2.463498588109615,0.6243861909226218,0.0,0.00024187684614678057,0.0,0.00011919265575746388,nan,nan,0.0,0.0002627657069347242,0.0,0.00017306226246862163,0.0,0.0001512605464060578,0.0,0.0002177456449253847
1219.0,64.8535866382704,-54.92538888588895,29.7584304151605,-66.76542368586055,nan,nan,nan,nan,nan,nan,nan,nan,nan,nan,nan,nan,0.0,nan,nan,nan,nan,nan,0.0,0.00017306226246862163,0.0,0.0001512605464060578,0.0,0.0002177456449253847
1220.0,65.1495871898546,-54.95063345297824,29.7584304151605,113.23457631413946,nan,nan,nan,nan,0.0,0.36758097609766494,0.0,0.36758097609766494,0.0,0.6243861909226218,nan,nan,0.0,0.00013034203567134474,nan,nan,nan,nan,0.0,0.00017306226246862163,0.0,0.0001512605464060578,0.0,0.0002177456449253847
1221.0,64.84935805896207,-54.938011169433594,29.777970428504226,-58.92419400687551,nan,nan,nan,nan,1.588616709569875,0.3675809760976649,1.588616709569875,0.3675809760976649,nan,nan,nan,nan,0.0,nan,nan,nan,nan,nan,0.0,0.00017306226246862163,0.0,0.0001512605464060578,0.0,0.0002177456449253847
1222.0,65.15381576916293,-54.938011169433594,29.777970428504226,121.07580599312449,nan,nan,nan,nan,0.0,0.36758097609766494,0.0,0.36758097609766494,0.0,0.6243861909226218,nan,nan,0.0,0.00014489704802644028,nan,nan,nan,nan,0.0,0.00017306226246862163,0.0,0.0001512605464060578,0.0,0.0002177456449253847
1223.0,65.01850123129589,-54.84544775677285,29.77810218117713,-147.82071140013252,nan,nan,nan,nan,nan,nan,nan,nan,nan,nan,nan,nan,0.0,nan,nan,nan,nan,nan,0.0,0.00017306226246862163,nan,nan,0.0,0.0002177456449253847
1224.0,64.98467259682911,-55.03057458209434,29.77810218117713,32.17928859986746,nan,nan,nan,nan,1.4579107497744819,0.3675809760976648,1.4579107497744819,0.3675809760976648,0.0,0.6243861909226218,nan,nan,0.0,0.00013484901237084313,nan,nan,nan,nan,0.0,0.00017306226246862163,0.0,0.0001512605464060578,0.0,0.0002177456449253847
1225.0,64.87472953481213,-54.89593689095144,29.82643227205823,-85.90710685434375,nan,nan,nan,nan,nan,nan,nan,nan,nan,nan,nan,nan,nan,nan,nan,nan,nan,nan,nan,nan,nan,nan,nan,nan
1226.0,65.12844429331287,-54.98008544791575,29.82643227205823,94.09289314565626,nan,nan,nan,nan,1.1445115452670347,0.3675809760976649,1.1445115452670347,0.3675809760976649,2.1445203230439023,0.6243861909226218,nan,nan,0.0,0.00010224045415477088,nan,nan,nan,nan,0.0,0.00017306226246862163,0.0,0.0001512605464060578,0.0,0.0002177456449253847
1227.0,64.87050095550379,-54.900144318799654,29.83007660027522,-83.02243233686212,nan,nan,nan,nan,nan,nan,nan,nan,nan,nan,nan,nan,nan,nan,nan,nan,nan,nan,nan,nan,nan,nan,nan,nan
1228.0,65.13267287262121,-54.97587802006753,29.83007660027522,96.97756766313789,nan,nan,nan,nan,0.0,0.3675809760976649,0.0,0.3675809760976649,0.0,0.6243861909226218,nan,nan,0.0,0.00011424274137061221,nan,nan,nan,nan,0.0,0.00017306226246862163,0.0,0.0001512605464060578,0.0,0.0002177456449253847
1229.0,64.84935805896207,-54.96325573652289,29.844997098556732,-43.13698005543903,nan,nan,nan,nan,0.0,0.36758097609766494,0.0,0.36758097609766494,0.0,0.6243861909226218,nan,nan,0.0,0.0001531732624308036,nan,nan,nan,nan,0.0,0.00017306226246862163,0.0,0.0001512605464060578,0.0,0.0002177456449253847
1230.0,65.15381576916293,-54.9127666023443,29.844997098556732,136.86301994456096,nan,nan,nan,nan,0.0,0.36758097609766494,0.0,0.36758097609766494,0.0,0.6243861909226218,nan,nan,0.0,0.00012680305458747146,nan,nan,nan,nan,0.0,0.00017306226246862163,0.0,0.0001512605464060578,0.0,0.0002177456449253847
1231.0,65.0100440726792,-54.84544775677285,29.85581370845739,-144.6448746773344,nan,nan,nan,nan,1.6873534571093567,0.3675809760976649,1.6873534571093567,0.3675809760976649,nan,nan,nan,nan,0.0,nan,nan,nan,nan,nan,0.0,0.00017306226246862163,nan,nan,0.0,0.0002177456449253847
1232.0,64.9931297554458,-55.03057458209434,29.85581370845739,35.35512532266561,nan,nan,nan,nan,1.340169581657395,0.3675809760976649,1.340169581657395,0.3675809760976649,0.0,0.6243861909226218,nan,nan,0.0,0.0001604100301960693,nan,nan,nan,nan,0.0,0.00017306226246862163,0.0,0.0001512605464060578,0.0,0.0002177456449253847
1233.0,64.87895811412048,-54.891729463103225,29.89829970413518,-88.7851934609521,nan,nan,nan,nan,nan,nan,nan,nan,nan,nan,nan,nan,nan,nan,nan,nan,nan,nan,nan,nan,nan,nan,nan,nan
1234.0,65.12421571400452,-54.98429287576396,29.89829970413518,91.21480653904791,nan,nan,nan,nan,1.6520474915231658,0.36758097609766494,1.6520474915231658,0.36758097609766494,nan,nan,nan,nan,0.0,nan,nan,nan,nan,nan,0.0,0.00017306226246862163,0.0,0.0001512605464060578,0.0,0.0002177456449253847
1235.0,64.86627237619544,-54.90435174664787,29.909205086296108,-80.14574779244488,nan,nan,nan,nan,nan,nan,nan,nan,nan,nan,nan,nan,nan,nan,nan,nan,nan,nan,nan,nan,nan,nan,nan,nan
1236.0,65.13690145192956,-54.97167059221932,29.909205086296108,99.85425220755512,nan,nan,nan,nan,0.0,0.367580976097665,0.0,0.367580976097665,0.0,0.6243861909226218,nan,nan,0.0,0.00014125836101604262,nan,nan,nan,nan,0.0,0.00017306226246862163,0.0,0.0001512605464060578,0.0,0.0002177456449253847
1237.0,64.8535866382704,-54.97587802006753,29.950958816068905,-34.929346830145406,nan,nan,nan,nan,0.0,0.3675809760976649,0.0,0.3675809760976649,0.0,0.6243861909226218,nan,nan,0.0,0.0001551709801248646,nan,nan,nan,nan,0.0,0.00017306226246862163,0.0,0.0001512605464060578,0.0,0.0002177456449253847
1238.0,65.1495871898546,-54.900144318799654,29.950958816068905,145.07065316985458,nan,nan,nan,nan,0.0,0.36758097609766494,0.0,0.36758097609766494,0.0,0.6243861909226218,nan,nan,0.0,0.00017306226246862163,nan,nan,nan,nan,0.0,0.00017306226246862163,0.0,0.0001512605464060578,0.0,0.0002177456449253847
1239.0,64.97198685890407,-54.84965518462107,29.963751779195274,-130.447988212551,nan,nan,nan,nan,2.1301904629817887,0.3675809760976649,2.1301904629817887,0.3675809760976649,0.0,0.6243861909226218,nan,nan,0.0,0.00017306226246862163,nan,nan,nan,nan,0.0,0.00017306226246862163,0.0,0.0001512605464060578,0.0,0.0002177456449253847
1240.0,65.03118696922093,-55.02636715424612,29.963751779195274,49.55201178744901,nan,nan,nan,nan,2.33367078943922,0.367580976097665,2.33367078943922,0.367580976097665,nan,nan,nan,nan,0.0,nan,nan,nan,nan,nan,0.0,0.00017306226246862163,0.0,0.0001512605464060578,0.0,0.0002177456449253847
1241.0,65.0015869140625,-54.84544775677285,30.024614594692206,-141.4951390738948,nan,nan,nan,nan,nan,nan,nan,nan,nan,nan,nan,nan,0.0,nan,nan,nan,nan,nan,0.0,0.00017306226246862163,nan,nan,0.0,0.0002177456449253847
1242.0,65.0015869140625,-55.03057458209434,30.024614594692206,38.50486092610521,nan,nan,nan,nan,1.2386043237223894,0.3675809760976649,1.2386043237223894,0.3675809760976649,0.0,0.6243861909226218,nan,nan,0.0,0.00017306226246862163,nan,nan,nan,nan,0.0,0.00017306226246862163,0.0,0.0001512605464060578,0.0,0.0002177456449253847
