data/PHANGS/NGC1566_gauss_1p5kpc.ecsv
# %ECSV 1.0
# ---
# datatype:
# - {name: ID, datatype: float64, format: .0f, description: Aperture ID}
# - {name: RA, unit: deg, datatype: float64, format: .5f, description: Right Ascension of the aperture center}
# - {name: DEC, unit: deg, datatype: float64, format: .5f, description: Declination of the aperture center}
# - {name: r_gal, unit: kpc, datatype: float64, format: .2f, description: Deprojected galactocentric radius}
# - {name: phi_gal, unit: deg, datatype: float64, format: .2f, description: Deprojected azimuthal angle (0 = receding major axis)}
# - {name: Sigma_mol_gauss, unit: solMass / pc2, datatype: float64, format: .3e, description: Kernel-average molecular gas surface density
#     (S20 alphaCO)}
# - {name: e_Sigma_mol_gauss, unit: solMass / pc2, datatype: float64, format: .1e, description: Stats error on kernel-average molecular
#     gas surface density (S20 alphaCO)}
# - {name: Sigma_atom_gauss, unit: solMass / pc2, datatype: float64, format: .3e, description: Kernel-average atomic gas surface density
#     (PHANGS-HI)}
# - {name: e_Sigma_atom_gauss, unit: solMass / pc2, datatype: float64, format: .1e, description: Stats error on kernel-average atomic
#     gas surface density (PHANGS-HI)}
# - {name: Sigma_star_gauss, unit: solMass / pc2, datatype: float64, format: .3e, description: Kernel-average stellar mass surface density
#     (fiducial)}
# - {name: e_Sigma_star_gauss, unit: solMass / pc2, datatype: float64, format: .1e, description: Stats error on kernel-average stellar
#     mass surface density (fiducial)}
# - {name: Sigma_star_3p6um_gauss, unit: solMass / pc2, datatype: float64, format: .3e, description: Kernel-average stellar mass surface
#     density (3.6um + varying M/L; Leroy+21)}
# - {name: e_Sigma_star_3p6um_gauss, unit: solMass / pc2, datatype: float64, format: .1e, description: Stats error on kernel-average stellar
#     mass surface density (3.6um + varying M/L; Leroy+21)}
# - {name: Sigma_star_3p4um_gauss, unit: solMass / pc2, datatype: float64, format: .3e, description: Kernel-average stellar mass surface
#     density (3.4um + varying M/L; Leroy+21)}
# - {name: e_Sigma_star_3p4um_gauss, unit: solMass / pc2, datatype: float64, format: .1e, description: Stats error on kernel-average stellar
#     mass surface density (3.4um + varying M/L; Leroy+21)}
# - {name: Sigma_SFR_HaW4recal_gauss, unit: solMass / (kpc2 yr), datatype: float64, format: .3e, description: Kernel-average SFR surface
#     density (recalibrated Halpha + WISE4; Belfiore+22)}
# - {name: e_Sigma_SFR_HaW4recal_gauss, unit: solMass / (kpc2 yr), datatype: float64, format: .1e, description: Stats error on kernel-average
#     SFR surface density (recalibrated Halpha + WISE4; Belfiore+22)}
# - {name: Sigma_SFR_FUVW4recal_gauss, unit: solMass / (kpc2 yr), datatype: float64, format: .3e, description: Kernel-average SFR surface
#     density (recalibrated GALEX FUV + WISE4; Belfiore+22)}
# - {name: e_Sigma_SFR_FUVW4recal_gauss, unit: solMass / (kpc2 yr), datatype: float64, format: .1e, description: Stats error on kernel-average
#     SFR surface density (recalibrated GALEX FUV + WISE4; Belfiore+22)}
# - {name: Sigma_SFR_Hacorr_gauss, unit: solMass / (kpc2 yr), datatype: float64, format: .3e, description: Kernel-average SFR surface
[...]
#       value: !astropy.table.SerializedColumn {name: e_Sigma_mol_gauss}
#     e_Sigma_star_3p4um_gauss:
#       __class__: astropy.units.quantity.Quantity
#       unit: !astropy.units.Unit {unit: solMass / pc2}
#       value: !astropy.table.SerializedColumn {name: e_Sigma_star_3p4um_gauss}
#     e_Sigma_star_3p6um_gauss:
#       __class__: astropy.units.quantity.Quantity
#       unit: !astropy.units.Unit {unit: solMass / pc2}
#       value: !astropy.table.SerializedColumn {name: e_Sigma_star_3p6um_gauss}
#     e_Sigma_star_gauss:
#       __class__: astropy.units.quantity.Quantity
#       unit: !astropy.units.Unit {unit: solMass / pc2}
#       value: !astropy.table.SerializedColumn {name: e_Sigma_star_gauss}
#     phi_gal:
#       __class__: astropy.units.quantity.Quantity
#       unit: *id001
#       value: !astropy.table.SerializedColumn {name: phi_gal}
#     r_gal:
#       __class__: astropy.units.quantity.Quantity
#       unit: !astropy.units.Unit {unit: kpc}
#       value: !astropy.table.SerializedColumn {name: r_gal}
# schema: astropy-2.0
ID,RA,DEC,r_gal,phi_gal,Sigma_mol_gauss,e_Sigma_mol_gauss,Sigma_atom_gauss,e_Sigma_atom_gauss,Sigma_star_gauss,e_Sigma_star_gauss,Sigma_star_3p6um_gauss,e_Sigma_star_3p6um_gauss,Sigma_star_3p4um_gauss,e_Sigma_star_3p4um_gauss,Sigma_SFR_HaW4recal_gauss,e_Sigma_SFR_HaW4recal_gauss,Sigma_SFR_FUVW4recal_gauss,e_Sigma_SFR_FUVW4recal_gauss,Sigma_SFR_Hacorr_gauss,e_Sigma_SFR_Hacorr_gauss,Sigma_SFR_HaW4_gauss,e_Sigma_SFR_HaW4_gauss,Sigma_SFR_FUVW4_gauss,e_Sigma_SFR_FUVW4_gauss,Sigma_SFR_NUVW4_gauss,e_Sigma_SFR_NUVW4_gauss,Sigma_SFR_W4ONLY_gauss,e_Sigma_SFR_W4ONLY_gauss
[from data line 30]
30.0,65.02272981060423,-54.94221859728181,4.519652995883805,103.65270916448415,52.753123776668026,0.19399800859616012,nan,nan,204.5190062815921,0.26160691820301113,204.5190062815921,0.26160691820301113,173.02495635220606,0.44437486648488633,0.04038278356839335,0.00031178994829777514,0.03770888906405078,0.0001488184613371903,0.04642463424648942,7.92800623604086e-06,0.04717748142647283,0.0003266728085431632,0.04247358163441225,0.00017306226246862163,0.04808942284838422,0.0001512605464060578,0.04276510273337642,0.0002177456449253847
31.0,64.98467259682911,-54.929596313737164,4.553336946097851,-95.39554660901716,46.038564120028724,0.19629843329722393,nan,nan,228.75829736421846,0.2911711722195803,228.75829736421846,0.2911711722195803,194.1496178949353,0.49459376559344626,0.030367562875355046,0.00030474950805479853,0.03200575669177959,0.00015411531298654358,0.03579104042109225,7.746166631216505e-06,0.03646879090667615,0.00032291917748905824,0.03470836621183388,0.00017306226246862163,0.04331591688484762,0.0001512605464060578,0.03103912501501006,0.0002177456449253847
32.0,65.01850123129589,-54.94642602513002,4.553336946097851,84.60445339098285,55.863238602018924,0.20750335268384637,nan,nan,217.94690119767554,0.3152490580277938,217.94690119767554,0.3152490580277938,189.50989035436004,0.5354933234673707,0.020047880247393852,0.0002844346217402123,0.020804163471992942,0.00014006610447006508,0.0288917803859661,5.771037709139617e-06,0.026108989314370723,0.0003086068328035737,0.02432906111551354,0.00017306226246862163,0.02895618541971934,0.0001512605464060578,0.02324449359642028,0.0002177456449253847
33.0,64.97621543821242,-54.938011169433594,4.962995071418761,-58.924194006875524,21.86167004650702,0.18868464188817255,nan,nan,133.46313368314563,0.2401892813855798,133.46313368314563,0.2401892813855798,111.13392333913082,0.40799410267885367,0.02500054692292806,0.00028820615013507126,0.023304426976935976,0.00015261748695654826,0.03175095824557351,6.727390881472814e-06,0.02872396298536186,0.000304064995273901,0.025535579095085217,0.00017306226246862163,0.02810352048866085,0.0001512605464060578,0.023747041457921936,0.0002177456449253847
34.0,65.02695838991258,-54.938011169433594,4.962995071418761,121.07580599312449,11.053205676576896,0.1388527822018502,nan,nan,153.35311075837782,0.32831448524583917,153.35311075837782,0.32831448524583917,145.97202793849823,0.5576867253677038,0.015156700987474247,0.000277195075636235,0.016234969551242543,0.00014258822592450862,0.01893924448948933,4.491505098560427e-06,0.01970715153969409,0.000301768320248422,0.01870296472935077,0.00017306226246862163,0.02218238861441726,0.0001512605464060578,0.017622065404847228,0.0002177456449253847
35.0,64.98890117613746,-54.92538888588895,5.0545190180096915,-112.36301615674243,38.799081560938845,0.19546749088184256,nan,nan,197.87946713903537,0.28015542099270296,197.87946713903537,0.28015542099270296,166.54877150922601,0.4758820166293928,0.023171401113753272,0.00028746232359306455,0.022026812578405948,0.00014036157929090814,0.03364117912817462,9.362270795918856e-06,0.028920748330848643,0.0003091409302093135,0.025800181108179828,0.00017306226246862163,0.028110132315172405,0.0001512605464060578,0.025107877945238576,0.0002177456449253847
36.0,65.01427265198754,-54.95063345297824,5.0545190180096915,67.63698384325757,49.63463033180213,0.20994664416226388,nan,nan,225.50216340346276,0.3818014247317587,225.50216340346276,0.3818014247317587,201.51657605932917,0.6485415535045352,0.010181808029877391,0.00026943785613725536,0.017182556209199916,0.00014182852849181713,0.014875322075184778,4.900525737196248e-06,0.017013336851508885,0.0003021705718744812,0.019770077704985897,0.00017306226246862163,0.023355086746768415,0.0001512605464060578,0.01802606362064065,0.0002177456449253847
37.0,64.97621543821242,-54.94642602513002,5.345881771542381,-28.50677750809854,3.7061682477506666,0.14040584486959057,nan,nan,101.65502687783409,0.4635074705351627,101.65502687783409,0.4635074705351627,89.5498832784094,0.7873303647649469,0.0019964253837123896,0.00024026782432989716,0.0026399113399260005,0.00012077200098731651,0.0019763910296778163,1.7940798409021623e-06,0.0032766726744322583,0.0002787563939833657,0.0033688637659660837,0.00017306226246862163,0.004166595097310746,0.0001512605464060578,0.0030329506364667217,0.0002177456449253847
38.0,65.02695838991258,-54.929596313737164,5.345881771542381,151.49322249190146,3.661676246045489,0.11880411781625201,nan,nan,79.16274122012776,0.35470977911108065,79.16274122012776,0.35470977911108065,70.63911376380132,0.6025227154392424,0.003479449972297536,0.00024769614595730185,0.005632294276721289,0.0001483914711273629,0.00450774245021794,2.1114550765023038e-06,0.005099011461017573,0.0002815840151015725,0.006149273953001823,0.00017306226246862163,0.008013010682084085,0.0001512605464060578,0.004559790521927328,0.0002177456449253847
39.0,64.98044401752077,-54.95063345297824,5.430398263842807,-10.53919723056304,6.535244999022133,0.13201308287507732,nan,nan,82.83062584996554,0.41822796084834374,82.83062584996554,0.41822796084834374,71.93885127233227,0.7104169703876352,0.002315965879099506,0.0002425116028078101,0.0032564692779546017,0.00012356447446872844,0.002272293425905058,2.7292521747576695e-06,0.003986928790705384,0.000280107059785359,0.004182925969140268,0.00017306226246862163,0.004896129006542827,0.0001512605464060578,0.004072250663497022,0.0002177456449253847
40.0,65.02272981060423,-54.92538888588895,5.430398263842807,169.46080276943698,4.786627687140117,0.11082152950573375,nan,nan,75.506959388343,0.38268029246485036,75.506959388343,0.38268029246485036,69.00950114767586,0.6500344296648184,0.0026939207596470595,0.00024284372486505542,0.00409534127616875,0.00013973877591862805,0.003072333515383853,1.8474349822299056e-06,0.00407516626458327,0.00027855668667887355,0.004657726826127704,0.00017306226246862163,0.005812875515684303,0.0001512605464060578,0.003672145997382054,0.0002177456449253847
41.0,65.0015869140625,-54.921181458040735,5.459020835397326,-141.4951390738948,5.04774178469784,0.1549726873512026,nan,nan,139.5948982171777,0.4649576232397711,139.5948982171777,0.4649576232397711,125.3879926201776,0.7897936460073522,0.0022209101124486363,0.00024291705984447496,0.002927106743297039,0.00011529910215439715,0.003255820115604773,1.4654915443806147e-06,0.003771879347499694,0.0002821133312854769,0.003852289851767593,0.00017306226246862163,0.004631910413163742,0.0001512605464060578,0.003484548305515053,0.0002177456449253847
42.0,65.0015869140625,-54.95484088082645,5.459020835397326,38.50486092610521,7.36640558856613,0.1722164707171485,nan,nan,124.64765917138325,0.45045908664845624,124.64765917138325,0.45045908664845624,nan,nan,nan,nan,nan,nan,0.0020181749601503713,1.6616101461655192e-06,0.003983171060586374,0.00028078355464744115,0.004232894564621298,0.00017306226246862163,0.005127519033507042,0.0001512605464060578,0.004183867378359947,0.0002177456449253847
43.0,65.0100440726792,-54.921181458040735,5.495664197114202,-158.86255090369573,5.656864455819421,0.13574699672520923,nan,nan,nan,nan,nan,nan,nan,nan,nan,nan,nan,nan,0.0020548634072654125,1.3732342561216157e-06,0.003401897776795508,0.0002779955055521174,0.0032407917244593964,0.00017306226246862163,nan,nan,0.00297570587214546,0.0002177456449253847
44.0,64.9931297554458,-54.95484088082645,5.495664197114202,21.137449096304262,4.2380481351355765,0.14604989315400524,nan,nan,92.32040052450377,0.43509649205022194,92.32040052450377,0.43509649205022194,nan,nan,0.0,nan,nan,nan,0.001155437253982069,1.8067625727256849e-06,0.0,0.00027851089314981717,0.003741673596360764,0.00017306226246862163,0.005057114513275397,0.0001512605464060578,0.0032461953011704483,0.0002177456449253847
45.0,64.97198685890407,-54.94221859728181,5.774517120234044,-45.370465067948786,2.41048442173553,0.1269348687189821,nan,nan,77.88532006401635,0.4258246690685042,77.88532006401635,0.4258246690685042,69.78347780900313,0.7233210106333859,0.0015101331563729214,0.00023521061377827063,0.0022086098526915743,0.0001197591049614106,0.001263007129054996,1.0899148055234153e-06,0.0026555248818361616,0.0002753390311589217,0.002844257288210655,0.00017306226246862163,0.003521728562278369,0.0001512605464060578,0.0025944616959427034,0.0002177456449253847
46.0,65.03118696922093,-54.93380374158538,5.774517120234044,134.62953493205123,3.4888642728454338,0.13505586300493938,nan,nan,76.34458975079903,0.38956513111742863,76.34458975079903,0.38956513111742863,71.0271552806585,0.6617292628061779,0.0025209743644016547,0.0002453674447711099,0.004013793743875692,0.000138528860541526,0.002894553473044956,1.5093205676991828e-06,0.003944622310730206,0.00028150753609193935,0.004593600503486979,0.00017306226246862163,0.005820429430333777,0.0001512605464060578,0.0036532331756638377,0.0002177456449253847
47.0,64.9931297554458,-54.921181458040735,5.905346618054467,-125.36680470103346,37.635877652966215,0.19923651146168583,nan,nan,169.4980954058367,0.21004627205580856,169.4980954058367,0.21004627205580856,nan,nan,nan,nan,nan,nan,0.08962490574173722,1.7898776309215994e-05,0.060136228543204905,0.00032241918740006135,0.06187354993676988,0.00017306226246862163,nan,nan,0.055327574384279425,0.0002177456449253847
48.0,65.0100440726792,-54.95484088082645,5.905346618054467,54.63319529896655,14.819208534001602,0.1940448156832167,nan,nan,196.75486975130474,0.47271010430546395,196.75486975130474,0.47271010430546395,nan,nan,nan,nan,nan,nan,0.003658948031695092,2.0866398361065023e-06,0.005696223550129256,0.0002913983928677803,0.006048539868987803,0.00017306226246862163,0.007662539649917988,0.0001512605464060578,0.005727775558137995,0.0002177456449253847
49.0,64.97621543821242,-54.929596313737164,5.965286454412375,-85.90710685433525,11.938239407440575,0.18304615479090486,nan,nan,131.09664210078324,0.31229964086348905,131.09664210078324,0.31229964086348905,107.8655391639365,0.5304833379991003,0.01054960747023948,0.0002693741345969981,0.011592083408007423,0.0001547533390463291,0.014581898933133386,3.5529800222691755e-06,0.012610856740569514,0.0002926998659238543,0.012336784313584936,0.00017306226246862163,0.016206841739113697,0.0001512605464060578,0.008850864876424254,0.0002177456449253847
50.0,65.02695838991258,-54.94642602513002,5.965286454412375,94.09289314566476,16.672291657244998,0.18144204334882186,nan,nan,128.35458344986816,0.25510665541864735,128.35458344986816,0.25510665541864735,108.8076154750163,0.4333332876659473,0.028035150920456473,0.00028764624578369886,0.02709235622892415,0.00014841931381105286,nan,nan,0.033236519032477485,0.0003041046694437607,0.03069647095216461,0.00017306226246862163,0.033864422515749504,0.0001512605464060578,0.03182441954810798,0.0002177456449253847
51.0,65.01850123129589,-54.921181458040735,6.006443884511836,-174.60377941760618,4.480279865542674,0.12830392562299697,nan,nan,62.73465675520522,0.35026604048647425,62.73465675520522,0.35026604048647425,nan,nan,nan,nan,nan,nan,0.0034557214071618634,1.9230734188048488e-06,0.004090584866062257,0.00027766206831409334,0.004489340586240164,0.00017306226246862163,0.005606308816644836,0.0001512605464060578,0.0033140583227330134,0.0002177456449253847
52.0,64.98467259682911,-54.95484088082645,6.006443884511836,5.396220582393816,4.6108922967601025,0.14197369148703562,nan,nan,82.06316681655284,0.4560087715761756,82.06316681655284,0.4560087715761756,nan,nan,0.0,nan,nan,nan,0.0007511068226346044,1.3106034620708963e-06,0.0,0.00027502227604139404,0.0025511383579959047,0.00017306226246862163,0.003296287606578563,0.0001512605464060578,0.002273040435315358,0.0002177456449253847
53.0,64.97198685890407,-54.93380374158538,6.118169045540502,-71.70333521915293,3.6879117738533127,0.14597173647300057,nan,nan,76.76961300045141,0.3332501622173889,76.76961300045141,0.3332501622173889,71.02728417969429,0.5660706427744403,0.002886924050895351,0.00023947253769964987,0.004174318304645449,0.00013189138375497252,0.0032410295327973517,1.3294170642679027e-06,0.004574844870786188,0.00027661413411656844,0.004985161323560329,0.00017306226246862163,0.006238346157054084,0.0001512605464060578,0.004285132048847427,0.0002177456449253847
54.0,65.03118696922093,-54.94221859728181,6.118169045540502,108.29666478084708,5.914143792924017,0.14238167806581975,nan,nan,97.54676223674974,0.32276089519140744,97.54676223674974,0.32276089519140744,91.99085516294524,0.5482531987014297,0.00846807076422674,0.0002693124748503698,0.008000859518031967,0.00014779937600560683,0.012318722726070626,2.6364329150515283e-06,0.009971317315014465,0.0002923535287115422,0.008762456313271423,0.00017306226246862163,0.011893917937691892,0.0001512605464060578,0.006559873376661343,0.0002177456449253847
55.0,64.98044401752077,-54.92538888588895,6.184412948195267,-99.95559361617724,27.54811272330997,0.2002995484135626,nan,nan,134.54647466904433,0.2914487150253382,134.54647466904433,0.2914487150253382,117.87747809677236,0.49506520972840884,0.01652263927204612,0.0002718966852488205,0.018008971482001344,0.0001447455699720813,0.020889598255248866,6.15772928327737e-06,0.02142533893004415,0.0002957552776536115,0.020639489408622987,0.00017306226246862163,0.0232832269896785,0.0001512605464060578,0.02021369956374649,0.0002177456449253847
56.0,65.02272981060423,-54.95063345297824,6.184412948195267,80.04440638382276,37.0330568700867,0.213016718846686,nan,nan,136.46601072800334,0.24289665629806875,136.46601072800334,0.24289665629806875,114.37054662595548,0.41259294652260947,0.01850870438334225,0.00027962539475357557,0.029311819982337197,0.0001695562561074617,0.03860827716137241,8.290334043674268e-06,0.02450733498628769,0.00030373306085045124,0.02969167455877904,0.00017306226246862163,0.0388874838715136,0.0001512605464060578,0.023577405290739258,0.0002177456449253847
57.0,64.96775827959574,-54.938011169433594,6.617326761888902,-58.924194006875524,1.7222704753071354,0.12650759038411105,nan,nan,50.590224553881875,0.4101548621160956,50.590224553881875,0.4101548621160956,47.802724816178056,0.696703716182033,0.0,0.0002288917440792694,0.0019205034940899567,0.00012676464202251693,0.0006865276934928741,1.0176762633652228e-06,0.0,0.0002713816090356564,0.002359102879296818,0.00017306226246862163,0.0030078348954261334,0.0001512605464060578,0.002061168393935106,0.0002177456449253847
58.0,65.03541554852926,-54.938011169433594,6.617326761888902,121.07580599312449,2.763680126179578,0.13385694491183103,nan,nan,50.18577978175278,0.3396219694318455,50.18577978175278,0.3396219694318455,nan,nan,nan,nan,nan,nan,0.002396036619732526,1.042354654329197e-06,0.003651036213672395,0.00027626590093831086,0.0042404984600729915,0.00017306226246862163,0.005137137551009507,0.0001512605464060578,0.0035737649844928576,0.0002177456449253847
59.0,64.97198685890407,-54.95063345297824,6.645190570223946,-21.265771594317414,2.4032844526012918,0.1473324909036627,nan,nan,59.13669319117562,0.4250068234968669,59.13669319117562,0.4250068234968669,52.08464294159753,0.7219317888987388,0.0,0.00023101166026789636,0.0021293884674315694,0.00012929424660815093,nan,nan,0.0,0.00027332232825059364,0.0025698777440559643,0.00017306226246862163,0.003281282770026767,0.0001512605464060578,0.002189723962547129,0.0002177456449253847
60.0,65.03118696922093,-54.92538888588895,6.645190570223946,158.7342284056826,3.165386040687109,0.13735761445234929,nan,nan,51.74234100225761,0.41419013617488215,51.74234100225761,0.41419013617488215,44.67879296247817,0.703558177002185,0.0,0.0002328111269263701,0.001978017766874027,0.00013089419869765555,nan,nan,0.0,0.00027249997996055833,0.0023668644267700683,0.00017306226246862163,0.0028145164381170647,0.0001512605464060578,0.0020063640868131873,0.0002177456449253847
