data/PHANGS/NGC1566_gauss_1p5kpc.ecsv
# %ECSV 1.0
# ---
# datatype:
# - {name: ID, datatype: float64, format: .0f, description: Aperture ID}
# - {name: RA, unit: deg, datatype: float64, format: .5f, description: Right Ascension of the aperture center}
# - {name: DEC, unit: deg, datatype: float64, format: .5f, description: Declination of the aperture center}
# - {name: r_gal, unit: kpc, datatype: float64, format: .2f, description: Deprojected galactocentric radius}
# - {name: phi_gal, unit: deg, datatype: float64, format: .2f, description: Deprojected azimuthal angle (0 = receding major axis)}
# - {name: Sigma_mol_gauss, unit: solMass / pc2, datatype: float64, format: .3e, description: Kernel-average molecular gas surface density
#     (S20 alphaCO)}
# - {name: e_Sigma_mol_gauss, unit: solMass / pc2, datatype: float64, format: .1e, description: Stats error on kernel-average molecular
#     gas surface density (S20 alphaCO)}
# - {name: Sigma_atom_gauss, unit: solMass / pc2, datatype: float64, format: .3e, description: Kernel-average atomic gas surface density
#     (PHANGS-HI)}
# - {name: e_Sigma_atom_gauss, unit: solMass / pc2, datatype: float64, format: .1e, description: Stats error on kernel-average atomic
#     gas surface density (PHANGS-HI)}
# - {name: Sigma_star_gauss, unit: solMass / pc2, datatype: float64, format: .3e, description: Kernel-average stellar mass surface density
#     (fiducial)}
# - {name: e_Sigma_star_gauss, unit: solMass / pc2, datatype: float64, format: .1e, description: Stats error on kernel-average stellar
#     mass surface density (fiducial)}
# - {name: Sigma_star_3p6um_gauss, unit: solMass / pc2, datatype: float64, format: .3e, description: Kernel-average stellar mass surface
#     density (3.6um + varying M/L; Leroy+21)}
# - {name: e_Sigma_star_3p6um_gauss, unit: solMass / pc2, datatype: float64, format: .1e, description: Stats error on kernel-average stellar
#     mass surface density (3.6um + varying M/L; Leroy+21)}
# - {name: Sigma_star_3p4um_gauss, unit: solMass / pc2, datatype: float64, format: .3e, description: Kernel-average stellar mass surface
#     density (3.4um + varying M/L; Leroy+21)}
# - {name: e_Sigma_star_3p4um_gauss, unit: solMass / pc2, datatype: float64, format: .1e, description: Stats error on kernel-average stellar
#     mass surface density (3.4um + varying M/L; Leroy+21)}
# - {name: Sigma_SFR_HaW4recal_gauss, unit: solMass / (kpc2 yr), datatype: float64, format: .3e, description: Kernel-average SFR surface
#     density (recalibrated Halpha + WISE4; Belfiore+22)}
# - {name: e_Sigma_SFR_HaW4recal_gauss, unit: solMass / (kpc2 yr), datatype: float64, format: .1e, description: Stats error on kernel-average
#     SFR surface density (recalibrated Halpha + WISE4; Belfiore+22)}
# - {name: Sigma_SFR_FUVW4recal_gauss, unit: solMass / (kpc2 yr), datatype: float64, format: .3e, description: Kernel-average SFR surface
#     density (recalibrated GALEX FUV + WISE4; Belfiore+22)}
# - {name: e_Sigma_SFR_FUVW4recal_gauss, unit: solMass / (kpc2 yr), datatype: float64, format: .1e, description: Stats error on kernel-average
#     SFR surface density (recalibrated GALEX FUV + WISE4; Belfiore+22)}
# - {name: Sigma_SFR_Hacorr_gauss, unit: solMass / (kpc2 yr), datatype: float64, format: .3e, description: Kernel-average SFR surface
[...]
#       value: !astropy.table.SerializedColumn {name: e_Sigma_mol_gauss}
#     e_Sigma_star_3p4um_gauss:
#       __class__: astropy.units.quantity.Quantity
#       unit: !astropy.units.Unit {unit: solMass / pc2}
#       value: !astropy.table.SerializedColumn {name: e_Sigma_star_3p4um_gauss}
#     e_Sigma_star_3p6um_gauss:
#       __class__: astropy.units.quantity.Quantity
#       unit: !astropy.units.Unit {unit: solMass / pc2}
#       value: !astropy.table.SerializedColumn {name: e_Sigma_star_3p6um_gauss}
#     e_Sigma_star_gauss:
#       __class__: astropy.units.quantity.Quantity
#       unit: !astropy.units.Unit {unit: solMass / pc2}
#       value: !astropy.table.SerializedColumn {name: e_Sigma_star_gauss}
#     phi_gal:
#       __class__: astropy.units.quantity.Quantity
#       unit: *id001
#       value: !astropy.table.SerializedColumn {name: phi_gal}
#     r_gal:
#       __class__: astropy.units.quantity.Quantity
#       unit: !astropy.units.Unit {unit: kpc}
#       value: !astropy.table.SerializedColumn {name: r_gal}
# schema: astropy-2.0
ID,RA,DEC,r_gal,phi_gal,Sigma_mol_gauss,e_Sigma_mol_gauss,Sigma_atom_gauss,e_Sigma_atom_gauss,Sigma_star_gauss,e_Sigma_star_gauss,Sigma_star_3p6um_gauss,e_Sigma_star_3p6um_gauss,Sigma_star_3p4um_gauss,e_Sigma_star_3p4um_gauss,Sigma_SFR_HaW4recal_gauss,e_Sigma_SFR_HaW4recal_gauss,Sigma_SFR_FUVW4recal_gauss,e_Sigma_SFR_FUVW4recal_gauss,Sigma_SFR_Hacorr_gauss,e_Sigma_SFR_Hacorr_gauss,Sigma_SFR_HaW4_gauss,e_Sigma_SFR_HaW4_gauss,Sigma_SFR_FUVW4_gauss,e_Sigma_SFR_FUVW4_gauss,Sigma_SFR_NUVW4_gauss,e_Sigma_SFR_NUVW4_gauss,Sigma_SFR_W4ONLY_gauss,e_Sigma_SFR_W4ONLY_gauss
[from data line 293]
293.0,64.95930112097905,-54.90435174664787,14.52507955356551,-107.11410104291855,nan,nan,nan,nan,5.350704130291427,0.36758097609766494,5.350704130291427,0.36758097609766494,4.317817414109168,0.6243861909226218,0.0,nan,0.0,0.00011494387633794457,nan,nan,0.0,0.00035451694214562235,0.0,0.00017306226246862163,0.0,0.0001512605464060578,0.0,0.0002177456449253847
294.0,65.04387270714595,-54.97167059221932,14.52507955356551,72.88589895708145,nan,nan,nan,nan,nan,nan,nan,nan,nan,nan,0.0,nan,0.0,nan,nan,nan,0.0,0.00026587634795873053,0.0,0.00017306226246862163,0.0,0.0001512605464060578,0.0,0.0002177456449253847
295.0,64.93392964512897,-54.96325573652289,14.635003782231719,-25.22586852926314,nan,nan,nan,nan,6.854721403895702,0.36758097609766494,6.854721403895702,0.36758097609766494,nan,nan,0.0,nan,0.0,nan,nan,nan,0.0,0.00026356234455738567,0.0,0.00017306226246862163,nan,nan,0.0,0.0002177456449253847
296.0,65.06924418299603,-54.9127666023443,14.635003782231719,154.77413147073688,nan,nan,nan,nan,9.47613695863588,0.36758097609766494,9.47613695863588,0.36758097609766494,8.035628117852273,0.6243861909226218,0.0,0.00022151227169289812,0.0,0.0001419069980685062,nan,nan,0.0,0.00026654224430651245,0.0,0.00017306226246862163,0.0,0.0001512605464060578,0.0,0.0002177456449253847
297.0,64.93815822443732,-54.967463164371104,14.647830862716548,-18.629188087555168,nan,nan,nan,nan,8.811669797218375,0.36758097609766494,8.811669797218375,0.36758097609766494,7.437792017926299,0.6243861909226218,0.0,nan,0.0,0.00013670337668006085,nan,nan,0.0,0.0002622927109671837,0.0,0.00017306226246862163,0.0,0.0001512605464060578,0.0,0.0002177456449253847
298.0,65.06501560368768,-54.908559174496084,14.647830862716548,161.37081191244485,nan,nan,nan,nan,13.030327831360276,0.37362552190923326,13.030327831360276,0.37362552190923326,13.47710521416518,0.6346536725948503,0.0,0.0002367710986716499,0.0,0.00015579692241452956,nan,nan,0.0,0.0002686755884793177,0.0,0.00017306226246862163,0.0,0.0001512605464060578,0.0,0.0002177456449253847
299.0,64.92547248651228,-54.94642602513002,14.785899430834668,-48.376574932369444,nan,nan,nan,nan,4.4201853167600476,0.367580976097665,4.4201853167600476,0.367580976097665,3.8398910474139436,0.6243861909226218,0.0,0.00021876722024945323,0.0,0.00011827850534176554,nan,nan,0.0,0.00025946998379110025,0.0,0.00017306226246862163,0.0,0.0001512605464060578,0.0,0.0002177456449253847
300.0,65.07770134161272,-54.929596313737164,14.785899430834668,131.62342506763056,nan,nan,nan,nan,3.073554928317379,0.3675809760976649,3.073554928317379,0.3675809760976649,2.2361627498118675,0.6243861909226218,0.0,nan,0.0,0.00012987255301813916,nan,nan,0.0,0.0002675203247926714,0.0,0.00017306226246862163,0.0,0.0001512605464060578,0.0,0.0002177456449253847
301.0,64.92970106582062,-54.959048308674674,14.815029256613933,-31.747775538689368,nan,nan,nan,nan,nan,nan,nan,nan,nan,nan,0.0,nan,0.0,nan,nan,nan,0.0,0.00026075829389785694,0.0,0.00017306226246862163,nan,nan,0.0,0.0002177456449253847
302.0,65.07347276230438,-54.91697403019251,14.815029256613933,148.25222446131065,nan,nan,nan,nan,6.794614505662222,0.36758097609766494,6.794614505662222,0.36758097609766494,5.739936559802039,0.6243861909226218,0.0,nan,0.0,0.0001182831837999196,nan,nan,0.0,0.0002663180202206719,0.0,0.00017306226246862163,0.0,0.0001512605464060578,0.0,0.0002177456449253847
303.0,64.94238680374566,-54.97167059221932,14.853010863281925,-12.1297519263075,nan,nan,nan,nan,12.744048442337125,0.367580976097665,12.744048442337125,0.367580976097665,10.564536487721348,0.6243861909226218,0.0,0.00022127072220325328,0.0,0.00015870540528657468,nan,nan,0.0,0.00026248358708684175,0.0,0.00017306226246862163,0.0,0.0001512605464060578,0.0,0.0002177456449253847
304.0,65.06078702437934,-54.90435174664787,14.853010863281925,167.87024807369252,nan,nan,nan,nan,12.819083545997069,0.3675809760976649,12.819083545997069,0.3675809760976649,10.718760254310627,0.6243861909226218,0.0,0.00022399116022583799,0.0,0.00014969822985390205,nan,nan,0.0,0.0002675840635188701,0.0,0.00017306226246862163,0.0,0.0001512605464060578,0.0,0.0002177456449253847
305.0,64.92547248651228,-54.938011169433594,14.888985214253504,-58.924194006875524,nan,nan,nan,nan,4.730884776538381,0.3675809760976649,4.730884776538381,0.3675809760976649,3.584220126927796,0.6243861909226218,0.0,0.0002238263962558982,0.0,0.00011332381187868375,nan,nan,0.0,0.0002609445529284506,0.0,0.00017306226246862163,0.0,0.0001512605464060578,0.0,0.0002177456449253847
306.0,65.07770134161272,-54.938011169433594,14.888985214253504,121.07580599312449,nan,nan,nan,nan,3.110553013675888,0.3675809760976648,3.110553013675888,0.3675809760976648,2.101234296465592,0.6243861909226218,0.0,nan,0.0,0.00013257984078234052,nan,nan,0.0,0.0002703544405017654,0.0,0.00017306226246862163,0.0,0.0001512605464060578,0.0,0.0002177456449253847
307.0,65.01427265198754,-54.891729463103225,14.896096414121471,-151.00333706160743,nan,nan,nan,nan,8.777408692239993,0.3675809760976649,8.777408692239993,0.3675809760976649,nan,nan,0.0,nan,0.0,nan,nan,nan,0.0,0.00026292217979031384,0.0,0.00017306226246862163,0.0,0.0001512605464060578,0.0,0.0002177456449253847
308.0,64.98890117613746,-54.98429287576396,14.896096414121471,28.99666293839256,nan,nan,nan,nan,11.96823643010056,0.27427982545622814,11.96823643010056,0.27427982545622814,9.550456099615968,0.465901519936205,0.0013060179042045884,0.000244507528290955,0.0016850797375648084,0.00017306226246862163,nan,nan,0.001444026108207087,0.00026399942556891556,0.0016850797375648084,0.00017306226246862163,0.0022687395501066127,0.0001512605464060578,0.0008275023406550644,0.0002177456449253847
309.0,64.93815822443732,-54.91697403019251,14.913216136029765,-85.9071068543474,nan,nan,nan,nan,5.392945067591446,0.367580976097665,5.392945067591446,0.367580976097665,nan,nan,0.0,nan,0.0,nan,nan,nan,0.0,0.000259538519922724,0.0,0.00017306226246862163,0.0,0.0001512605464060578,0.0,0.0002177456449253847
310.0,65.06501560368768,-54.959048308674674,14.913216136029765,94.09289314565261,nan,nan,nan,nan,3.4259977064009806,0.36758097609766494,3.4259977064009806,0.36758097609766494,nan,nan,0.0,nan,0.0,nan,nan,nan,0.0,0.00029970933517251577,0.0,0.00017306226246862163,0.0,0.0001512605464060578,0.0,0.0002177456449253847
311.0,65.00581549337085,-54.891729463103225,14.927906854227544,-144.64487467733463,nan,nan,nan,nan,9.281124461372617,0.367580976097665,9.281124461372617,0.367580976097665,7.487453636818428,0.6243861909226218,0.0,0.00021254543208164793,0.0,0.00014996601360385057,nan,nan,0.0,0.00026169460056857364,0.0,0.00017306226246862163,0.0,0.0001512605464060578,0.0,0.0002177456449253847
312.0,64.99735833475415,-54.98429287576396,14.927906854227544,35.355125322665366,nan,nan,nan,nan,10.466193837441915,0.234605143175348,10.466193837441915,0.234605143175348,8.276535888307523,0.39850868582271665,0.00205880759018323,0.0002517181920056808,0.002454831895527615,0.00017306226246862163,nan,nan,0.002237551940552297,0.0002675286835420512,0.002454831895527615,0.00017306226246862163,0.0032727442264205344,0.0001512605464060578,0.0013271092741652404,0.0002177456449253847
313.0,64.93392964512897,-54.921181458040735,14.954602543147502,-80.14574779244101,nan,nan,nan,nan,4.973843884566463,0.3675809760976649,4.973843884566463,0.3675809760976649,nan,nan,0.0,nan,0.0,nan,nan,nan,0.0,0.0002595373938738386,0.0,0.00017306226246862163,0.0,0.0001512605464060578,0.0,0.0002177456449253847
314.0,65.06924418299603,-54.95484088082645,14.954602543147502,99.854252207559,nan,nan,nan,nan,3.053445963650612,0.367580976097665,3.053445963650612,0.367580976097665,2.0865337558900063,0.6243861909226218,0.0,nan,0.0,0.0001380075996429896,nan,nan,0.0,0.00026782996529496676,0.0,0.00017306226246862163,0.0,0.0001512605464060578,0.0,0.0002177456449253847
315.0,65.04387270714595,-54.89593689095144,15.016109711280318,-174.60377941759182,nan,nan,nan,nan,12.15744169044328,0.36758097609766494,12.15744169044328,0.36758097609766494,10.19368677045024,0.6243861909226218,0.0,0.00022668156668473506,0.0,0.0001720974368024516,nan,nan,0.0,0.0002657404415117386,0.0,0.00017306226246862163,0.0,0.0001512605464060578,0.0,0.0002177456449253847
316.0,64.95930112097905,-54.98008544791575,15.016109711280318,5.3962205824081755,nan,nan,nan,nan,14.874108523074055,0.3675809760976649,14.874108523074055,0.3675809760976649,13.100264734719461,0.6243861909226218,0.0,0.00023215072267876278,0.0,0.00017306226246862163,nan,nan,0.0,0.00026342660684039253,0.0,0.00017306226246862163,0.0,0.0001512605464060578,0.0,0.0002177456449253847
317.0,64.94238680374566,-54.9127666023443,15.022568516520533,-91.64231243409755,nan,nan,nan,nan,4.1521306988253315,0.3675809760976649,4.1521306988253315,0.3675809760976649,nan,nan,0.0,nan,0.0,nan,nan,nan,0.0,0.00025954233144519353,0.0,0.00017306226246862163,0.0,0.0001512605464060578,0.0,0.0002177456449253847
318.0,65.06078702437934,-54.96325573652289,15.022568516520533,88.35768756590245,nan,nan,nan,nan,3.514600331214897,0.367580976097665,3.514600331214897,0.367580976097665,2.176475654946111,0.6243861909226218,0.0,nan,0.0,0.00012885051547449478,nan,nan,0.0,0.0002658665619909616,0.0,0.00017306226246862163,0.0,0.0001512605464060578,0.0,0.0002177456449253847
319.0,65.02272981060423,-54.891729463103225,15.047212379484693,-157.31117930933706,nan,nan,nan,nan,9.566692290511318,0.367580976097665,9.566692290511318,0.367580976097665,nan,nan,0.0,nan,0.0,nan,nan,nan,0.0,0.00026317645820534357,0.0,0.00017306226246862163,0.0,0.0001512605464060578,0.0,0.0002177456449253847
320.0,64.98044401752077,-54.98429287576396,15.047212379484693,22.688820690662922,nan,nan,nan,nan,9.589169033794308,0.26544601116530125,9.589169033794308,0.26544601116530125,8.051502390589707,0.45089608707897216,0.0,0.00023976172657984388,0.0016966601237101823,0.00017306226246862163,nan,nan,0.0,0.0002632611043719907,0.0016966601237101823,0.00017306226246862163,0.0020425198788543908,0.0001512605464060578,0.0010150596075241413,0.0002177456449253847
321.0,64.97621543821242,-54.89593689095144,15.112990256956023,-122.4910253023454,nan,nan,nan,nan,5.54793487669265,0.36758097609766494,5.54793487669265,0.36758097609766494,nan,nan,0.0,nan,0.0,nan,nan,nan,0.0,0.00026102457741635556,0.0,0.00017306226246862163,0.0,0.0001512605464060578,0.0,0.0002177456449253847
322.0,65.02695838991258,-54.98008544791575,15.112990256956023,57.50897469765461,nan,nan,nan,nan,4.620347848810701,0.3675809760976649,4.620347848810701,0.3675809760976649,3.49464776865955,0.6243861909226218,0.0,nan,0.0,0.00014277890023944677,nan,nan,0.0,0.0002622792114318431,0.0,0.00017306226246862163,0.0,0.0001512605464060578,0.0,0.0002177456449253847
323.0,64.99735833475415,-54.891729463103225,15.141490824961416,-138.3898771111599,nan,nan,nan,nan,9.627742030940816,0.36758097609766494,9.627742030940816,0.36758097609766494,nan,nan,0.0,nan,0.0,nan,nan,nan,0.0,0.00026215043663288675,0.0,0.00017306226246862163,nan,nan,0.0,0.0002177456449253847
324.0,65.00581549337085,-54.98429287576396,15.141490824961416,41.61012288884011,nan,nan,nan,nan,9.210672155380882,0.367580976097665,9.210672155380882,0.367580976097665,7.559762070771842,0.6243861909226218,0.0,0.0002196980690910801,0.0,0.00017106898536563235,nan,nan,0.0,0.0002635436533531355,0.0,0.00017306226246862163,0.0,0.0001512605464060578,0.0,0.0002177456449253847
325.0,64.92970106582062,-54.92538888588895,15.145492066762026,-74.473038835772,nan,nan,nan,nan,4.712285315381272,0.36758097609766494,4.712285315381272,0.36758097609766494,nan,nan,0.0,nan,0.0,nan,nan,nan,0.0,0.0002660337725277272,0.0,0.00017306226246862163,0.0,0.0001512605464060578,0.0,0.0002177456449253847
326.0,65.07347276230438,-54.95063345297824,15.145492066762026,105.526961164228,nan,nan,nan,nan,3.0379394732179352,0.3675809760976649,3.0379394732179352,0.3675809760976649,3.589873456149208,0.6243861909226218,0.0,nan,0.0007980614787313559,0.00017148321758315158,nan,nan,0.0,0.00027561966863096966,0.0008032118386449448,0.00017306226246862163,0.0009515352521857221,0.0001512605464060578,0.0007098022175258611,0.0002177456449253847
327.0,64.9635297002874,-54.900144318799654,15.163557054029432,-112.36301615675511,nan,nan,nan,nan,5.205677193986325,0.3675809760976649,5.205677193986325,0.3675809760976649,5.645740590732503,0.6243861909226218,0.0,nan,0.0,0.00011375882286717809,nan,nan,0.0,0.00026118075208637296,0.0,0.00017306226246862163,0.0,0.0001512605464060578,0.0,0.0002177456449253847
328.0,65.0396441278376,-54.97587802006753,15.163557054029432,67.63698384324489,nan,nan,nan,nan,3.7423046934215405,0.3675809760976649,3.7423046934215405,0.3675809760976649,2.7683905617740594,0.6243861909226218,0.0,nan,0.0,0.0001239237873957077,nan,nan,0.0,0.00026317537638084125,0.0,0.00017306226246862163,0.0,0.0001512605464060578,0.0,0.0002177456449253847
329.0,64.92547248651228,-54.95484088082645,15.18104797067401,-38.03413357052912,nan,nan,nan,nan,4.955932910867516,0.3675809760976649,4.955932910867516,0.3675809760976649,4.178075244934548,0.6243861909226218,0.0,0.00021891700869471973,0.0,0.00011656776980187625,nan,nan,0.0,0.00025908459062667726,0.0,0.00017306226246862163,0.0,0.0001512605464060578,0.0,0.0002177456449253847
330.0,65.07770134161272,-54.921181458040735,15.18104797067401,141.9658664294709,nan,nan,nan,nan,nan,nan,nan,nan,nan,nan,nan,nan,0.0,nan,nan,nan,nan,nan,0.0,0.00017306226246862163,nan,nan,0.0,0.0002177456449253847
331.0,64.94661538305401,-54.97587802006753,15.242778089049093,-5.885028050383817,nan,nan,nan,nan,14.603841331646377,0.36758097609766494,14.603841331646377,0.36758097609766494,12.495402598460966,0.6243861909226218,0.0,0.00023330838922457723,0.0014617454559883887,0.00017306226246862163,nan,nan,0.0,0.0002628228051343463,0.0014617454559883887,0.00017306226246862163,0.002078255954761489,0.0001512605464060578,0.0007450873674299202,0.0002177456449253847
332.0,65.05655844507099,-54.900144318799654,15.242778089049093,174.1149719496162,nan,nan,nan,nan,13.425231065156478,0.367580976097665,13.425231065156478,0.367580976097665,12.884329471306893,0.6243861909226218,0.0,0.00022459976398822432,0.0,0.0001496419293319011,nan,nan,0.0,0.0002655700012641224,0.0,0.00017306226246862163,0.0,0.0001512605464060578,0.0,0.0002177456449253847
333.0,64.94661538305401,-54.908559174496084,15.279423587439188,-97.2396158687664,nan,nan,nan,nan,4.240583668249202,0.3675809760976649,4.240583668249202,0.3675809760976649,nan,nan,0.0,nan,0.0,nan,nan,nan,0.0,0.0002597439519287612,0.0,0.00017306226246862163,0.0,0.0001512605464060578,0.0,0.0002177456449253847
334.0,65.05655844507099,-54.967463164371104,15.279423587439188,82.7603841312336,nan,nan,nan,nan,3.2529200318253153,0.36758097609766505,3.2529200318253153,0.36758097609766505,1.941468765728938,0.6243861909226218,0.0,nan,0.0,0.00013094621199548137,nan,nan,0.0,0.00026397503080915813,0.0,0.00017306226246862163,0.0,0.0001512605464060578,0.0,0.0002177456449253847
335.0,65.03118696922093,-54.891729463103225,15.375862222719032,-163.42143912950962,nan,nan,nan,nan,8.488753166071712,0.27967306890348226,8.488753166071712,0.27967306890348226,7.116953952786984,0.4750626761214335,0.0,0.0002252190251068366,0.0013965172054648174,0.00017306226246862163,nan,nan,0.0,0.0002650546923675472,0.0013965172054648174,0.00017306226246862163,0.0017387302380934457,0.0001512605464060578,0.0009242853815955704,0.0002177456449253847
336.0,64.97198685890407,-54.98429287576396,15.375862222719032,16.578560870490392,nan,nan,nan,nan,10.279382788130365,0.32978888090584485,10.279382788130365,0.32978888090584485,8.873891302653812,0.5601911865610905,0.0,0.00022745696907127755,0.0009736756977090491,0.00015572690380071295,nan,nan,0.0,0.0002615308062671488,0.0010347971635777766,0.00017306226246862163,0.0011892160069534217,0.0001512605464060578,0.0007672366423153396,0.0002177456449253847
